96 97
2593 6174 4213 9280 5901 804 3968 5262 6962 5298 6210 7075 98 3329 1564 3312 7341 1497 3338 7825 5769 4966 7950 1035 8223 325 8239 5727 6553 5063 902 6185 7131 5983 8107 9022 2891 5392 6590 9108 2778 4820 6085 7684 6999 2206 6599 7268 9167 2029 4759 4963 1179 7509 2703 9197 9222 2807 2239 7258 2818 1529 1717 7253 7016 875 3402 9077 6624 820 6189 8424 760 4276 178 1198 3453 7150 8835 6738 7366 119 6873 7049 7734 8831 5433 7113 7530 3789 2098 7789 1455 7783 6039 4785 2570
3165 8401 6428 1943 3346 1500 1888 4832 5695 1478 4857 6465 4193 8784 3567 1875 7516 7012 438 1588 8881 5804 739 3770 6968 3473 513 3747 4014 5752 4272 4799 7126 1635 6360 6292 3912 1025 2470 1309 4284 6280 5113 3464 8754 2748 3970 7772 1168 5868 5932 1894 1712 3009 3748 5498 7287 6698 6115 1192 3315 2906 5712 5242 1725 7317 458 3511 2835 2146 7493 8675 8113 6821 6694 7025 4715 378 6711 4795 5579 2633 3007 1601 6155 9004 7916 7549 723 2739 8163 7056 5085 7180 4493 101 8676
6816 2715 1605 3060 6282 9088 7451 683 2442 8682 6161 3945 8093 8051 3911 4498 766 2406 7469 3690 5818 2814 6126 9175 2241 1116 9201 594 3984 4037 4091 3309 745 173 1518 7238 1761 5231 2934 9133 2193 9190 7101 5815 913 3394 5979 5539 1481 4733 6987 2627 6326 609 2507 5667 4639 1607 3625 8786 6979 4171 6285 7910 2746 8793 1576 1084 111 6664 3381 7364 7477 2105 3767 872 5739 6430 1108 1609 2472 8522 4047 5934 4717 7636 1411 8317 46 4186 3019 7831 3229 7188 5473 7397 6784
5673 7569 8830 7124 2085 6425 29 9104 9132 5931 5914 5290 1790 5071 5653 792 7033 1898 8453 3554 7633 9171 3274 8119 9074 5351 2109 9137 8866 2110 5069 5646 151 2694 5693 1143 4386 2299 4979 3579 6116 7526 7854 1310 3106 8677 3498 9045 5411 6470 9100 1767 841 2219 6181 8404 3986 2517 8374 3071 4951 5626 7034 7351 6739 1591 3942 8500 1906 3761 3297 5308 7774 8413 7449 9152 6576 2271 1060 3813 5599 7547 6409 850 4875 1536 2788 3204 574 7528 9218 8701 9067 5363 3389 6343 3252
2269 1375 672 5765 7870 4546 9142 5844 6167 3868 9003 2862 5857 4240 5157 3760 6601 6558 5342 1762 5848 7434 3100 5100 4061 1944 7651 6413 2141 3866 7098 4650 8533 522 3216 5922 5349 8947 4363 2858 6888 645 9212 1543 2613 1776 4260 7958 5111 8707 3380 6429 5199 4082 7551 8538 3496 3722 6289 3504 9220 5474 7357 8923 7965 4873 8415 7201 8333 3950 7617 7358 6380 3566 2291 4524 1370 8758 105 6777 2581 1816 4532 6057 9158 6464 4576 4090 6095 5179 3030 3592 6456 8434 4775 3332 7334
3446 2332 4530 4528 5034 9178 7524 5638 238 3291 239 4842 8455 998 3175 763 8315 5376 8454 676 1839 1917 5240 2671 3495 2925 8952 2477 8327 7762 3737 3045 7031 1447 3988 9145 8120 9237 1693 2568 5365 4312 9017 1390 8646 5454 6390 4552 2454 8372 3164 3285 9216 5771 6972 4356 9268 4011 8583 2919 6206 5027 5080 4019 1956 7769 2056 1697 1921 6034 1072 5008 5387 2303 3463 6796 6954 5544 1669 1393 944 5845 7550 1245 816 1664 6310 167 3793 8846 3611 2062 4336 8041 8620 4876 4685
7686 4278 4563 3991 3088 6261 5556 4457 8026 519 1385 447 266 5449 6367 5750 1552 8847 6829 2221 6934 6634 3996 4960 9114 5853 2311 5640 8613 8788 740 4558 2955 2786 8380 1594 5371 7232 4483 733 9193 1397 901 1361 2887 3457 7148 2735 4140 4365 5774 4841 8347 2689 4146 5484 6447 4590 1913 8116 405 5273 376 411 5659 1175 3724 2202 6103 1200 5684 8427 7394 6651 2948 2331 3930 8753 1488 7909 5435 8144 4835 3263 5772 6142 2015 2446 2874 1213 5518 467 1922 7680 8425 7227 7377
8325 596 6329 496 6511 6145 5016 7373 2701 3863 5396 9117 2931 2485 2803 4024 6580 1054 5604 3593 8912 8746 6026 640 2053 9290 8577 8202 4883 6779 3429 7846 6973 3854 7736 1400 5906 567 344 7881 2991 9179 7834 351 3176 5846 5694 8783 1982 6217 6117 3075 6087 712 1265 2220 3718 7093 6955 3272 4408 6528 1546 7323 5592 5047 229 8696 5929 7622 8222 221 6412 8858 2958 340 2366 4514 752 7667 3623 1742 2657 928 8326 2588 3685 6847 2162 6111 9121 731 2274 7591 3783 4051 5235
1125 704 6484 1757 8704 2944 4996 8449 5483 231 3688 1110 7939 8657 5123 8224 5289 6668 4000 2475 3824 7606 7868 7467 1365 8829 7654 7520 2974 8216 6910 5203 7543 8635 1801 2621 3057 3079 7481 2158 7480 2537 7711 156 4641 5236 7460 6368 550 4581 283 5675 7426 2466 7851 4159 1246 4601 7182 1643 8557 629 4477 3484 2655 6692 3588 3203 8543 1065 6667 684 3298 8070 7697 7981 2566 5537 5514 9101 6135 4385 7630 3878 4694 7602 427 3740 6079 856 4319 6281 5647 1892 1861 7433 5078
5074 1786 4571 3556 907 1204 5035 1984 6348 4417 4136 8485 8640 3085 7858 4287 4062 5154 294 5828 983 1626 5064 5122 7612 7538 6196 3619 8121 443 4566 1286 4033 4318 5637 3087 8471 2194 8258 5403 9170 6460 6660 7296 2279 2962 6102 4871 584 158 8090 3728 2506 5631 185 7649 8945 9143 4086 4184 1556 7432 547 7882 4846 4160 7385 5881 4046 7382 1732 6270 9226 3280 2415 6767 7008 7193 2309 4933 551 9288 318 4093 8510 8996 8406 4073 1027 1890 800 5309 3893 5908 4998 1445 6707
1006 8632 2640 8974 5398 1162 8056 5418 7791 1805 4769 768 6622 1557 3605 3696 8359 6481 8999 776 9176 2674 6579 6088 5850 2863 3962 3127 1358 7742 1830 4059 4575 1795 8042 5029 5250 3021 7416 2240 4473 6701 7330 7035 7465 6131 5239 3458 1985 3647 2539 8520 4038 3559 6719 3551 311 4920 2235 3296 2832 1028 8898 7891 2244 7186 6566 5814 5444 2873 4279 525 2829 577 8981 3301 4878 3201 3008 4584 8369 7947 6986 9002 1608 6480 7778 1149 6514 4344 4165 6814 6264 6807 456 8183 1382
6062 6294 5627 3977 4637 4982 4345 9115 6331 9162 3555 5658 4661 7044 859 1788 4155 8096 278 6119 2957 3412 6241 1668 7001 1534 3105 6443 2897 2992 8022 3184 4427 5770 6992 6149 7262 6308 295 9276 557 5170 7853 2118 7735 5401 3300 1897 6918 5086 8431 4202 502 811 7456 3348 5590 4127 7440 4434 7267 2363 3449 5980 682 4983 7436 6536 7615 1504 3188 6672 232 8133 6424 7298 7013 3561 5280 5098 6689 4688 6956 6000 1703 8989 6944 6471 6043 6629 4648 3020 7274 5201 8609 8697 5786
2449 6688 8232 2078 4021 8622 3177 1263 342 3438 3655 4131 7471 4906 5278 6031 3836 6686 4633 625 8595 1120 7613 280 857 1253 3488 6768 3037 5840 6049 3953 2082 7047 5991 9192 6726 8294 9081 8936 3587 9293 1700 4786 953 923 5227 3194 2844 2115 9165 1629 8078 4889 8899 1727 614 3393 9090 8781 9153 4294 3479 4007 4277 3420 1386 8208 6042 5443 6980 2033 2886 1000 2609 3383 3428 6455 7478 1549 2884 7295 9285 2355 5873 3629 6756 1660 3162 1453 8306 8472 8336 4069 8513 8785 900
8114 7163 4428 4825 7208 464 92 2853 3186 4902 5893 5650 9096 5812 6114 4777 2428 1724 8540 6914 6212 2793 9270 5493 5096 5391 1223 9305 8154 8055 8511 7325 837 1007 8854 8524 3046 3528 6838 5461 9247 1633 1146 8464 3732 1216 1634 681 643 345 4915 3757 4403 7840 5022 8997 6305 5321 5244 6679 1806 3507 775 7344 6244 7196 3895 4300 716 6122 7737 1405 6561 7472 5549 2013 952 7082 3886 3351 8201 6584 7005 3486 6697 3830 2670 8271 5542 3245 1394 9054 8034 5192 7754 8304 1295
3881 9120 4811 7880 698 7785 5601 975 2645 1101 4138 4593 6769 4744 6632 6994 5137 4967 4416 337 2763 7955 30 292 3343 7565 4850 2401 7518 2548 7256 1269 7435 4157 4481 5719 8655 1758 6915 7461 6811 2771 5120 1218 3469 7213 2126 3604 2656 4725 799 8399 5975 5866 4172 7368 1391 3423 3672 7527 6045 628 5313 5698 6154 6274 4442 8756 2646 5586 5788 8749 7835 3759 7632 3910 806 1520 8558 8561 4730 4275 6110 261 8582 2455 6574 7861 3471 1280 3340 5967 4354 7998 1662 3894 2041
2644 6075 2365 6025 1057 5759 4599 8439 8630 1621 5728 5099 7967 4502 4666 6500 836 8663 8593 4274 1261 6398 8584 107 1946 908 1619 6630 6023 5994 3608 5195 6820 8061 7532 3001 6202 3599 3276 153 3716 4802 7048 5629 540 5458 5758 911 483 5188 7745 8283 679 2551 1435 8971 2781 2563 2582 131 8263 1582 6421 5856 2459 24 7062 3058 3128 3324 3462 8884 8176 4779 6932 7294 8405 4989 7178 5238 2037 8109 6257 9146 5998 2495 1798 4070 2161 4447 1451 17 8802 6941 3189 4264 7696
4632 3032 380 2179 9084 7665 5460 7743 2112 7624 6454 555 6234 3527 4583 2759 6567 2270 5955 2383 4052 5961 7498 2083 1726 4458 6418 5121 6505 5889 4985 5374 8900 4400 4706 7864 8811 7363 27 1515 4797 6879 7244 526 8248 7022 6171 8397 4330 4980 1880 2523 6677 2651 5168 1434 3814 5721 2364 6781 8083 5315 8126 2157 8800 1426 6403 6597 4560 2450 7362 6799 4851 1522 2191 4913 6526 2408 5045 611 8532 8484 4890 8864 2737 4353 7014 1097 561 1535 7414 1834 8885 2434 8636 8926 6011
1440 339 6936 3373 1195 5903 2122 9221 5950 6365 1303 6653 8750 183 4749 6483 3675 2975 7100 3590 5508 7845 5075 6872 4710 7491 5619 159 1211 9186 5054 6849 965 3654 6638 8719 3927 994 9157 8148 7683 4784 955 639 3563 569 6863 6423 7134 2908 45 7575 2493 1380 8590 3562 3470 3437 7755 595 6516 35 8395 5385 6772 2850 1367 3790 13 8046 4137 2961 909 1872 1960 6901 1924 2479 6052 8653 4944 4768 8824 5696 6612 7425 1841 2297 1499 9064 4092 6016 6659 4572 9164 3717 5180
7505 6588 735 2867 201 457 1854 6924 3341 383 4673 817 1094 2531 4611 7454 2278 5724 2946 5910 6415 1444 2356 8658 9230 4035 9185 1823 1207 1107 7666 1734 269 4359 654 282 6759 8712 5852 9262 5306 1037 7324 3552 6504 2486 72 4180 4881 7181 6785 539 3877 6625 3678 8185 485 8875 1561 6859 7154 571 2705 8536 6020 3396 7895 5462 5708 350 5393 878 2018 5809 7147 6549 4663 7297 2213 7770 6488 2182 3148 5682 3523 6533 4506 9291 2344 6108 3266 3764 8662 9184 3097 6188 3917
3709 4912 2246 2723 5527 5796 2292 4776 529 3768 9138 6718 2209 7403 8355 1161 5697 6605 3243 2032 7503 6627 5161 1344 3870 1061 8748 6473 3662 7096 7824 7409 2819 1818 7805 271 142 877 8261 7790 8760 1651 5254 3004 36 3808 8265 9281 5789 6535 6885 4228 4295 1312 8244 5895 3928 6352 7228 6405 8081 588 3668 1038 9308 2800 8466 7806 7289 997 570 6845 2224 5665 2386 334 6645 2165 8104 7759 3706 742 5427 6803 5468 5356 1586 4620 1062 2928 7668 8429 3308 8892 8647 4882 1996
631 6184 6842 3577 7644 4109 7859 4621 5378 5767 8639 7894 3630 3333 685 1778 4133 8939 7211 8826 1299 7991 4210 7948 732 1513 8672 7406 8956 276 3799 7173 1050 112 9234 5087 4538 8994 260 2812 5332 5320 2460 6076 7215 2378 6350 565 2247 9166 8489 7661 4932 1885 6869 3982 8268 3284 8274 3645 1421 3408 7401 4874 327 7727 938 1354 274 3399 4068 4410 1563 3492 6735 8027 9036 8770 1256 8987 1677 300 6907 2419 8403 3723 2742 1457 8567 298 9238 6487 8174 8303 7245 4574 9282
4923 3751 7350 2302 2745 3173 2743 7497 7170 835 8310 4232 3730 3981 5424 6554 8311 5859 5428 1686 4833 6900 7595 1781 5319 1737 7475 7431 2413 9235 4929 341 236 4752 5311 7354 7050 5446 7911 1001 4435 6417 5372 1439 4487 4518 7172 78 4978 2399 4173 2602 8973 3365 6338 5023 44 4340 8961 6582 8211 8499 3268 7177 2293 6225 8054 3083 1589 1666 721 1930 6318 2354 3847 6386 5181 5291 3185 1184 5974 6791 6663 9254 6351 6762 3531 8654 8863 1571 6790 3461 4872 6278 3314 7084 7305
5076 5318 7996 3133 6824 1364 2461 64 6370 9148 1748 6864 7300 402 3826 8363 1519 858 3242 899 7077 8067 3223 5202 3497 4649 3896 8221 2692 5509 8979 2304 910 5116 8478 759 2104 8928 6656 5010 3443 6512 2187 2382 5585 1947 5580 2963 7411 2250 26 1835 8025 1197 225 6105 5954 1494 8465 5347 7808 586 4509 1063 1469 1215 8776 3994 4364 6978 8194 2624 9053 6499 403 3705 1676 2362 7002 6340 8032 1953 8309 4918 9069 7786 7700 7387 5762 4415 1994 1187 7944 9246 5340 96 7320
5134 4299 7028 5711 1845 6493 8969 4392 989 4959 3501 730 1768 6156 5090 5898 8909 3126 3081 2981 8848 4664 1558 6647 246 8762 1747 4671 3110 4065 8661 7157 3238 5284 2638 4845 6537 4414 5670 1233 4309 1066 55 9037 4375 7207 724 805 8782 1239 942 1040 6366 6608 1058 8877 4394 1273 4105 6271 6123 4760 6162 6571 8761 5128 8295 5882 4431 3130 2456 4762 7849 5163 6788 7534 669 6179 4488 5272 1771 564 9243 7198 2218 686 43 2620 6081 4152 1827 5147 4209 5776 9294 5763 4370
5346 5921 2967 6905 4241 785 6982 4020 2396 5919 1352 6648 8019 638 7748 563 4700 6037 2660 3762 918 6207 471 491 2603 7596 7616 657 2575 8691 2945 4505 3701 1754 4125 2468 6725 6391 8670 3897 5855 8726 1574 2069 3432 5228 8556 7701 1458 1541 8506 8650 4679 7639 5540 5441 8901 3880 9149 6722 6098 304 6846 6420 512 8160 7566 9206 6891 2432 1032 7970 442 2393 2320 2166 8816 8168 9266 6569 251 4246 8905 8946 8951 5555 9126 3873 1051 3864 2870 7928 2369 8618 4369 5847 4922
7360 8514 8356 5101 1539 5314 5768 5092 3775 4897 9123 4358 937 3093 3871 2954 7921 896 4455 2181 4582 1863 6036 7247 5055 8035 1471 5816 1688 6127 8162 9020 616 2359 3848 3964 5338 49 3413 3375 7485 4143 4048 954 3832 7307 2483 7815 5613 8028 6375 2061 936 5923 2775 7601 8730 6981 6448 8867 8575 7726 5612 6393 9269 5609 2802 8058 4675 135 6411 606 5935 6450 3948 7544 744 5335 7110 3548 4198 7959 1103 971 8807 1262 3915 2801 214 2333 4094 3200 5817 8262 2728 4816 4205
524 6778 2430 2451 2784 5261 1503 3758 1910 7777 8469 9182 9110 521 6215 5674 6581 5052 4937 3972 6604 2905 4986 5496 8935 8002 5281 4469 7721 5880 6059 651 475 4239 1395 1941 7270 1846 8920 6220 2159 1698 762 892 1470 3178 9213 3035 4758 3889 2262 4167 6709 1194 3856 4270 1524 5191 3974 1889 8745 1357 5854 4924 4176 6147 3600 705 7558 5285 1068 5909 5584 6875 486 8199 9303 3224 6666 7466 1402 117 9191 6976 646 2264 8720 6004 4628 3901 7374 4517 5302 7087 1824 1655 8219
1189 6876 4957 1505 970 5784 281 2751 7237 3371 2623 6297 5353 4254 4326 984 4904 666 2914 4659 6635 8773 8331 2903 1679 1115 8660 4130 4071 2358 7095 2729 5465 7446 2639 406 4782 4564 3898 8416 5430 1920 5793 3855 1755 7781 6670 3322 6198 8535 9034 4049 3409 4453 8537 5736 1640 7459 2794 8555 2044 711 1673 7428 6128 5169 5373 5830 3115 5117 9035 3048 8084 3607 4197 4708 1406 7209 6509 6542 8739 6159 1772 4903 8220 7218 1319 1514 6603 5999 4780 8548 6283 8286 3056 8733 6235
5990 7286 5553 1559 82 1526 5497 8621 5995 3260 7058 3072 2752 2500 4401 3739 6276 3821 6827 881 1428 501 2050 949 4004 7210 1971 7412 6737 419 8100 6903 7349 553 262 6203 5761 3353 5550 4629 4836 2177 8085 2152 4970 7226 3838 2071 9231 7492 8071 9205 641 7766 1681 8344 3801 9109 3397 4954 5907 8779 8685 935 8634 6894 9233 8695 2142 3961 5223 4078 8628 3989 7693 8605 4113 1377 1639 3227 9155 5417 2490 3547 4097 7555 755 1684 974 1077 6734 3909 1053 2522 8702 2964 4535
3305 7282 324 2073 3703 4384 75 4865 8851 3328 3924 3119 4554 5421 8087 1159 8461 6260 2351 8865 576 8789 7398 3062 2672 7746 2686 853 8166 4325 6703 7600 1373 3971 1750 4919 8579 779 2597 9200 2626 6200 5062 8949 2089 8664 1021 767 2453 8913 9177 394 3651 5467 157 3510 4464 9204 2622 9252 379 982 4829 5645 1617 5735 5177 6066 1316 9052 8024 7355 5916 8006 1730 446 2225 3198 216 6676 4108 5607 388 8225 1156 1167 9062 6744 5836 2683 2257 6874 4705 9060 4432 5251 12
3213 756 4818 1670 8775 8430 623 2880 4997 4437 4971 211 8048 6237 6316 461 3169 450 1403 252 3140 9225 1450 2854 6044 8763 5124 5067 5690 829 3916 2956 5404 8960 4465 4301 6889 824 8198 6107 2207 4380 3135 3166 5939 1938 1622 2668 3421 1160 848 1193 6613 353 3725 630 6765 6925 306 7081 1172 1876 1336 3633 4696 1212 7687 2172 5623 279 8645 7966 3222 7140 6989 4735 7634 4012 106 865 8210 1259 4886 148 1241 1342 5156 604 1951 4911 9199 5266 4640 1080 8448 5327 4236
9189 7990 182 1363 4122 5930 8069 2106 701 3518 3451 5048 6082 3665 8167 3650 9160 3151 5834 2136 1570 6510 593 6684 8382 7521 7533 5947 885 1486 4350 4742 7999 5015 8718 6695 644 9263 5 4396 8734 489 726 1401 109 4792 1335 4063 8178 1998 7372 4471 4485 3526 1708 9236 3232 4404 699 6064 3624 4111 1492 7393 1884 5224 7844 5700 5757 8476 8005 2174 7129 880 3080 7807 1026 7694 7159 2648 3995 4456 8316 5716 7405 3509 6951 2273 265 3049 7288 5050 9106 7021 3887 6201 1127
4297 7594 7610 1751 5709 2643 5820 1169 7429 5506 2699 4642 7230 7032 115 5801 145 5322 7988 4638 338 3835 1090 5561 5625 1234 1384 123 5785 8554 1895 1102 7109 545 7625 3112 6208 39 7108 7171 3017 9026 2436 4322 3966 507 1371 5686 164 5630 4550 7837 9021 9154 3640 5405 1074 7940 7747 4510 6649 926 3955 7291 1720 2180 6252 5513 9159 1260 7235 4981 2211 3715 4179 8568 397 7020 6865 2342 7348 662 1431 2650 7985 7234 110 2203 9304 5795 4607 9183 8296 8687 7653 2476 4958
2143 4721 4357 4026 8812 4367 2346 8648 8706 5755 192 3225 2008 7312 4030 3369 1968 3082 1221 3674 9128 7071 5718 2223 3997 2051 2521 7847 2266 4948 7836 2208 750 4819 168 7160 7419 2953 7340 6275 969 2765 2341 2114 308 303 4896 2804 4452 3850 6497 5368 6908 5651 7257 6570 8492 5587 1427 1879 4945 7251 5455 375 8914 6618 8744 7898 4134 7614 7571 812 4569 4766 7073 4992 7423 2708 7068 5316 5567 5133 7997 5423 4861 7905 7605 31 1049 4371 1950 5193 6861 6124 8112 5103 3384
7573 5059 1109 4221 6482 1961 7486 4207 6598 5233 727 7816 4067 5574 573 3529 5377 7161 2133 1886 2892 2002 6730 5962 847 8817 6539 22 463 8888 2439 3908 3882 2310 6319 1081 7676 8725 4218 4289 3323 2762 709 9059 1632 590 4196 206 4439 3516 4351 3666 4869 992 5197 846 3077 548 3073 6041 9292 8874 7866 8073 2605 6935 6883 4806 6520 4711 5194 6134 343 6382 5167 8060 6490 5969 7975 1083 4265 5263 1302 663 4858 3349 8740 6871 601 720 5066 5633 5722 2617 9078 2054 2064
1430 6990 2281 1389 3643 8837 6764 3598 1443 7168 6400 9049 5257 3331 3610 6700 5676 8855 6839 8571 8742 1981 517 62 372 3677 3024 8300 2252 9241 4534 8394 3520 7597 906 449 6083 999 1429 7214 541 5028 7430 7064 4119 3980 460 4527 4413 2443 4928 6300 4840 321 765 4900 6774 6937 8651 6113 8615 3026 7750 4031 8354 7698 4669 1963 4805 1039 237 8212 8345 749 8414 4880 3246 4909 6733 602 753 1293 3357 8379 3904 7513 5622 8623 8079 1341 2636 5965 243 5395 5056 8771 9214
1278 6176 2458 3477 3825 5655 808 690 1480 256 2663 5019 559 5890 6942 4668 2167 8727 8680 5832 5234 6724 1933 7879 2567 8665 6158 5209 7276 2005 1980 8059 8106 6548 1226 7788 8805 5212 9042 6056 7378 5799 2557 8868 7065 199 8312 1532 470 4022 2448 1075 5107 9250 5419 8196 8736 8435 6996 481 4619 6587 979 883 5108 5748 3595 4188 2400 1973 7167 8340 8715 3003 194 7500 7333 6035 7903 4461 4001 6419 5743 5564 5943 4144 7512 3398 8679 4060 1284 8592 4266 6655 5501 2492 2542
5639 5125 4907 995 1636 531 4472 3160 1105 6943 220 8938 7892 1779 7205 9301 5118 7343 1374 3806 5896 5106 5329 4376 6644 3736 3010 2546 7976 8596 1931 3267 4151 5129 7369 1770 8986 4999 886 5463 1349 3050 2933 3391 6507 9286 3211 5606 5734 3074 3609 433 8731 1746 2117 1281 3334 5892 7146 7874 2822 1137 4450 7090 6272 4830 6442 2435 8390 2902 6892 1495 5472 2571 8037 5948 322 600 6479 4233 8968 7220 5364 5926 516 8711 3036 2504 1624 7445 8140 396 9264 6358 4834 1182 3653
7767 5375 6325 6967 34 487 1837 4712 6130 6394 978 1966 1449 6439 2334 8790 1318 1238 2533 4745 1498 6461 707 5958 3831 5885 85 1592 6640 5560 3218 9039 5753 7078 7041 671 1277 4491 854 7507 7164 4112 9025 466 7023 5563 7938 257 5878 3861 2357 9174 6547 3273 7787 7418 6093 1631 3792 2673 195 7279 5977 3804 7704 2666 7564 1512 7212 8436 48 2920 1475 3288 5127 6374 2289 5279 440 3339 8409 163 6498 316 7620 3172 8964 224 6538 4462 5745 3614 360 2860 6594 7139 6491
5247 2444 2040 3573 2598 5522 1977 6963 80 6998 6947 6957 2374 7024 1420 7869 3064 544 205 5986 250 864 2736 1348 3606 5783 1388 8487 3796 2720 3553 8566 4346 1333 1461 4438 7623 8066 2785 7346 2092 1347 435 4962 3358 6038 6855 9094 7476 1789 7843 6378 2915 7793 3108 4132 5925 94 2842 554 5528 7712 4244 20 1550 2003 2704 2198 7650 4667 6806 3568 4495 1656 5530 3993 7452 8143 7285 1657 8563 1945 3144 1387 6519 8017 6501 1177 7499 8780 1803 8930 8068 1902 6469 1220 4313
2526 5692 4267 4665 7086 8204 3613 9242 4418 1180 8139 2169 5426 1225 2445 1572 4787 605 5594 1138 4085 4203 9296 1082 4446 175 607 3827 2501 7893 5517 1033 2994 38 1098 3192 4893 6831 6231 8063 8282 5499 5295 1675 7125 932 5406 8649 4585 8346 147 1687 3306 370 4123 1366 8193 2808 3944 6387 3129 1999 2875 694 2561 7254 2052 6819 6345 7083 7585 7823 2488 8291 473 6919 5760 6458 717 4087 2099 8218 9033 1690 9275 4032 2132 8301 7200 2067 2719 3447 3388 968 3027 3199 3302
1638 4630 1292 5336 1355 7932 41 945 2872 3018 3460 3817 6313 8332 4815 7635 7309 1993 5140 8314 2200 4006 2980 4259 9024 7862 329 4333 127 2348 4323 582 1043 3107 1694 9006 2799 6817 8076 4253 807 8525 7085 5813 7943 1436 2662 6477 1042 5386 5677 2463 6593 8581 6628 863 1862 3013 8934 7165 7590 589 6245 5972 4783 3867 6835 5369 5032 4420 3055 930 2810 2942 2529 1983 1883 5520 839 2861 1092 1602 2726 5588 5218 354 7381 4697 8896 1853 1044 5337 2631 2265 8145 826 7261
1828 3054 2998 7464 4149 3335 6515 7670 6710 1782 8433 5165 5439 4547 2025 7560 8504 9255 8155 3918 1704 3059 3277 9261 5299 2543 8940 4616 349 8821 4691 849 293 8690 4083 310 3474 8673 3969 8360 991 6678 1112 2682 2895 1466 2937 3935 6293 1 8882 3294 893 8132 3549 6600 0 218 4411 6230 7502 4229 1978 4114 2023 33 7659 4577 6540 562 5003 330 2755 2497 7692 7143 1821 4972 6938 5966 3679 8376 1416 7775 7105 5805 7937 8931 6342 7311 7931 874 6101 1949 8171 1583 3430
1131 7338 1935 8456 9224 8240 4931 5952 4269 5470 7540 9118 3287 1722 8111 8229 3784 2554 7969 7664 9223 125 599 6926 4003 4201 2028 617 5843 1847 5471 5215 8528 912 7120 4072 8197 3089 1353 2709 2995 5206 737 6290 6909 359 6074 4605 3733 5900 6028 130 6565 497 2813 8402 2379 1585 8342 2063 1542 1418 369 2012 7076 9140 1952 2619 8700 4135 6205 368 7799 2074 7548 3805 5413 6609 4194 217 2965 2480 7468 3465 3727 8125 4192 8266 9038 1521 4199 7568 3749 4866 5024 3279 1611
8446 5702 1368 3214 8976 8040 8809 7107 284 996 7290 1645 2385 4223 3132 8214 1473 7660 8982 3025 4793 8897 5715 4781 844 6818 793 1304 7450 5481 3478 8438 7872 4598 9208 6397 5469 1970 155 7055 3766 2027 7042 5554 5798 2658 6550 3028 4430 4381 203 5176 1002 5489 4040 6964 6263 6551 5436 235 8153 2022 414 6853 3689 7402 1831 7827 3207 4765 2295 2107 8383 9012 8243 4877 810 6373 5030 7278 528 1306 5864 1015 7197 6714 6858 8908 9173 8152 7607 5912 5621 8747 1477 7072 3695
8512 6524 5258 8804 1174 4682 5570 7973 6687 8505 8337 1988 8488 4939 9099 2384 4770 1114 1472 9032 8959 4543 1763 3698 6002 2039 6195 418 1274 6793 3694 8014 8181 4702 6592 9248 8879 7982 5541 9091 8820 5051 7563 3431 9047 5620 4631 4901 8134 4115 5456 791 273 6363 4174 7487 4331 4879 6611 462 3481 2164 129 5572 8633 8600 263 2524 2982 1820 2968 4520 5245 3311 5833 511 5598 1614 3622 2024 9113 2392 6046 4268 5614 4521 4822 2487 9028 5260 4542 1869 4994 7753 8985 1567 8878
2425 9079 1219 1399 1048 9044 8123 9127 2321 7663 9295 4511 197 1811 2315 9245 1459 5794 3521 2086 9050 2389 5286 1866 8880 6897 8432 1986 7941 2722 412 9203 6802 6727 2770 3217 9279 8257 4823 4943 1699 3441 301 122 5370 1752 7106 8668 5485 3713 4868 754 8772 7942 1173 6631 1155 7765 1272 4231 4884 7887 5057 7063 428 7103 7185 2959 7396 2004 9249 2849 1842 4660 6563 7925 6273 2014 9124 254 3256 3769 4204 2534 6177 5959 1554 4737 1873 5611 4662 2328 5355 4441 5657 7673 1753
4421 5381 6639 9015 2370 3816 5985 1729 8992 3174 9244 9277 4338 9019 4604 8007 4859 3233 8743 8238 8129 7539 3772 1787 275 7458 1508 7415 1562 674 3585 9027 7537 4656 3778 1133 1415 7662 7983 3141 967 6451 312 2555 1800 3539 7337 4200 81 2727 2977 6674 5300 8862 5451 6893 7728 7819 2592 6573 2949 7968 2848 2402 2907 3663 2514 2469 9141 7006 4938 4800 6917 2254 6384 3359 6643 8610 1623 2214 2094 8792 103 2693 4814 9010 5457 6922 2036 2782 6339 1242 5152 5970 8906 8101 1308
8573 5304 3114 3171 8284 1714 6416 8458 8693 8445 5282 6959 6637 8039 6165 1928 6591 8876 2431 6254 7751 2559 3954 2324 1140 7060 6642 9051 3862 7972 4761 8958 3411 583 3575 1510 4016 2688 8924 7145 5602 2764 7420 6800 8467 927 8787 1337 9272 6383 1268 8717 1537 1237 4707 3347 2173 4443 2839 6619 108 6729 4643 3891 8038 89 530 1501 320 2075 8552 4057 7529 3247 3131 7191 2231 772 6152 3231 1487 6620 4753 4523 180 1326 8627 5492 8480 136 4141 3642 7757 3765 3530 363 2404
5187 2834 1899 6960 8819 6467 7303 9163 959 4984 7199 4436 7954 7913 1934 5380 7802 3542 6296 6749 6472 8451 253 7437 7828 6836 592 1165 7066 8796 9156 2234 7221 3943 4234 1705 8400 5183 6641 6426 770 8130 3958 5105 2243 963 5792 3570 1191 417 6337 2988 8883 6555 6336 9257 5324 5988 3134 6073 1484 4771 3448 8833 636 5538 2983 4084 5548 2569 6053 4892 2774 5821 5533 7554 68 6001 7672 3536 1553 6683 3956 4237 4615 289 2599 8991 1965 4116 4687 1178 7987 964 4379 7848 8215
141 1780 939 7004 9172 1289 3254 8918 1254 1376 5132 2761 1047 8907 9061 6267 722 8841 6868 6063 8188 1857 5802 7577 6606 200 2950 7523 1678 973 1183 3330 1807 1017 3116 5026 8967 677 6522 8118 5557 598 8560 2773 6040 1989 4187 7457 8351 1775 7231 3617 532 499 227 8497 1410 1502 914 336 7441 5641 1878 6236 5226 2767 8722 400 4163 7669 8893 8838 1419 5615 1275 6717 2144 6685 6658 3489 506 6750 2482 7541 9075 7656 1258 6071 8834 3103 5904 7102 1231 6462 2766 2777 2667
7379 5053 4678 5097 3159 277 7479 2433 7342 3756 5515 3053 4723 8962 5764 3913 4916 6364 981 2525 8023 4005 2347 688 3425 689 3937 5562 4614 1214 1566 1287 8018 6974 7906 3043 5480 784 1088 4965 2924 6256 5190 7561 3812 3902 3440 3370 833 2021 4683 4655 1665 9129 1907 6242 8674 6223 2540 719 3829 3084 4926 5666 2457 1031 2580 7508 2184 4395 348 1773 8136 621 2789 5583 4074 2544 8170 9040 4429 8486 8625 5505 7933 9014 6923 5005 635 6357 2412 2654 2215 8972 8103 5283 1359
5447 6255 7705 4693 505 6334 4772 6763 4763 4013 3635 50 8530 4463 4936 4504 4170 4862 4732 7717 8709 1721 1483 198 5135 6166 4870 832 1909 7246 8338 2951 445 1018 4409 7352 1836 4150 1141 7989 4774 1491 6175 7603 7308 7912 1283 5681 8954 2494 3990 1784 2410 6121 1073 1152 3066 6826 9068 8021 5526 5367 6662 3196 1331 4964 5143 924 6948 8082 6054 7390 6544 2474 8990 8417 8604 7733 3589 3738 5503 3487 4991 132 102 5271 7040 4555 8619 7638 5366 6109 3424 3361 7345 4941 6219
2885 7794 7315 3038 2532 6304 9097 9000 5911 8353 6543 1476 8659 4219 1711 6862 8200 7239 4677 6227 2287 6503 1785 8 840 7953 4837 8637 882 7304 3692 2238 7904 809 3952 4288 3145 2066 9136 1369 9300 7462 4968 4103 3325 5142 391 3965 3621 825 7760 6757 7483 8053 4497 922 2615 1923 2901 3603 2730 51 3415 5416 533 8135 255 5790 2473 6621 490 4489 6706 2754 2481 5558 1822 7542 5130 5837 4250 4444 7495 7962 6988 1637 2230 3000 1340 4314 3494 2732 2019 7685 2787 6626 2330
687 3860 3290 4565 9001 226 305 240 2707 3352 6525 2878 6585 2541 5265 3939 1203 8703 1222 174 4076 5275 1210 2558 6728 2322 3810 3121 1145 1294 2068 4831 8057 7422 838 1022 7875 2573 845 8564 459 7890 7250 4623 7241 4853 7347 2368 69 7567 8797 7121 2910 9134 144 9029 3210 6344 4372 7804 8603 179 3299 3546 6805 8147 8894 5333 2753 4531 8597 8842 8387 7490 5044 6797 8521 3802 801 8407 5725 5158 3512 2824 3264 6887 2253 642 6556 2138 2011 587 6259 3582 1465 2553 678
581 535 2178 5448 6614 6486 9195 6354 1379 1055 2212 2312 8624 3746 5546 7424 1013 5292 509 4754 4618 2943 5269 439 4352 6099 1118 951 2916 8330 4942 9 2984 6332 2072 477 1468 3226 2255 7810 8849 5230 5354 25 6170 7233 7917 2939 4066 2232 3320 137 6251 2586 8044 8267 4610 8602 4161 2496 2263 1330 3377 6742 1915 1793 4719 4680 3734 441 1009 5095 5578 5905 5362 4597 7142 5301 4018 161 390 3505 3702 3076 5450 3957 8191 4484 8150 1111 7876 7628 7572 4990 1356 124 7578
4341 7814 4215 4168 8895 855 7155 7546 5780 4106 9258 4303 8643 4551 8975 8231 2151 5070 2108 2417 2932 2881 1881 7463 6295 6160 5744 2629 6517 5442 2642 3265 3905 2156 3350 7494 8366 2429 126 8065 4337 2591 7265 8541 3876 5732 4273 3040 9271 5420 7283 7384 6776 7133 223 3992 270 7640 2718 4817 8845 7053 5060 5408 1987 2096 8260 6741 4589 8694 1672 834 1667 3090 3295 2489 1891 1794 346 1972 3249 6795 95 6596 1279 1129 1568 1249 5358 8714 6931 3652 9306 8001 543 2960 898
3419 4042 1096 5348 1467 1087 6754 3771 5259 4478 6204 5915 1132 3710 647 7713 3039 6753 7386 7151 3313 5500 7118 7619 2277 9080 1089 7695 504 1603 1095 5660 9187 8570 37 3327 7914 1104 6324 8529 5766 8242 5119 172 7562 1346 1315 171 2677 9013 795 6712 710 1992 202 8943 1228 2938 6437 4362 116 3837 2695 407 5049 8686 7946 2376 7780 8531 6691 8576 921 7945 2868 6671 2129 6884 8911 113 7924 356 1578 2564 8450 7313 4383 7556 9066 1804 6315 4798 9105 8569 8586 5536 3253
2323 6502 6084 3594 7589 8751 580 6531 4054 7841 3978 6080 1229 8828 7080 1046 2691 3006 3275 1728 5687 5001 7888 242 3490 431 5205 5616 3752 8944 7202 7724 7277 649 7856 4767 6899 2009 514 843 6361 8393 15 6748 8887 2409 1997 8364 1381 986 3230 538 8859 1709 4635 3382 7511 373 6449 9229 4494 4794 8302 5043 4321 7115 8207 415 821 615 5207 1158 782 7176 5597 4216 3845 7149 1596 2091 7189 3012 8165 4056 9209 1777 2090 3822 5746 1052 2307 4156 2776 1117 8857 2440 3780
1360 3932 4050 165 4826 4329 3803 452 6669 8491 706 7850 2519 6971 436 9087 3316 480 2700 6021 2877 3634 5648 8534 6997 91 1322 5326 3485 743 2811 3506 888 8827 6463 8608 6610 7009 7470 8172 6371 4182 5323 746 493 4251 4501 5777 8927 5264 332 7447 8468 9239 7281 4905 6646 6780 6529 472 8732 267 3228 7860 4526 79 6058 5663 1760 2195 9227 7310 4162 5662 3569 7821 777 5171 5672 9046 2196 268 3922 8292 3923 4977 6494 4548 4807 508 7 7353 3206 5081 3410 1769 5671
8313 653 4573 347 4917 2966 7007 5383 2407 1004 2190 430 5887 4129 8010 2420 3787 5897 7332 8902 703 9284 948 5519 4533 6010 8917 4888 4503 5927 7907 5072 1148 3445 8843 6716 1647 1474 2139 1812 7339 3883 4561 798 8388 933 5384 668 4540 7795 3926 2535 2087 5303 8988 1067 2882 5267 3344 1912 6568 714 7592 2911 4626 5581 1311 4449 8381 2837 7448 9103 7957 988 780 7960 7839 5241 2987 4451 8614 2604 9256 2515 4644 5575 4261 2845 3745 2286 5782 6389 1332 2285 3193 3920 1506
3851 2866 5593 4459 209 241 4360 1392 2006 4445 3395 8565 3667 5331 3637 4579 9309 2990 3433 4480 3535 2352 537 675 2421 3187 7152 8498 6809 6362 5131 5860 6557 8127 4699 1893 58 6346 3219 100 738 234 4307 5173 6306 9102 5025 3154 4567 4095 2030 7400 2795 6008 2717 1627 1251 3278 5899 5894 1121 9161 3726 8801 8683 9207 8348 9009 1288 1814 7421 1560 7608 4812 6438 2653 9043 3070 3941 4292 9210 8767 1301 47 8307 2441 4117 5605 6408 6995 6017 488 7768 146 2336 3034 1142
8396 6789 2076 7598 6355 5002 3514 1516 4185 5445 8553 8806 6495 8095 1045 8737 7574 392 6832 520 8159 2749 6913 8482 3367 290 4689 8493 5136 6239 4988 4290 6396 2917 4454 3236 7219 7026 6092 794 4235 5222 1979 1797 5004 9289 1810 2145 9147 8182 5020 7501 2276 734 8422 2635 8667 6222 610 2879 8886 2329 6392 4955 6508 8823 6018 6323 366 7275 3240 2049 5243 4743 5475 7255 6958 409 3456 4987 8723 1136 8606 8016 3221 6402 842 8391 6233 4316 3776 4280 3533 8279 401 7744 917
4586 3712 6636 9298 5516 7710 6221 3543 8861 7782 422 3513 5210 7771 2898 1716 4887 3104 2549 8948 40 6100 7688 2922 2725 5360 9086 4224 7116 1396 2127 3735 3190 2313 4602 8158 3094 6953 5535 2438 4559 5114 4406 7995 8508 6466 9302 1929 8937 6284 3390 7059 5089 4010 169 8617 7641 5091 2768 8442 8418 4230 1620 8226 3466 591 931 603 2260 3661 1843 8656 8626 972 8839 7474 5088 7144 3282 8483 8285 9095 5656 7885 5093 5036 4402 6163 8247 7030 230 8362 1579 4128 3468 1413 8389
7763 2596 4653 4 7604 5703 637 2757 1291 1300 1702 1079 3853 3092 7918 1958 884 7930 5968 23 8517 5409 6661 3061 3811 1011 5902 4553 7702 1325 4646 8460 4549 4910 248 7800 5186 940 6444 7830 1064 2758 3976 2343 6193 7128 7037 7517 7714 7715 3960 3574 3150 4107 90 1424 2918 3583 7162 3664 814 1321 702 2510 3639 1844 5112 451 1548 259 2647 1485 1538 4617 7936 3999 4208 4525 4347 5104 4475 4468 8192 7582 5523 134 2338 8738 5494 5989 3405 3683 1448 7091 1036 2574 656
5913 8322 5946 802 7647 6104 2249 7367 3117 4608 1545 1587 3123 3250 962 4519 83 3632 7741 5806 2595 2583 7179 6721 3538 5688 8678 2590 1691 8473 4898 8815 8386 86 1282 4257 889 6211 5009 3852 8270 1865 4028 797 7417 769 8735 2817 1799 6977 5511 4949 2649 7439 2296 956 484 7919 2314 3047 176 2851 3149 575 2560 1085 7690 3310 3648 4854 2769 2125 3434 7652 4355 3454 8249 8616 2889 1813 8385 299 4934 1408 2350 1976 5491 5109 8689 1334 2416 4848 2600 2890 1850 2134 6186
2659 382 957 9194 2756 3807 2936 8013 4043 5841 1911 2855 5379 6478 4568 16 1908 4212 2665 1738 6682 3472 664 8957 815 1713 3967 3146 114 2081 8889 7525 8175 2367 2137 5811 7240 7407 9016 5178 495 1139 6715 3788 8091 424 2452 7094 2632 2290 7993 8810 7648 4036 8228 5879 7361 8275 4953 4305 7319 5328 5046 170 1695 1942 2760 8305 7817 4226 1307 618 5453 1765 897 6303 331 818 8903 2335 244 7822 3508 5253 7427 307 3215 1701 215 1707 3042 4891 6224 4935 527 2676 1147
71 3500 5945 5600 10 2305 2634 1955 1692 5175 6830 7331 2830 9057 1659 4801 3122 6485 2319 2661 5731 4334 3786 9307 8110 757 150 920 5949 5941 7036 2641 9031 8933 5984 166 5596 1163 4790 5652 828 3959 876 8998 1099 1438 534 6341 1255 3572 4120 3029 7674 5256 8629 3118 3208 2826 5823 3304 323 4570 3929 3641 76 3779 4342 4248 6012 2587 4306 3798 4734 2272 8169 8860 6377 3120 7273 3673 4424 4724 7699 7977 8457 5219 4796 3627 2411 3782 5917 4713 2979 5610 8156 2616 1995
6794 8684 8545 6178 8496 9083 6723 4412 4651 8477 5940 987 6545 258 9082 2007 8588 7929 6617 1731 152 1819 7811 162 4756 556 326 210 692 2913 2996 4492 6457 4947 233 454 7779 1016 3202 6828 9139 3670 4034 2894 2731 19 7709 9297 8910 6833 7863 6825 3248 6623 4622 2528 57 6141 1914 6783 796 4701 7380 2120 1267 4425 9023 8102 4178 3406 3364 3181 120 3235 5778 5214 7833 6097 8410 2242 4950 2520 7579 5204 5038 624 7029 1882 4222 7114 6187 8818 7092 2518 1126 7992 7190
9267 8349 6228 8227 3155 6607 3631 4645 6330 4139 6532 5434 4077 9098 8020 5720 5842 1123 2116 8077 3319 7158 3849 1877 2317 1650 2318 741 6180 2828 8942 7878 4921 891 434 1858 1313 2373 3427 6452 11 8671 5293 783 5678 474 5042 1454 6269 5225 4343 1719 5006 2516 6069 8594 3983 771 976 1715 4500 8495 358 6258 6129 6376 5861 8601 6089 4080 6890 3416 7758 4148 4373 8293 8791 2150 7473 8795 2792 8585 1733 2973 697 4867 2280 3386 7867 8919 6051 3271 2124 1710 319 894 5182
6060 478 3379 5486 8729 389 2790 6309 5573 1362 1652 3161 7900 830 2192 6771 8173 3914 1432 764 7689 2681 1227 1696 6302 6633 5012 7908 8546 5997 3480 4145 4164 6007 5229 6078 4740 6577 5495 5477 6249 249 7027 7978 5138 2970 9188 786 3841 7223 5249 7061 4304 4002 1328 696 2706 5634 1540 819 3372 1832 1856 9065 377 6422 3414 1802 2927 1967 1527 2527 4225 7621 1270 1817 7776 3963 5565 8995 7088 70 3002 8141 966 895 2805 6704 8334 6492 5699 9058 1437 139 5512 6851 4361
3262 4482 2896 6441 7388 1689 4557 8699 558 3809 6253 1962 919 4726 3699 4293 3742 6213 6311 7284 4064 2160 2578 2859 8921 3086 5714 6243 5886 2978 6286 6369 3711 2565 2820 5938 7408 6586 1404 5407 8766 6787 416 7443 6024 7097 7691 8813 7243 8474 8288 3138 8698 1317 3022 7792 695 8339 2175 6112 3157 4190 7174 7749 3979 5576 8752 2625 7519 2217 4578 6299 7974 3800 7045 5432 7671 7865 5981 8965 1615 6975 5208 3564 7730 6459 1590 3307 1925 5942 1932 648 6906 1735 1593 1991 549
2997 6904 7553 4327 6530 476 2140 5305 21 4332 5803 9251 5000 3842 8052 2747 1829 8115 2375 1792 5936 1398 8352 2339 2043 8157 6949 4536 2275 2478 3517 5628 5287 5126 4556 3289 879 8276 3355 6173 1422 1584 2245 7593 8177 3385 8470 2976 5635 708 1030 4335 4263 3303 8146 5255 3586 4849 4843 3933 3493 6812 18 3139 2058 3900 6048 367 4081 4625 3342 3578 7187 492 1756 5429 3906 3241 272 2077 2608 1164 6766 4703 4695 8246 9217 700 2079 9240 5654 7657 4096 3014 6841 3292 5507
6823 9111 5159 4368 3403 3095 4227 2427 8459 1383 2940 296 941 4828 7761 264 5102 4529 8094 5875 6168 7923 5618 8392 5115 8358 7611 4328 297 1171 3925 774 5920 4324 3439 3170 8607 5571 3777 4349 6902 2929 5559 3362 960 3374 8421 781 2391 8502 6616 503 4460 7264 8666 9119 3005 133 494 5058 7051 7703 7637 2698 6086 3016 3659 7484 7293 2530 1130 7927 5992 4716 566 5730 5148 4027 189 2738 5007 2353 7069 9299 5851 3482 3337 2972 4377 8377 751 8092 4804 8203 5740 6882 3459
8205 4479 3660 7365 3844 7011 2340 980 4311 191 52 2607 950 1020 7482 2316 3620 2713 6072 6440 3113 8217 4899 7675 3859 1166 1446 4974 2026 1530 8230 8778 3418 4961 5691 3636 1604 8890 6930 1649 9232 5459 6752 2298 4466 2871 4398 2724 6327 6065 4118 5822 5382 789 2251 5198 8080 6468 4348 5146 3601 725 7536 5838 4211 453 7299 6250 5679 6381 181 6194 3892 5277 2345 4788 8705 3571 8256 4423 6681 8255 5545 6860 5110 8190 2888 4053 3591 8542 8644 9169 5871 8494 3946 5819 7873
1764 1739 658 4522 6027 5863 6856 8481 5431 2228 1745 6006 8151 6197 3257 1271 7169 7321 6379 9180 560 2000 426 2952 3069 498 4025 2301 2836 8741 5196 3109 2491 2841 7738 1417 8370 7896 1507 8180 5689 2147 7857 2418 6775 7301 8281 1186 4545 6077 4652 2823 4736 5174 3839 6743 5510 2562 4496 2227 3840 7224 208 985 2606 3407 7588 4448 4126 515 2294 3820 8142 2499 3597 8241 4908 1718 6335 3336 7280 3558 3152 860 1610 4308 9310 1076 4089 2398 8501 5591 7119 6014 7018 8669 5532
7404 1378 1903 1464 2102 4844 1555 3671 5756 1024 7531 7003 3515 5685 3455 4952 3417 3616 6693 2424 5683 1372 831 5145 5713 6435 5039 4647 1612 1296 8272 6356 3656 8932 4214 7901 8290 3731 2155 5339 1414 7015 4399 8891 4110 7642 2864 3949 386 2791 4864 4773 2947 3626 8589 4390 8611 6137 2511 1870 8708 8033 87 5737 4809 4079 4596 3041 9202 5960 6061 3 6307 5791 6657 4407 4634 3907 5582 5389 3823 2371 4714 1867 8072 4242 9070 8050 8350 4055 5172 585 4606 302 7522 5478 5810
6190 4009 2326 3065 3180 2969 3363 1517 728 2080 4624 6406 1489 7576 4281 2135 4580 7104 6541 3684 8832 8321 8941 2437 5824 4539 7580 9076 444 5993 9008 1202 9150 7922 1433 448 6912 8852 2197 1706 8099 4976 608 6961 6277 680 4720 1056 8298 7099 3828 3890 3657 3649 1840 3183 6578 1106 6965 3270 5482 4813 2447 6746 1236 7935 2556 6476 8030 8329 887 7796 1209 4613 8289 3795 1199 2989 1547 1019 6091 5617 6572 5787 6136 1939 3919 7137 7618 8631 6191 1868 4378 3182 3179 2550 6268
8799 7514 8036 5551 8423 2772 188 758 7631 4940 6702 2337 4088 1904 6446 5642 4191 8108 3102 4099 5749 4366 3467 2935 8765 8559 7259 5248 5037 3099 7963 2503 3741 1597 128 9072 1409 6395 8233 3378 6164 4195 5956 1723 1324 8373 778 1625 3940 4302 6032 2610 7803 2038 4587 7682 9273 4914 4419 6518 8803 2637 2628 1230 613 7798 7583 3197 6216 4286 8186 4627 4885 1338 8250 3499 2423 8269 8953 7902 2710 309 186 1490 4433 2095 5589 6153 8245 2268 8759 1860 8955 4206 7052 1012 6132
6969 7643 4591 7112 1153 6312 3676 8844 1100 1744 421 5706 7832 3545 2422 7801 718 399 121 2034 6840 5867 627 8251 916 2149 2505 5345 8527 3819 5973 4389 177 7952 6151 3686 4044 1774 4283 2047 7926 7413 3281 3158 8235 5217 9063 5595 5013 1170 8008 5011 5061 7725 7504 861 7581 961 6850 6844 7263 212 7979 6927 8688 8384 6133 500 4894 1482 8426 7194 822 6732 3947 2821 578 6265 4486 2585 8915 5268 4258 5858 6050 8189 7707 8253 4104 2498 7813 5361 6022 6414 1736 6792 5944
8904 2678 1266 7626 7292 2154 7019 393 3680 8004 6761 990 7356 7389 943 7515 6880 8562 715 4839 4855 3195 5701 2552 2308 8086 3125 8335 2883 2405 5525 6946 3834 2926 2589 9089 9219 6696 5839 3687 6183 4838 1154 6808 6837 3700 7877 6182 6436 4603 8375 8398 868 7067 4718 2611 3857 2103 5341 2652 2 867 7204 8612 3888 773 4824 2070 4310 9211 993 6120 8950 3156 8873 3096 2847 7488 6583 6773 4612 5213 6854 5661 5294 2171 7195 2035 6139 6705 626 7153 8323 1940 3098 1606 1957
2390 4692 7994 8277 1069 612 6615 5414 1059 2465 6898 4029 314 2734 1975 2168 5031 3975 5870 3693 4422 2545 8088 2201 8411 667 8009 3885 3704 2283 5359 3136 5624 8043 5296 1093 2909 2846 2101 790 5982 2170 5826 5773 7248 7708 6262 5084 6496 4008 3719 60 5978 1264 6070 8098 6560 3255 7127 9073 2093 6 536 5723 9056 4975 6317 1124 1565 8089 8412 8963 7756 2057 5957 1969 5357 7535 6886 6945 665 4154 5891 468 8012 1616 99 7054 905 2971 1648 381 2237 2827 5394 2267 8692
6314 1685 5636 4476 2900 28 8075 2403 6650 4670 7889 9181 6146 9259 2216 6003 6810 7229 6474 1314 7718 1252 6445 5422 6094 2284 7852 2798 2869 5438 3015 4058 6238 6740 104 1825 2205 6433 6758 5220 9278 1005 6920 7043 5568 7629 6747 5440 5664 5529 2923 7375 8097 5021 2300 6029 1577 2282 7884 4516 1916 2256 3031 5543 4169 6033 2865 7260 3345 3576 693 6067 420 1008 6602 4956 3259 9007 5808 7318 364 8029 6489 7266 2816 1766 3269 1176 4791 7855 5488 7797 1826 5502 6804 2111 3743
5775 4039 4847 661 5149 5754 546 4676 8273 4537 6589 4467 2462 4017 1511 77 946 4856 8318 5951 5547 8319 1580 8509 5738 7074 9130 4271 9144 3051 2716 5603 925 2512 1595 2687 7175 5669 423 5918 9228 6453 8105 1531 6246 6240 1838 1181 6916 2985 1479 1150 3714 2721 4741 5490 1796 2702 2045 6760 8681 4217 761 8254 3261 8993 8519 1441 4672 3532 335 8970 2325 6534 1463 1630 5077 7489 8764 8378 7915 2055 1598 2327 1600 2538 7679 7829 3163 2750 5680 8724 660 7752 8641 6564 7681
8798 4153 3602 3205 4731 1864 934 6218 5883 4175 429 2204 3354 1833 1071 597 5232 73 2128 5402 1964 3774 1247 3987 3869 3754 9311 3884 8122 5825 5274 1041 1423 7784 4101 8164 5310 4803 1070 479 1743 747 2584 5352 6106 3638 7455 1113 7070 66 904 455 2508 3691 5237 2612 8984 1351 1851 3750 5344 4507 2783 7111 7132 3368 5270 5707 1573 361 2843 7820 3476 6320 7236 5252 5144 9048 154 5041 3318 1151 8922 8768 1974 4690 437 4969 9253 2921 5155 8011 2572 5608 7773 1462 8213
929 4255 3858 7225 3931 1276 4285 8308 1305 748 6848 568 1232 408 1345 8437 3401 903 3286 6993 6138 2121 4750 6751 5710 3052 6895 4098 6952 5464 4245 6867 3366 1134 3584 4993 5779 228 8925 2856 1509 187 1493 7934 7899 6755 8015 5747 8549 2248 4296 3797 8479 5534 3615 7658 6527 6432 5644 7723 8297 6199 1329 2288 1990 2088 7719 97 8757 7442 9018 6985 374 4674 5151 6929 2387 8652 5849 6991 9196 2131 6047 2664 4995 5288 3628 2618 6192 7510 1003 5325 6248 7206 2306 3317 5412
8578 7117 3258 3921 6015 7545 6214 6148 385 3137 3101 2513 1010 7395 659 5350 4562 8550 8420 7949 5437 3998 3142 958 371 465 5987 2394 5504 4166 196 6506 1848 7138 9260 4291 3475 7557 3872 8299 193 3697 74 1188 1905 8236 5577 6708 8000 2825 6713 7383 5073 65 1740 6005 8252 5829 1350 5189 4654 469 5068 7328 523 3111 7217 8774 8710 7812 4512 518 7729 2740 8447 93 5717 1937 8840 7335 2017 4121 5531 5216 395 5094 4600 6928 8031 5888 3618 8580 2010 2577 5164 9030 3794
3753 3422 2679 7203 729 8259 650 7826 2547 2261 4243 5933 3644 4147 1250 5400 4470 7314 4686 4751 852 317 1918 4315 7559 5521 5397 1927 3167 4490 5466 8368 3444 4388 2993 947 7269 6966 1201 3293 2831 4588 7017 8184 2426 823 8814 2130 8264 2113 3934 7123 7883 4821 5307 552 1285 5139 1926 6125 138 8544 1815 8117 6857 3376 2065 355 4595 4860 673 8287 4181 2464 1029 1948 63 3720 6843 7706 1122 2189 7271 2893 1224 2904 5388 3874 287 8983 222 1460 4681 7677 4684 8572 59
88 5083 6652 5971 5733 53 4544 2857 4317 8179 8320 4177 619 3721 6013 3442 2471 6328 3612 7587 2601 1014 384 7057 3537 1887 1528 2809 6513 2630 8850 2712 8929 6834 9116 6575 4747 3321 3068 1091 6546 2930 1581 1936 8131 404 8003 8187 6798 2176 1855 1680 1852 4426 2048 8161 8365 7038 6521 5014 8869 7183 5996 2001 8523 9093 6940 7130 4541 3392 1613 1217 4739 1871 61 1628 2183 8638 6782 3658 8777 871 2733 2388 6385 213 1641 6172 6030 1919 5831 3773 7222 7242 1741 2594 8124
620 5150 3669 1642 5976 1323 4041 8490 5079 6595 1954 9055 8137 4015 42 7252 1185 4755 7586 2153 5862 8237 8503 7079 5552 5668 5705 1618 4863 8769 8047 1646 8452 3239 5343 3681 4189 286 6770 4282 3985 8507 6322 3560 5800 9125 3220 9085 8443 8074 2414 5221 1654 9071 7871 7359 8551 1243 1791 3818 1128 7327 670 634 6055 3147 7842 7010 6301 6399 8518 247 4748 4393 7720 425 579 8462 3879 3843 5082 365 5729 3209 8440 890 4895 5276 1248 245 1859 1235 7089 7272 632 1674 8064
2852 1023 6552 1407 3899 7453 398 4023 2815 6019 7599 4158 5704 2084 7552 8721 7897 8138 7391 2222 7716 8280 6410 1653 2899 7326 5018 1144 7370 5141 866 7316 7192 2123 2097 3033 362 8328 6523 1135 6388 2744 8825 313 1412 5065 8419 6349 8978 5964 870 1900 8045 7496 6140 8598 84 140 6675 8357 3763 2042 3078 2349 7438 1196 1575 873 3234 8853 9122 413 8128 6144 4778 4252 3404 7584 8361 7739 3044 8441 4100 5872 56 1034 5781 4704 8547 2380 9168 4657 118 8591 6877 3452 6090
8475 3525 2484 5827 7838 4764 1327 6878 3729 1442 3646 7249 219 4592 7336 2259 4339 5937 6786 8587 5953 736 7302 7627 1290 5330 622 3544 4594 315 851 2372 3951 6870 5876 3011 7980 8822 1901 6096 6475 3212 5040 6288 1339 4789 9287 5211 9135 4808 3781 6298 1320 8980 432 8234 6372 5649 54 8049 2669 8642 4256 5524 3865 8871 3903 655 2186 7722 8341 2941 6169 8371 7818 2360 5166 5869 4927 2119 1783 1959 3326 2576 6143 3791 788 4930 3973 7166 8463 6150 3846 4852 6852 3491 8195
7951 2100 2999 6266 5928 869 1808 4382 1671 7886 7986 6673 3519 4124 713 5185 3815 143 328 915 5884 8149 3938 7135 8278 6921 4515 482 8516 6359 3557 2060 4738 5162 6431 1343 1244 7506 4374 4728 5865 160 3524 2684 2840 2148 5569 2690 7329 9151 1599 7961 3755 8872 3541 7039 5566 803 6866 2059 3191 7609 6353 2395 6654 3450 6333 6983 2986 3744 6291 6247 4636 4262 5297 1644 6801 8515 7216 6407 977 2536 3682 6559 5153 4499 1523 5410 3785 7410 8367 410 6699 2502 9283 5317 4249
2780 7156 1759 6970 2912 32 7570 2779 2199 1190 1086 4973 2797 2675 352 1525 1896 9041 7371 8599 1257 2467 1157 8755 3580 652 4757 3503 6562 8716 4102 1452 1456 7731 5476 7920 2696 1849 5963 7646 1425 8574 7645 7984 5643 6745 691 6434 5033 9131 1298 4220 3067 5807 4609 4722 1749 4746 3483 7141 2377 2016 5312 510 1569 207 3283 2697 285 4658 2614 6665 1078 2741 862 6009 3244 572 542 8966 1208 5874 1551 3875 6736 2876 184 8870 3534 6279 7956 6232 7764 7306 8428 6822 5751
1297 3435 3091 3168 3581 5797 3063 9005 2714 6881 288 7376 1544 4183 1809 3356 204 2806 9215 3387 7655 3426 6427 2229 7964 4810 2188 5877 8728 4320 3251 2163 5246 4508 4729 3023 9198 4405 9274 7740 7678 827 2233 2185 8794 5632 3707 3124 9107 8713 67 6404 8526 4827 5835 2680 7000 5399 1533 357 2397 1683 4513 1682 2711 3143 6157 6731 6720 291 1663 1874 7971 6896 3565 14 8206 8324 1496 6950 2833 633 6939 3708 7046 333 5425 4440 7399 8916 6347 8808 5390 6933 787 2046 5741
190 5726 8209 3833 4727 6068 1206 4142 7122 9092 1240 2509 2210 6226 8343 813 5200 7732 4238 6229 6321 3540 5479 2236 7322 3936 4298 3360 8539 4387 5487 1658 6690 9112 6209 6813 5452 8856 5924 3502 6911 2258 1661 2796 6680 6287 2838 4709 9011 4075 5415 7136 2381 7392 6401 6815 4474 3596 4391 2020 2361 8444 4698 387 3522 6118 4045 3237 3550 6984 5017 1119 5334 8408 2226 9265 2685 8977 4925 2031 149 8062 2579 4247 4946 1205 5742 7809 3400 5160 3436 7444 5184 8836 4397 3153 7184
