20 19
357 198 228 139 297 365 166 366 35 114 7 115 234 375 341 242 123 160 367
237 66 87 161 236 57 372 227 194 302 80 43 91 232 182 305 218 296 159
295 174 106 282 207 362 56 327 154 173 61 149 33 97 107 110 117 314 147
356 92 328 371 250 81 135 162 374 192 8 301 90 264 307 11 222 67 79
18 303 185 130 323 176 190 201 31 44 278 156 133 209 206 283 260 267 231
265 47 49 101 249 315 99 38 78 256 279 1 112 255 23 285 151 155 364
111 261 146 126 216 62 96 363 36 157 63 347 2 102 34 28 195 219 248
254 187 98 172 212 223 276 128 334 336 95 337 132 361 344 40 136 50 239
184 94 137 233 326 168 306 191 188 186 311 240 118 280 29 286 215 158 330
333 116 41 310 72 52 269 68 193 321 275 170 134 293 181 69 39 230 270
350 3 338 14 224 71 73 266 368 177 379 103 74 153 203 291 235 9 343
351 197 6 358 359 353 348 150 298 378 144 164 122 138 316 308 46 220 20
93 289 245 200 24 339 53 64 217 51 281 42 208 12 0 48 284 100 332
22 251 376 5 19 171 292 229 355 271 247 178 304 253 113 331 84 221 142
169 54 370 349 26 82 309 105 109 226 15 335 180 346 121 65 10 77 205
204 140 131 152 85 360 340 167 238 17 274 324 196 83 88 55 244 199 257
30 4 16 259 345 145 241 319 70 21 125 202 354 377 32 273 163 318 322
148 258 263 141 329 119 252 299 183 104 189 294 58 373 342 312 369 243 179
313 124 300 246 60 86 75 287 225 277 45 210 320 288 262 76 37 290 13
268 272 325 175 129 108 127 120 213 89 27 317 25 214 211 143 165 352 59
