100 96
7156 3526 1150 3043 5024 9080 3092 9181 7712 7985 1536 5213 5703 3992 3281 6755 3879 6229 8770 5400 4927 259 376 4445 4309 7286 7175 7531 7366 3781 1734 5738 1855 8933 117 9485 7075 5181 7634 2679 9523 5801 9214 7763 9305 2305 4132 732 4242 6980 7215 3375 7435 6027 4883 8675 9307 4750 2129 2938 3211 8597 356 186 9139 1362 7386 4432 5536 5579 2085 2112 7668 3392 8304 330 6190 4458 7850 6719 2 4492 6648 8804 7149 8827 8247 3844 1663 7389 2371 9434 7626 8060 3308 6311
8493 498 6757 3601 4448 5183 829 2964 5124 6871 5973 8267 5196 4100 6557 9003 1059 3490 9026 6221 6175 5220 6065 3057 659 9225 2375 820 6159 3441 815 8112 9331 2419 4613 8250 5660 2748 6599 6232 5848 6129 6874 7676 2079 6817 1274 3816 2417 5428 1292 8081 8816 3727 8176 149 3332 692 2441 4910 4691 618 806 3146 1878 885 3609 5052 154 7738 4775 4291 4248 7193 9556 5458 8643 3450 3446 8564 5009 4914 2032 8024 5488 8821 3081 8596 5259 9414 2382 472 256 1508 8713 9441
12 5936 1809 1737 1587 7388 2864 799 4118 4141 7989 8062 9002 8724 2361 5006 5343 3975 7016 3324 2448 5869 7697 2319 5854 8794 5720 3853 8676 923 1411 7335 3040 8270 8021 8705 2812 4501 9505 8504 4759 9020 7861 7939 9140 7675 7045 1539 4176 3918 8039 5905 3564 7961 4247 4858 471 4550 2245 6504 2256 341 9183 2837 2221 1848 9056 770 4482 2707 7049 26 3001 2717 8489 4352 3961 7749 3151 4790 1885 3804 8006 3487 502 245 220 848 2855 3494 7768 3771 5019 8058 2824 4996
6898 8673 2169 1394 1873 2553 4336 8654 5908 4634 491 4285 2309 4922 4288 7744 8875 2040 7343 1257 6327 4215 8096 422 8371 999 8954 4245 5569 4959 8422 7338 4017 4622 1792 5299 2652 5565 451 2552 8812 6748 7637 7081 8162 612 5469 3696 5543 1529 1137 8427 8470 5395 6058 6437 4456 5997 617 8997 9144 7853 6494 4060 9297 7044 4678 8911 2254 1284 2003 5940 4542 1517 389 3428 5630 3786 8258 1948 8963 2922 1149 3328 3916 2783 9232 5761 4999 1937 1890 6942 392 7629 4004 6472
542 5225 9218 5663 8996 4892 1763 4357 2368 7237 5234 2874 6262 75 4670 1334 303 7127 9259 9362 6429 4876 3436 6362 930 4410 974 9355 7160 1438 1735 3381 8051 7542 5174 4173 3808 6032 5142 3712 1168 7957 4579 6764 1013 4270 4281 4161 8360 3928 4596 6976 9325 8914 3242 8669 5005 7790 5154 5433 8252 3491 6332 4371 1507 568 2335 2202 853 5669 3741 2479 2044 7407 8718 4781 8336 1528 6343 1831 8256 4276 1640 7769 9206 8351 7395 3466 4110 852 8837 7841 1600 7916 6706 7706
5145 2068 8063 4339 7290 561 890 2089 5727 5504 2875 9141 6418 1740 6984 6245 4347 7430 2950 4431 7203 9038 3579 4259 4272 3930 5198 6801 5713 6400 8511 6338 5484 3263 7635 2051 2083 1886 3271 5230 6549 4729 4667 9586 4832 7421 9196 3061 5149 9392 2299 5489 7158 3544 7507 2826 9067 5040 4390 6529 2183 9453 7968 5507 4896 7043 8978 5648 5732 8463 5520 3315 2675 4437 6399 6792 4907 7093 2549 7843 8211 7345 9390 535 8208 9538 586 2519 6579 8853 8254 7659 1192 6800 5280 6478
1143 6328 9127 746 6441 6686 4383 7084 9333 8655 2355 4374 9131 1644 8236 5939 1643 6791 8938 249 5835 4444 1118 8038 6903 1748 3267 1638 5639 3693 894 4160 4805 563 3355 4533 3831 43 195 8450 2242 2302 3926 3358 7250 6394 6968 9186 2932 3278 6929 2119 826 9475 5178 4709 7046 53 5829 1611 869 2261 2262 1683 7825 1309 3398 2775 5442 3325 6577 2136 9353 287 8113 4322 8776 4610 495 4547 9435 9050 9480 5702 8423 6661 6765 6169 5338 7123 6924 6020 3460 1550 742 4754
5608 6742 3114 4843 5885 5564 816 522 3100 9571 9171 8009 7774 5794 766 4407 2596 378 8119 7735 6465 4316 6275 3495 8777 5533 2798 7300 592 7986 8487 8147 8886 6284 8419 8399 2947 3284 7104 3037 3824 6170 4381 7510 9288 8472 1332 2799 2547 3052 9499 176 5392 5014 2628 2997 7176 7106 5528 3859 4452 1574 4726 2983 7730 7708 5151 7189 8808 2331 1317 7100 6076 6363 5872 2440 9027 718 4302 7885 202 9364 6166 6236 2474 6217 7318 6607 2063 4427 3753 3978 8385 8204 466 3366
6633 7828 9119 1026 251 3413 3979 346 67 7322 5091 1805 3367 4168 6354 8460 8523 4334 7798 5555 5347 5819 5583 7919 3730 1888 7144 993 3140 3788 3103 189 4568 1771 3967 9022 8928 4186 778 1759 5901 275 2905 4748 2774 6635 4522 8712 3027 1080 924 2138 8663 725 2200 6880 817 9407 4885 1679 3082 2976 3499 6540 9391 2000 9580 3426 7172 9456 4900 3632 3457 5586 1999 8333 3617 683 1930 9482 887 3342 2957 6349 2351 2232 5500 5894 6156 2496 45 9587 4752 8320 2427 4120
8424 1051 3806 3541 1665 113 3348 272 1081 5275 7599 3884 3725 3175 3861 4115 888 3121 6117 5668 7431 2672 9513 1227 3860 4076 1659 4136 5791 1534 7317 3180 7139 7820 2866 1726 3022 7238 9238 7206 6025 4933 8733 4694 9048 2747 2326 2581 2033 3857 8184 8099 5907 9578 1582 786 5002 4981 1348 69 8955 132 7852 405 1942 1169 5191 1388 3882 2365 8803 2585 8950 4785 4919 6816 7758 1632 2075 6228 138 1787 4372 5769 8126 4287 7560 7724 6978 9062 3531 7729 2668 6322 5027 7418
2849 893 5523 7564 2389 697 5445 7533 754 6652 6487 2696 4324 2912 2719 1722 7840 5341 181 906 7773 6685 3340 1814 897 258 7118 3232 6900 1264 5055 8049 5316 2489 4134 1174 4260 4337 6213 4067 6738 3456 286 7552 2903 7470 2450 8084 7166 5734 8689 4995 8246 3035 9516 9312 7833 2930 3480 3947 5455 4012 1714 5576 1933 2234 3138 8518 6828 151 7199 1846 4089 3770 9241 2709 4672 387 1125 3318 3833 2354 9298 6626 4528 3631 5790 6237 9001 7573 380 5836 9309 5254 8986 4871
9118 7051 8750 6869 565 2893 4442 3954 6163 7882 3773 8520 6532 4794 5283 390 8435 2031 6609 6083 445 8284 2135 7262 5524 4503 7779 6199 1065 738 7032 1510 1800 8677 8736 4845 867 1813 9402 3058 8163 7941 4998 325 5551 9399 7463 1844 8161 3321 7489 4713 1927 68 8291 2153 4396 4771 3407 9527 9576 463 6867 2458 3226 5826 6304 3374 4119 6565 7142 5398 1030 7931 6834 7459 1852 1316 5926 7471 7814 3411 5271 9266 8693 7754 7509 1661 3065 3966 158 5877 8956 4953 6554 7052
6282 5510 1941 9597 1525 6120 2231 8375 4773 1827 4470 6598 6641 951 5944 3066 4796 1980 1100 2617 9496 2348 6101 4340 669 6244 5666 5841 5711 177 7592 5954 1288 4732 6298 7943 4405 9254 7015 1876 6988 159 2529 8341 3713 8879 6744 8281 7439 5776 977 5594 7303 3108 5993 3217 8968 1786 9070 5506 182 9052 7543 482 6835 1491 7063 6302 2662 6097 1477 61 9439 8687 4731 8327 5245 8885 6805 1043 3280 9096 5132 578 150 2763 2915 3020 645 1997 7800 5403 755 5188 4256 9465
5363 2980 4095 1011 7334 7610 6921 6286 227 241 6999 2984 562 8891 1767 7048 8100 6872 5277 4450 7373 160 7306 9385 5651 1817 910 3528 1198 3024 6588 7737 3438 9340 4117 4027 6518 2321 2118 6809 7125 536 8079 737 5237 7372 3613 4604 5034 9382 5817 9088 6524 6643 2457 2446 1471 1145 1396 4801 3224 7053 5917 2695 65 2773 8398 8015 5850 4947 6082 6063 4377 3634 73 3113 499 5698 3543 467 768 2337 9209 1228 165 7219 934 5383 7707 3326 3405 3604 192 5581 7178 6957
1693 6826 9491 6345 3702 242 4480 7806 9082 3425 7097 813 523 4255 6736 8222 6016 4977 8023 3357 1633 3105 8878 5472 1339 9282 5828 1509 310 5914 7192 8337 6205 1275 2105 1511 3197 5127 3409 3296 5538 1395 5270 967 2921 7725 8120 4869 5609 7297 6928 2395 8937 3241 1215 1707 2924 3524 3286 8214 4463 8503 5454 8872 7432 7868 5985 2162 4510 2561 9007 9161 2988 956 7344 6933 581 5884 4005 1897 1724 8117 6409 7472 914 72 7878 1412 1709 6802 4083 5998 4660 5315 8838 3698
8642 4699 1965 4701 1850 1964 7103 2380 716 3202 4028 2291 6024 933 7844 60 733 6558 7247 3038 9598 1828 8512 6436 8783 3982 1892 4569 300 9293 3937 6315 2512 7067 2345 8841 9226 6672 8583 7734 5221 4945 9376 6662 9160 8940 6006 9574 6372 5179 1044 6396 3818 675 5355 1414 1713 3095 8288 8172 1254 4525 5032 5558 9078 1160 29 8834 2578 7124 6393 3929 1732 8927 912 1052 5955 6983 9433 7621 2381 8400 3697 5966 4706 8109 8446 3163 4187 6115 4760 5418 3010 6295 8782 604
4151 5388 6028 6333 6566 2792 7799 7307 8196 7021 114 99 4349 6444 7071 1387 5464 129 5915 107 5657 7873 2041 1045 9157 4015 4351 7537 4228 1838 5956 8905 1016 8969 6965 5852 7639 4957 8043 2434 2637 6932 5439 4393 4990 3289 9182 6753 8975 4419 6188 7341 7268 2929 2700 1811 1764 2074 7140 1887 3118 1757 5233 8966 8180 5265 9098 3274 8498 7532 7098 1623 9529 3805 9247 406 9570 4755 6810 7456 15 6603 8413 7601 2141 4521 3835 4086 2026 432 7578 5746 2966 2710 7173 4988
846 2818 6112 7141 4543 5244 3212 5123 7396 6941 8402 3659 7095 6341 4641 8310 1877 3401 2385 1473 6600 6581 3132 8567 7446 1712 4041 2887 9323 8805 3886 4676 3070 5171 3015 5494 3868 5185 9018 9252 3246 8780 4424 2847 6779 5658 6086 1350 7479 4279 222 5348 6050 2170 9420 7033 6281 8367 6989 1996 4138 5617 344 3919 5709 2692 8826 6522 3718 2127 8482 8815 6794 4758 2821 1782 6104 421 782 148 3646 5784 5947 2982 8528 3143 5547 8041 3784 7340 5857 6724 8610 6138 7513 1555
805 4679 8910 50 9253 3069 952 9143 7036 1123 8037 7673 5636 1960 5217 6732 3633 9167 1280 8766 5575 6473 530 2203 5779 6053 2603 5995 7261 9014 9572 5029 6656 1567 8974 1560 9244 2400 8410 3550 4061 1915 3059 874 7956 3568 516 9124 5092 8525 9041 3223 1096 1569 2174 6255 3227 9412 6460 7982 8762 8323 6267 4273 3981 5258 6617 88 603 1595 8702 4609 5592 4849 7526 1588 6619 2043 36 2900 6808 3174 2781 4673 9508 5242 5274 459 6067 8732 4099 7064 1571 6475 6299 93
7928 9179 1040 1785 106 4269 4262 7964 2019 960 8649 465 7588 1378 0 6346 776 8519 6702 8273 3851 9357 3378 6007 1561 90 8188 7607 4494 4200 3189 667 1863 1773 7110 290 8275 7382 2181 7072 5379 6781 5920 5726 3681 2243 4592 8599 6034 8213 5098 8306 7713 7443 4498 8411 6426 8967 6113 384 8442 8309 9498 1794 280 8453 2332 5089 2768 6176 8497 6570 119 4658 7923 6623 8343 5252 4155 6456 8897 7486 7039 3264 3219 7308 5588 19 5795 1105 2228 7385 2505 2743 4081 1295
3515 7540 5162 8817 2629 758 1952 5452 7836 178 8445 4239 4465 3479 2323 3896 5411 7010 1660 34 7760 4967 1075 7822 55 1889 8870 4763 1360 8738 143 8335 8050 3156 5107 717 1365 9169 4924 8720 6168 208 5809 4563 5837 8814 7154 7702 4376 3314 6511 401 3350 9032 318 2024 4735 7608 2293 2182 3624 7258 9285 2199 6521 3164 2275 4052 1537 9012 1303 7597 5250 8719 2067 6466 8917 7108 8479 9074 3913 3720 2673 4066 3654 7182 7722 3527 5026 1647 8425 8366 2187 4253 3305 5971
6387 8365 6650 4529 3162 3410 5717 2178 5567 1140 2853 8331 1716 7109 7020 8376 5625 2605 8132 3778 7644 5989 1164 6259 5987 7330 1251 9431 8387 3299 224 9378 553 2453 8521 8195 7534 4387 5864 4010 8823 7856 4113 2311 9346 5650 9274 2492 3563 221 2070 4976 5396 662 4633 226 3931 6416 2447 1905 3837 2634 3258 2483 2765 8898 4651 1127 5623 2835 5367 8227 2563 9315 1853 8277 3795 6998 2502 4179 836 6678 7375 6639 2961 8169 3054 1612 7992 8496 3187 6021 7284 7613 6126 3599
2158 1578 9168 8648 5219 7855 6158 4979 6827 719 8215 4742 9524 3135 7716 9273 7714 3387 7762 6239 3959 1923 7505 4368 9004 5570 4428 2126 5706 8437 751 7191 2347 7433 5294 196 2524 1978 334 161 7411 526 2828 8392 5122 1101 575 6884 2872 1602 7013 7228 4202 7996 2415 579 8516 2780 4535 6419 8606 4874 5051 7018 5741 3960 5876 2125 5981 6541 4044 5879 8074 2235 2613 1446 7517 7556 2316 8027 7839 5423 7927 3213 9569 5832 1098 4700 5598 1533 9358 8429 7398 1880 7974 6499
9320 5942 6703 9332 2062 3639 8620 9133 2268 3733 8922 4934 7249 8961 7444 2753 9440 8290 7545 9317 4774 756 8401 687 4422 77 6949 6553 8377 1031 1136 2979 1678 4581 3799 3950 7 3388 5314 9539 2405 371 4638 2229 2677 9318 7663 8715 548 2096 1703 9548 9237 1154 2691 6071 4946 8209 1914 9202 1385 8745 101 5928 4223 8698 859 2728 1842 3445 3671 8508 1913 2412 5990 4037 858 8754 4090 169 7209 2827 5665 2411 2537 6946 7270 1166 347 1868 2290 5360 4560 8382 6789 2164
4088 4314 2249 3297 4877 5604 3933 415 3695 6956 8156 2211 7770 6337 8855 7504 7942 8877 4075 4908 5195 1157 4355 2439 1613 475 8415 8746 8646 6398 9348 5487 1547 7157 4333 6258 7457 609 8210 1747 7817 1670 2377 8536 6592 3558 9466 8971 1039 1515 6752 8640 4484 8888 4282 901 4685 2097 9374 9310 5334 7214 4189 1558 5773 3331 436 7184 9023 4861 2820 7363 2870 2260 889 3915 5757 4369 3034 21 4783 1762 8137 7305 3025 5467 985 2795 2226 7026 4454 8843 8913 7233 7313 8797
51 6788 601 2583 5295 3825 7845 1896 3489 7000 8949 5708 947 5881 2301 949 1290 4195 5264 7355 3448 7860 8070 9590 483 1263 9337 996 7658 133 1074 6972 6593 7595 7975 710 7918 4147 4137 610 830 6690 9437 8743 7740 7213 5072 7671 4710 8972 5446 8295 5167 5081 2559 3925 4853 9457 3625 3062 7012 684 4645 9462 2718 2868 3383 5751 9107 3206 6384 440 696 1417 2790 7310 5899 103 7538 1335 2478 6184 6804 1743 926 320 4704 2725 2137 6562 5023 1503 8790 2664 8069 6451
4277 7911 8672 7523 2004 7361 7940 695 587 4580 7197 5866 5980 9284 4804 4867 5691 9016 3872 4756 4035 1481 9172 6119 3120 3658 3738 7327 454 706 8887 1449 6961 8221 1083 8014 2785 6408 2684 5618 8730 509 2144 9365 9268 3073 118 1949 3699 457 7502 6943 7277 7976 8892 10 2894 6763 9473 6963 2487 2360 3677 6836 1186 9264 274 4392 2185 2093 8959 298 9542 8551 8845 5273 3945 6670 1909 9426 6011 5994 4546 4531 8158 428 3130 1908 7772 7415 5354 4026 5556 2205 3514 6671
8393 136 8344 9085 8150 2850 1917 9400 3309 9550 100 5248 8408 855 3475 1269 4523 7319 5115 6149 6850 3850 8466 3102 5 824 175 1499 3509 2860 6977 5855 5758 9060 383 7099 6519 4497 5058 3469 7243 5226 3973 9286 4208 6457 2252 1342 4506 2437 6646 4642 656 4330 3610 2633 282 2451 5875 2648 943 925 2523 9388 2891 7368 7022 4152 4135 9393 5083 2614 4240 3592 7167 9413 1276 4271 8135 6716 8199 7390 677 5889 8656 3657 3287 7437 9190 3501 1798 1346 1355 6996 574 6907
2577 3369 2845 2408 3830 4984 8953 7922 3888 1457 937 8647 6231 1298 7997 9366 1261 308 4078 1728 4030 124 693 6807 2048 8286 1253 892 5891 1076 6876 1788 3809 4231 2806 6160 7229 179 213 7402 5756 6425 583 4887 7483 8473 6861 464 4921 4488 4823 4077 8568 3277 7632 419 6628 5390 5587 313 7181 2154 6602 4829 1087 9204 8191 8624 279 6287 1267 9438 2406 2796 2697 8576 6857 2175 2212 7126 1580 3116 2756 2484 5449 6502 1573 369 1524 772 2061 1374 6512 8574 3112 6982
3980 2322 791 8566 2569 3075 4803 2165 8992 9071 3220 4388 1037 6721 7970 9454 9481 2782 9129 8586 3627 7929 2994 1966 1287 7165 8053 3845 4039 4648 672 1924 3205 7348 1234 8245 9423 862 7548 1343 7419 3939 1546 1017 1205 5071 1129 8907 1132 1422 4429 9555 6705 5797 1436 237 1603 940 1116 4574 789 4496 1566 814 8486 1201 1725 5310 3260 2473 1230 2279 907 5297 8238 4898 2145 9528 1617 7056 7965 307 1488 5983 5281 8819 92 7254 370 9417 8600 4091 9280 8404 1935 7393
9258 6022 6015 1526 4116 6625 1340 2846 685 6520 1592 6273 7883 4130 7821 4172 3085 8772 2456 8142 3895 9055 407 5330 3150 6674 8517 4810 5243 5502 3573 4436 871 6680 6292 4663 1406 7285 1442 4079 881 2620 1117 4441 9194 7461 5150 6329 319 3794 2963 5268 8302 4477 1541 4237 8645 4728 4788 788 6220 6355 2876 4841 7177 1363 2734 4013 856 2049 3209 5785 5054 1281 2445 3647 8149 5778 864 1207 5602 4992 57 5511 4418 402 4889 3682 6923 5593 4584 4674 167 3133 3177 8443
3199 7365 6513 4409 2107 6915 372 4191 2325 6676 5333 3270 5046 5681 3402 8507 3372 7952 6402 7029 4495 9596 660 780 2493 2881 7500 9579 1506 2295 577 5325 6842 7401 9053 4222 6992 1333 6890 9338 8707 4301 6774 3533 4085 3636 9076 521 1739 8614 2274 6594 394 6352 4795 4180 5099 1544 3823 7494 5580 8348 6094 8346 2499 7183 9493 8439 7220 970 500 3356 1955 7422 1239 3906 1182 8840 1320 233 2962 2965 9126 1596 4730 6461 6761 7670 3862 6567 6488 9195 6859 5762 7796 4455
590 822 2470 8540 1902 8168 2092 6216 7793 9222 1468 5362 7179 7217 9265 2886 2102 9451 7246 8588 3111 2739 8847 870 7347 9102 7512 6017 4590 7499 6543 9255 6358 2198 6844 9352 8788 1193 4154 6186 6725 2216 2167 9540 4036 1352 253 3486 2241 8820 3046 963 361 4517 6691 641 3160 4329 6660 4283 7362 6699 7935 8538 9170 4207 1165 7871 6496 9584 777 2589 1008 9448 9397 3660 8906 3483 5204 4708 2239 6087 9040 427 4850 9368 3107 6658 4323 4252 3252 8471 1262 9216 9199 8680
7200 8265 9544 2517 1542 2779 188 8244 3294 3892 8867 3191 8444 3245 2526 1882 1513 3432 199 4526 7791 4106 8430 6552 7074 3847 8644 8017 8844 8417 4997 3615 2814 8036 1557 7392 8154 7553 3953 1861 6102 7563 2907 3330 8522 5916 270 2407 3999 5077 257 4923 8929 7967 2098 2960 5843 8573 6966 5097 261 6576 769 8412 8143 1111 2086 4846 2606 3451 7605 7271 932 8075 3910 1330 456 2923 5073 3429 8630 4753 7614 4741 3588 9134 7210 7983 5118 7089 3096 5460 3168 1865 1607 4150
6427 1134 3285 8984 8082 6280 9421 3912 2857 5307 6029 1859 1669 6066 232 527 2586 8595 145 861 1367 6077 5351 7973 4210 8735 622 7567 7212 7508 7138 1562 3414 1147 4544 4624 8431 8468 6289 6326 1589 7591 4825 3033 3941 3593 6450 7808 8874 8059 7288 7346 9281 4128 5223 3936 9490 8532 6697 2822 4296 7231 5566 3243 2669 4440 7135 2970 2838 7962 1296 9430 7653 2721 3397 4203 64 484 1452 3714 7061 5831 712 8136 3336 3542 6157 4504 1733 863 8861 8086 4820 3611 5408 3692
3393 6679 865 6730 7312 4143 8628 1496 3152 6226 4485 2397 1682 7562 5152 2133 1840 7586 164 3254 2955 3547 1371 5480 4941 4689 3566 8699 7568 2809 2506 4681 5140 6722 4954 8908 7242 8828 1072 7787 4225 5747 8665 4968 9260 9476 3583 8308 5839 1167 9429 2494 711 503 774 2503 4935 935 5229 4209 1341 2546 7972 8040 5540 8660 7211 5526 212 9500 5532 5535 4007 4940 6246 125 2367 2642 843 6638 3484 7028 9409 490 7695 3549 1480 5771 6290 4842 6803 6091 5960 1945 7102 8031
3603 1050 218 9101 9079 4433 644 7429 6013 7681 4087 7803 8477 6183 6812 623 9370 1373 9588 3938 3666 4969 5269 6904 1545 5935 785 5463 6219 6824 6693 3044 1666 2012 5170 1797 3846 7314 9250 2573 9497 8948 4668 3159 5381 9488 1294 5331 884 9507 8761 1874 3170 41 6560 7230 959 1705 4549 6663 4629 4414 2985 6283 8102 5972 6651 550 44 438 2115 5164 1209 2197 7524 412 7455 4975 2511 7705 1324 6498 4985 8307 6920 7535 3876 3715 2122 7756 5173 2751 9009 8090 4024 7544
2435 7282 3637 6401 702 7589 4263 8734 2263 292 9059 3088 9049 8426 3104 7426 3787 7492 3667 1492 654 4848 5239 954 3840 1283 6161 2892 4537 5788 1085 4797 8183 8264 6078 1634 8510 6150 6270 8697 1651 3985 4593 8951 8097 3198 8089 8056 8116 4733 7423 6210 2888 4183 417 9090 5430 5710 2678 5859 8093 7745 5682 3067 7618 6269 1285 9115 4595 3109 4401 2701 8352 5453 2488 5890 3525 8862 3969 115 9503 6274 9176 4816 1103 4149 5601 3585 6894 3195 6430 7624 2383 3482 5957 4705
8632 6008 477 6987 7650 6909 734 2543 2486 5927 8379 2264 4185 7572 2362 3505 3726 9146 4696 4564 5664 2698 1311 5645 8167 3131 7496 2862 5069 8226 49 5870 86 6767 1939 514 4643 8260 5800 3746 7131 3215 979 8999 3742 3147 1676 7609 8428 8798 6018 6238 4002 8869 217 9442 827 3899 4631 1062 38 1799 5631 6555 5031 6477 8943 8457 7161 7640 112 873 3565 1216 7661 6525 9039 5655 6574 3239 1719 6544 4479 7529 1057 8380 8207 3521 6344 7201 9029 2006 7241 2282 911 638
6462 6303 5945 6107 5231 3247 6649 359 1621 3086 3412 9341 2013 2324 9568 2029 6838 9221 9450 7011 8130 3866 4682 7576 1359 4640 5978 1761 2251 5216 7877 7399 8973 5589 1981 6922 1490 7467 4218 4042 5466 3723 1462 121 9120 6395 9525 4304 4875 6873 281 3758 1259 187 6747 3883 3532 127 8389 1015 2754 4585 1236 3555 2619 5322 3039 2358 8930 6877 2132 793 1969 2258 9577 9246 7216 5215 4777 2934 4718 5548 5979 556 1139 4769 3535 8771 6388 1628 2551 74 1027 1608 3957 2082
7404 6484 6079 5086 6568 4779 1197 7159 439 6846 6420 6257 2749 2121 666 8262 448 3779 4111 9534 6377 9287 6153 810 9326 6535 2073 7354 8381 4872 5822 9549 4558 5793 505 9483 3686 3423 4888 1648 4747 1448 743 5861 8706 63 1014 6173 2140 6621 3502 4822 1331 3854 6491 4158 6203 2931 1742 3668 2974 3807 1379 323 8159 266 462 8451 1070 5550 763 9109 3700 5662 1754 6528 7987 5155 4578 3076 9367 9173 1358 3363 9073 2542 2134 9130 8353 5755 2429 2077 3041 8920 7945 7068
4284 6306 7619 2715 6376 309 8153 6848 8631 91 5192 6198 790 975 2928 6715 219 9591 936 7776 3716 5906 7875 1486 9145 4364 9582 3225 1710 4375 8396 6324 3493 995 191 4618 8141 5574 496 3774 2300 5640 7685 8134 108 6268 126 7188 7009 6493 168 7023 5986 567 762 2035 1437 2742 7374 8441 4246 6127 1056 4662 89 2114 2647 1194 3858 4720 1441 4298 446 6537 1206 5306 8386 7069 7076 879 6277 7073 2541 3783 7434 6403 11 955 4500 3856 3417 8882 85 8452 1860 1627
4835 7854 2090 1372 1579 1922 1549 8619 1806 6729 5474 7320 7391 1947 5692 20 6010 9394 8575 5975 2536 2555 1987 8809 7794 4476 5372 8791 6331 3944 6264 9223 4963 9164 6118 6901 2777 4426 6878 5303 3376 964 3577 2901 144 9116 8652 8889 7742 8066 9531 573 2579 6378 1641 1552 6825 2269 8197 2682 5288 1328 2784 5578 5028 1049 8370 4561 9233 6918 7096 4133 3179 5982 4178 6750 3529 153 3711 7594 4606 4406 998 8960 7364 1124 6044 1155 2223 8478 9267 5427 4192 5049 3881 1001
9205 2428 1790 7005 9185 4493 2366 5135 8591 3977 3185 6604 6155 3880 3963 5539 6596 5620 3574 8764 1593 559 2217 5632 1344 7190 6991 2184 7383 2452 5112 1237 6316 4555 7129 2149 9470 1729 4607 9405 9449 8912 8506 6319 4520 443 2916 5050 4515 2658 7351 8071 3793 7169 4105 2879 953 4621 6442 9520 4103 2195 7325 4880 3841 5425 7887 1173 9304 6735 8881 2155 4746 1432 9411 3766 14 5357 823 2714 7025 5088 6695 6944 1189 4346 608 3734 6288 3045 243 7743 3971 7959 4617 2466
2663 2778 1609 6353 6423 9242 1232 1025 4162 8763 5101 8045 1301 5431 613 6819 7518 5903 8483 288 7376 8526 8547 4361 7862 1390 8799 1112 4486 875 560 2591 3946 9213 4703 4053 5922 7245 8781 7276 2690 1286 3995 3576 6591 8873 8035 4895 9327 9533 6152 47 664 7906 7596 6954 5544 2973 5134 2393 473 6177 8414 3838 1419 8983 6935 2418 2640 2475 5659 905 4227 1399 7831 3523 673 834 2220 4423 3230 4639 450 8175 17 2276 5065 2869 8289 3119 4153 8464 7669 5128 7092 1120
1836 3801 4635 4386 8355 6432 1958 3056 8590 3836 2854 1970 7914 9162 1803 708 7971 9066 7566 1113 5146 8531 7495 5780 1795 479 2823 7988 1191 6272 4964 639 1188 8155 5649 6849 8345 7274 6822 3623 223 7876 1203 6291 6654 6147 4204 8282 3320 3701 5438 1106 2831 9174 2580 8007 2936 2310 2042 1454 1002 2724 3259 720 6483 6374 2593 1563 8138 6818 5391 2878 6241 312 3440 82 8189 173 8500 4553 2108 7889 4751 1183 2566 4505 6279 8717 5483 4844 7674 8577 6256 4511 7818 5409
2598 3261 1575 6883 2858 5175 4359 5918 8584 744 3465 595 2918 8303 6711 9227 2948 5004 3237 7462 5635 7898 1823 5952 2509 162 9030 7204 8480 1971 9592 4108 1717 3810 5102 4032 2442 878 4101 6012 9460 2769 2023 1974 5189 3018 1400 5878 607 2786 9478 7226 9477 2341 4196 5514 5653 1916 3386 2353 5008 1089 5016 1576 4619 6357 5767 8723 184 6681 1605 358 9383 8626 2444 8923 2825 6887 7555 7902 2630 9147 8455 5621 9515 230 7925 9322 1756 2699 4107 4310 9097 6413 3492 4205
3370 8618 4112 7924 2050 5910 5087 8357 6551 5792 9031 5546 7017 3511 2890 4812 5457 8792 5796 7244 8883 4623 6815 4840 9224 3395 3089 7136 2867 304 4063 1302 9276 8884 8708 4165 3253 4058 4683 1516 7847 8784 1774 8979 7978 7055 1646 991 4884 7037 6252 6538 1428 8266 6023 6981 5130 9058 3404 4131 7811 1825 2762 2533 5742 7493 3630 4690 4342 6782 7778 8458 6762 7647 2001 7441 4897 6668 4122 7163 3518 1777 9229 3656 3421 3419 9235 8829 3584 5991 3500 2009 4723 2832 1271 4931
4070 8759 992 1856 1674 2925 8234 6059 1090 6778 6546 634 9359 6937 2057 6212 2761 198 8585 6962 8552 7289 5276 6482 8394 2539 8103 8421 2356 7196 9155 2471 2091 7954 7232 5095 2286 4483 7584 2680 8418 908 5736 6375 1656 9099 9006 2844 4972 1818 5573 2842 2495 42 7251 6005 3186 8695 8810 2344 8016 8998 594 2927 4190 5447 9494 3843 9295 3449 2889 2168 3641 5139 4254 6294 1778 7066 3934 9328 7280 7687 1028 8456 1036 2656 5441 7332 8436 569 1857 8679 3485 9028 759 1376
7815 5261 5924 5505 976 4971 7920 1985 8368 5880 7506 6334 5670 2391 37 2002 4722 1847 1931 8793 5938 6687 1720 961 8242 1694 3442 2904 1619 5846 6110 3193 2010 6068 1559 7356 2374 6479 4847 4899 4791 600 6534 2142 5209 6476 1177 1776 9447 6718 9087 7963 3361 4294 4873 6905 8280 9269 1662 3762 3731 2520 8666 6892 2516 9211 7892 4647 4518 5121 3581 5279 2139 9024 7926 6234 4435 652 7679 4363 3909 4453 6939 2528 5752 895 1162 7569 8831 7315 6616 1460 6370 883 6505 8287
5143 4226 3122 4201 9091 3272 8301 6806 4834 8691 529 1393 6684 6209 3094 1718 8617 5847 2209 3642 7040 5824 5763 6734 2805 6726 8312 1635 4739 6583 1959 825 6955 5038 7088 7530 761 2500 945 3359 2014 5405 4064 504 5222 2666 1336 4808 6587 1565 5450 1308 400 7948 4258 8818 3161 4251 1895 1835 7420 8970 350 9291 3078 5768 1073 5827 6249 537 6927 8203 6074 7782 2253 7874 1781 1218 5272 835 4062 8251 5477 6056 5475 6278 7003 8958 7223 1048 7848 5805 5138 6595 9064 5840
636 1535 4034 3520 6746 315 1260 7150 1649 7732 2027 7723 8128 4408 3755 9128 1624 3060 2208 8373 3803 4815 4736 1004 1543 8535 4073 6438 6634 6318 9068 8909 7915 3248 9373 721 2694 6775 1691 8674 9192 8638 3144 6415 7527 9350 3962 1069 7464 6146 1233 9200 7703 4878 1934 7269 4145 1423 3626 4221 9051 5075 5946 3051 2416 518 2513 2312 2712 7473 1758 7041 722 5311 8755 6669 3117 5349 694 4473 354 8778 9240 7090 7998 9125 5596 5728 447 8926 6464 8028 6895 276 3706 5356
3373 1199 5304 8539 1784 8976 6339 5611 3157 3924 8354 5529 1282 4698 4344 3012 4856 1268 1410 3011 5932 1297 784 1461 5131 5153 2949 1938 1901 3901 3885 749 5999 1392 2992 7323 730 4565 3166 2095 9300 7525 665 1950 2157 5599 4711 8030 2304 7785 2572 5359 8537 1273 3691 4199 3074 7293 3662 9296 973 2594 5096 5814 2111 5689 982 8868 9361 7208 2631 1009 9184 9472 1721 414 5227 7633 4318 9034 6503 9443 674 329 7579 3968 7406 1780 3447 3349 3009 5534 944 4420 8710 260
7863 4702 1944 1962 6712 8694 4656 5389 7260 2705 7949 1973 655 6688 205 4241 3276 6073 8554 1451 6182 6624 4859 5042 5048 7580 3522 6787 460 6910 4813 3165 6405 5194 3004 8078 3743 7984 9553 8641 2207 8255 3000 6381 5361 7047 5205 8372 4819 6351 3464 6312 2424 8125 2975 343 5849 7408 3694 4993 4214 8230 9330 3098 9530 6178 3002 8020 6070 6497 4960 3300 7454 4653 2877 7180 7255 8756 5448 4171 2771 4587 5420 7082 965 386 6307 8529 1699 339 1212 7475 388 8941 7901 2750
6530 4937 3586 4389 3817 6829 5393 1445 1993 7339 267 6821 2670 8779 4031 6490 5290 1453 1131 767 7038 3313 4862 8530 3951 7795 6480 882 9219 9081 1202 4591 3676 3036 5503 1323 7152 3638 7259 111 4770 5521 2281 8311 5148 1356 5163 9581 7549 4142 6526 6780 9010 6139 8822 5509 5108 8048 7442 6694 1673 626 7805 302 5687 6171 2180 8865 2897 2030 1581 5137 3920 981 6731 4382 5652 3214 3739 2766 170 8269 6916 363 9563 3400 616 642 9558 2330 572 9231 9262 5262 3290 4472
9551 5786 2531 1527 410 3167 4965 7720 7151 3141 5282 1478 7091 2449 5562 2336 3798 8609 6204 5067 1820 3345 3007 4321 9546 4932 2755 5626 2431 5100 6046 6350 1594 1755 3333 7235 2793 7652 4050 5373 9203 3048 5177 2224 6975 8667 2320 3444 4447 4530 3099 3467 4989 3427 4717 116 4507 1504 5541 4249 3748 3517 7717 9069 2173 6285 2143 5695 5104 4102 5931 3865 8919 7403 4157 2693 1616 4166 6382 3554 1692 7024 5513 5045 1899 326 8990 5937 818 5977 3110 8164 5013 7316 7981 1270
3406 2898 8514 6317 5845 9406 1305 7546 5406 2674 1807 8285 8279 32 8010 4216 246 5723 109 6474 1926 2120 3244 1893 868 5257 3890 4146 606 5324 2403 646 3578 2840 1620 552 1906 7593 3006 2409 5197 9554 5470 6506 1415 3184 3415 5739 293 764 2941 6131 2544 8728 837 615 3047 2588 6993 3606 4665 5404 1109 627 2989 4538 2156 7008 5326 4716 8957 6361 1779 9136 2113 1975 844 6967 110 5886 1005 5039 7225 5595 2189 8918 7921 8895 8894 6572 7164 7115 4238 3889 4312 5600
555 2610 1029 5074 8433 2022 3540 357 8369 7477 668 2384 5714 7083 1375 7369 2953 2480 5207 174 1313 3834 3955 7116 6030 7132 3917 8011 2801 6760 8146 193 8052 8358 3826 4738 4402 1229 8186 9063 4395 8842 5858 3026 5930 5629 6485 8268 7027 6130 8064 6855 2978 8565 2426 918 7958 5897 4508 1224 2599 8688 1775 6913 5571 4474 7371 3236 2289 1071 1548 7425 9106 142 7187 5888 2317 3562 8598 5370 2730 5919 1765 337 2159 6481 2280 2190 9532 430 7816 3443 5661 1347 4786 4828
8467 3537 3468 8283 7342 7753 3382 4620 7838 453 3354 5320 7275 6392 2455 6004 1084 7913 1686 7353 1022 3869 857 7062 3124 3575 2651 6096 8737 3416 1752 8579 6770 989 4857 4838 1845 9311 1248 4467 6084 81 2584 4930 7004 7646 2443 2025 2645 690 4764 833 2244 3709 435 5627 640 3635 7488 1862 6843 1992 598 1585 4016 7804 2527 5783 2851 8603 4675 4315 6516 6790 7498 7449 433 9537 921 6162 3172 2601 540 8653 3335 3504 5432 1337 236 2359 2873 7691 6743 5421 3128 3319
3293 6195 5212 79 5037 2100 7324 1366 7643 519 8561 2622 1179 4894 1459 1925 2899 5597 2436 4695 3310 6142 4490 3283 229 6756 8789 1540 6092 8534 2639 9314 3221 240 2802 7726 1990 1583 698 5412 2060 6064 5387 8233 8546 8550 5844 4499 5643 2078 950 1883 7666 1982 2791 9156 8298 5690 1041 2402 4175 591 7427 1658 3371 3377 238 3473 7428 4224 8858 4886 5318 7781 4918 1745 5491 5646 4478 5426 8800 6043 5117 2911 3683 3507 554 5025 808 3519 2433 5047 5364 3927 4929 1675
5061 7960 5619 2018 8174 6445 3600 4767 7360 1054 6431 418 9552 2704 7907 8899 1667 1498 507 4881 6970 4097 3855 7085 228 7112 7938 1681 8237 4046 2815 4094 3878 3030 9521 9153 5672 8114 7858 9103 5012 8786 566 8890 2038 2363 8118 1246 3557 5967 4677 6675 4650 5384 6148 3329 9180 2971 351 5414 2770 8678 5125 3800 8744 4303 6990 877 426 2454 6463 4582 8634 8388 8863 886 2558 5436 7764 6500 5775 5284 1467 8571 1128 1953 489 8925 7107 147 8601 1078 6964 6713 4434 1176
5883 3139 2993 4913 9427 6052 374 8527 7934 7146 8072 9270 728 4532 8830 3053 1723 6090 5291 5582 3455 3023 6666 3158 6696 8469 3536 140 9245 8811 7528 4379 9083 183 7337 801 7077 1995 6926 1677 6517 5253 1772 1046 6640 8524 9518 2794 96 6863 7387 8339 3621 6421 9220 3389 3827 4905 2414 7951 2843 3204 9092 1538 7628 8621 4114 5909 5186 1299 2981 4625 2576 1322 2166 2621 6940 4054 295 4449 8751 8513 4267 4818 3093 8170 6414 9356 8962 2767 2477 9543 487 9519 8502 3669
4198 3347 5017 1568 9445 4615 5486 3240 4469 3301 1402 5435 296 5898 7747 1497 2627 3789 9256 8105 3811 5126 2171 6233 4833 5267 9212 4328 8757 8068 6133 9072 2196 7667 6841 6795 3459 1213 3481 4170 7600 2285 5492 1351 942 2054 8994 840 4468 6492 6508 5634 4567 8390 5114 488 8095 413 7739 76 2716 8129 7757 5157 4127 4809 5380 629 1380 7699 4516 2128 9567 5147 8091 5182 5103 2349 7476 3943 8622 1138 4603 6845 1514 6260 6201 6868 8223 7829 1864 8650 285 8438 8121 6340
653 6709 984 7227 736 5563 5722 1021 6611 614 4384 2788 1088 4562 1421 9422 7615 748 210 643 9395 9566 4792 3989 7438 9046 458 5731 7054 1921 842 6700 980 7148 2534 7733 1943 16 8558 624 8871 7680 8004 2686 3545 9105 1038 931 4038 7359 1033 1321 8753 2413 4519 9484 7807 670 8248 3462 2839 752 6550 7611 3512 4911 2191 2736 4944 1211 1483 8671 7447 8405 2568 5696 4021 9344 2065 628 8278 7786 1291 6556 7842 6214 7979 328 866 4762 1979 1986 6561 903 1572 6737
9263 3893 7014 8542 1153 2390 2567 986 3390 2020 7990 2021 9335 4554 647 4404 360 5531 4649 6953 6435 8272 4950 2940 4572 2995 2731 1208 3183 6627 2308 2398 7869 3887 8171 9506 4712 6642 4974 2192 5867 4126 6406 6467 724 3561 6108 4123 7890 4156 3437 1957 381 9432 8332 7704 2481 250 1884 1881 8852 1425 5371 294 7221 4080 2759 2560 316 1007 1315 7550 8235 4148 7279 611 1240 340 2179 6885 7198 9446 322 6597 442 5451 5079 8342 8559 6308 25 2735 8824 4776 1968 5235
8319 7453 1770 6031 1238 3902 4509 5082 630 6947 8515 4637 9321 5172 4664 2172 6093 8605 7851 3548 2339 2729 2273 485 122 1531 1064 4837 5842 7912 4782 4280 6447 927 1404 2327 5749 8582 6495 8228 5851 8731 7746 404 4230 1645 6645 2554 7491 6945 9302 2752 5317 7042 1976 513 4197 8548 3031 2713 2723 1306 7105 8124 1249 7405 807 7718 7857 4745 3628 5224 2047 3153 2177 6440 2623 5606 899 8449 4793 2369 1289 851 4915 6359 5724 7239 7367 9025 4491 2556 9189 8384 3203 152
1258 299 7001 1312 1086 263 3072 1689 6187 6191 5386 4852 2764 5950 8495 1653 4851 1810 239 7458 368 3134 8773 2592 1012 4043 348 1383 4072 2463 305 597 7480 6325 7050 2094 2643 9042 4882 1401 2146 8077 6132 9339 589 2176 2944 558 6486 3192 62 4986 700 8012 6215 2272 5677 1241 4893 5350 1819 6539 9234 2575 9086 9509 385 1912 6263 3570 7700 102 4057 1345 5336 2641 4737 8611 5984 3747 5144 3463 3420 6893 3680 4826 2515 7002 729 2959 1636 6411 1266 2008 584 9455
1464 2521 7660 6769 2676 9425 5902 3645 27 431 2052 7224 5084 3005 8257 5680 5076 4084 7511 6644 2284 4646 7121 6253 1484 3664 3430 5765 7236 9562 355 2087 1591 5187 1382 8760 2468 5440 632 3732 9121 2757 3546 5992 3728 6470 3470 4275 1279 3472 6296 423 8259 7835 3249 5496 7631 3921 6612 576 5368 8361 1006 6683 5365 3182 7487 9379 6720 6054 2292 3279 317 3090 5113 3273 3763 206 8465 4055 7834 8201 9573 4307 8592 7977 4331 4697 4740 420 8604 9271 6797 7445 8022 3327
1626 8 2011 7728 8484 9594 2952 4680 1601 4327 4688 3275 1185 5444 247 7034 2808 7331 3619 3867 6531 6659 545 753 8293 5120 7826 5684 5094 9154 7682 2942 4980 1867 4295 7693 7417 5913 2819 3454 1998 9111 9033 4928 4443 7694 7832 2550 8025 1843 2459 4545 2883 6714 1731 7267 3679 291 3569 2657 7904 4140 1433 5340 9275 204 3231 2906 5471 2885 7686 7155 2247 6194 1551 5871 8629 5798 2880 7060 6105 8198 5923 6314 2618 812 9360 6897 5292 6235 8374 2863 2969 3791 832 4714
4232 7079 2744 2204 6614 8607 2225 3756 2392 6547 8936 6040 331 2124 8190 6622 1738 6501 9486 9408 1135 2214 2438 4983 4991 4211 1420 1791 5166 8768 1523 5090 688 2064 4006 5184 915 9557 582 3596 1094 4973 6888 8459 4925 6740 3871 8108 2504 8057 8192 1455 9371 8296 5519 1225 6453 3384 4870 3663 2491 796 1204 2248 5591 3829 1023 8454 2946 8218 8806 7582 3497 1482 6143 6368 5236 5358 1247 1447 3538 7397 9188 3911 4415 9075 4630 225 1936 6179 1221 3171 2163 1696 9349 2939
5705 3649 9541 8980 5241 7993 9013 6193 2514 5549 8127 7309 679 705 2084 197 1024 1604 3196 2329 1325 2059 4942 8944 3508 9416 9215 7903 3304 4766 7577 9093 1223 9061 1314 1891 2833 6037 3751 5694 455 9334 1695 913 1744 1833 8658 6320 6365 5296 4644 6590 9547 1956 7273 4721 8314 7263 2625 5712 8001 5628 3351 5725 6468 4502 1920 9054 1708 1 8488 7521 5616 2813 6667 9464 6837 3235 8589 9152 9313 8350 1093 3303 180 8662 8076 3013 4724 7065 5760 4360 8683 6798 6100 5686
4761 8570 8187 6134 2667 3672 8703 1398 2834 1501 6202 6930 3341 9150 9149 395 5958 3589 8636 4860 2222 6766 2776 3136 8485 3339 6248 1929 7662 9461 6509 1521 4854 3721 987 5060 8008 531 353 3307 2148 7185 8556 3097 35 2999 5806 2343 6197 3752 7520 6454 4614 5699 8322 6569 1172 301 411 2787 2399 1928 6305 30 838 4335 2655 6564 5434 3587 166 7298 7547 6330 7539 8741 9301 651 8749 8409 3761 9047 6014 1242 3190 4266 6367 4306 4293 6896 5302 6265 872 6390 1849 6410
5156 3991 391 5610 7617 6906 3729 289 1318 5385 5053 2919 4362 7202 3815 5965 3391 1983 4350 3288 4358 3360 3399 7765 4220 1159 902 2037 1753 3765 9474 9132 3958 6069 5419 5821 2986 5056 8299 3106 6959 5745 1354 6814 5770 1055 6533 9560 1702 3852 2066 7837 691 2058 5328 6116 4071 6840 3952 5552 1793 798 5063 4891 7478 5590 2587 7575 2346 9589 6741 9511 5136 1184 2422 3477 4938 794 6580 6631 1148 87 200 6630 8900 1839 4566 9177 7424 8328 7440 1370 1841 8832 9239 5228
8476 2597 1972 3032 4182 3029 2909 3433 2104 6356 2816 596 4056 1698 5740 3194 207 1984 7638 373 1018 437 3317 2859 5743 2088 5929 252 4524 941 3942 6109 8742 1919 8700 338 1060 3506 6830 6254 5011 6875 5401 70 4069 5744 7087 3292 3334 2626 6222 539 5161 1824 4125 7133 5974 4184 5339 8726 620 501 1142 5774 8544 2193 7248 3877 1102 4994 3590 474 4068 6424 7731 6072 7641 2646 3994 904 6793 367 9306 2498 7721 6615 3101 4033 4300 2913 7867 978 7304 3990 2990 4051
2267 1751 4159 6689 1278 765 8857 7266 2810 6832 185 1700 4413 6637 2116 7571 6039 2582 5900 6853 3792 5615 3832 7819 8182 5808 5211 1672 8061 4577 9208 4556 6136 6309 4188 524 7134 3126 8047 6208 8670 1495 2871 461 5603 1629 4261 2687 28 8661 130 4814 8856 262 2219 3964 4174 8434 3687 1463 6899 8087 7265 5647 9517 922 5232 8347 6471 802 6211 7711 5772 5613 747 8271 3707 6865 5485 5674 4951 6009 8107 1760 209 8101 7497 6446 5804 8085 4727 1652 1870 4768 8935 7933
8795 538 1815 2525 3352 6192 5246 6917 2294 5214 8581 7137 1837 1554 5461 4693 8758 6710 3154 6995 2738 7783 8637 5344 277 4719 9207 3670 4962 9257 6823 6062 570 2210 8340 1180 6247 8383 1327 7490 7468 6773 2045 5301 5078 4559 8249 3736 6618 6986 7409 1434 5584 7007 3173 6042 203 7145 297 1219 2314 6799 821 5911 8499 2472 2015 635 3229 7122 4589 9504 7234 7381 1458 599 336 8555 2255 1293 214 4292 1746 476 8019 5110 6771 4124 9142 9559 2109 444 8407 6523 8851 5962
5169 8131 4865 4416 1866 5518 5557 7143 1158 3394 6758 1796 429 8802 6385 4626 4212 9272 3719 6242 4397 5553 1485 2215 1479 6111 7719 5416 4313 8533 5033 1963 6858 2914 5729 9187 8397 6545 9035 2039 7784 533 1250 6200 7474 5812 4317 8848 7995 6048 2160 8261 6936 9294 3997 2188 3595 680 5823 3572 377 7980 6813 2103 3510 8825 4487 1369 682 1804 6323 6536 6041 6847 3200 3760 1210 7690 8965 7377 7484 2943 4800 8318 7171 5707 2265 6342 1384 1687 6914 4757 2123 5377 1898 4608
3780 1231 48 5818 2016 6196 5482 3291 8977 33 8916 7291 9463 3749 6434 7932 3737 8448 1494 6227 5263 2333 408 2737 3496 2590 7585 4588 564 1829 424 1894 7554 8029 3870 8334 3452 7937 6448 7147 9564 3594 2720 750 5410 3898 3987 8193 1472 1190 8625 6135 5700 4901 8231 8991 5465 5062 9261 1077 3965 4749 8157 5080 1307 9100 6443 3210 8860 4104 5679 3503 929 3777 5605 6036 9005 4109 379 9386 3338 1875 779 6114 8639 4557 1133 4464 3651 2804 5327 2711 5838 4213 6833 4725
713 3 1357 6820 4082 5035 6745 2956 9381 9469 8088 6026 1214 9137 4399 4 3790 2607 896 7207 1095 551 1622 1961 7895 8747 2270 5266 811 585 9467 3064 6433 7727 1418 1697 2574 1715 273 7701 9015 333 9283 4074 2071 9575 4541 8240 1783 6973 6489 6125 5750 704 2841 9251 7119 5308 2836 2612 5895 3458 7930 7771 2130 5490 5568 4348 4219 8018 5853 8241 7174 7966 141 1940 7281 5969 9424 5015 8294 2465 2896 648 345 2404 5030 8002 2236 9057 235 6969 3900 7574 6230 2283
6121 3268 6207 2318 9514 1181 5378 8767 7859 6001 5289 9324 6206 3935 4308 2213 5105 5176 2296 7809 8709 847 6784 1435 3842 8608 201 8572 1977 3940 2609 3453 4394 5545 2467 1911 5010 4948 2152 7058 3591 5782 3021 8321 8205 6369 5158 5402 3996 3708 6647 5803 5934 2233 352 6919 1104 7865 3145 619 4093 8194 2150 7692 8359 5168 3750 8098 9377 1115 4744 6911 4961 1954 5921 5278 2497 4912 8378 9345 773 4982 9165 5375 5561 5735 2972 4575 4009 3129 2055 8003 994 3080 5376 3068
5799 84 1858 2660 919 2420 2340 6573 6759 4459 605 7994 7287 3722 1110 7086 891 6 3188 8363 8317 5789 9342 8229 2161 1386 449 4092 1427 8349 900 6455 4411 6336 4821 5644 8178 2538 6081 5022 2072 5366 8110 3797 3597 4233 2076 5238 3582 6033 3422 7897 1000 3234 5522 5820 8580 5622 8447 2535 2338 4048 9369 5319 3364 9351 7218 2017 850 7296 3337 3434 6727 819 3265 4129 7684 2396 1988 6768 8545 2277 4338 3620 5688 1389 7824 2303 3127 1141 2485 4003 6881 5948 7849 3820
9037 9403 8329 7715 8115 3476 7748 2230 2967 7649 2920 6938 6047 3222 46 3735 1854 528 3607 4022 6902 4539 2702 2564 5068 4903 633 3891 5733 4534 8054 1171 4636 8225 4421 6653 4243 8177 6925 3993 7999 6629 5093 4583 2852 4970 8859 3311 1967 5352 1900 8122 3648 1405 3703 5721 2665 56 470 1522 3238 4787 6397 9123 8549 1408 4460 3216 6751 8880 265 1749 739 1704 6891 5210 3408 6707 849 7452 1625 2562 397 699 5369 1946 5863 4451 8152 4400 9436 3556 5285 4236 8681 269
6452 525 2727 8876 1170 6459 1606 7664 5109 4599 1256 7410 18 434 7689 3178 1235 1416 5912 80 7950 3828 4001 5417 8934 9398 5473 7947 7128 8406 3295 1144 3907 2315 234 6095 7872 1058 1657 3488 6035 6185 9299 157 6335 6407 7846 3757 5353 541 9043 2902 9236 5000 5397 5959 7295 5685 382 8989 1156 8635 6613 5537 6997 1688 7516 5190 2036 3602 3661 7466 6373 988 6428 3914 9217 3353 3298 2991 8714 6167 4601 6051 1034 4457 1493 6085 3008 23 4902 2432 4462 6870 1903 2571
7413 9249 6172 1430 4194 216 8839 4417 4234 714 4466 9329 5530 6383 2056 7400 8505 7622 6739 1456 3673 1618 8200 2807 5200 517 5459 6951 9166 54 8185 6045 2357 6958 4365 7278 2194 3257 2080 3754 2540 6608 8939 2548 31 735 5020 6151 7656 8594 8569 2425 3998 3974 8243 3262 2608 1440 1476 5193 4778 8560 9044 7378 9343 5180 5766 5781 2246 5754 3016 2287 1590 4671 7698 5949 2636 3745 727 997 876 6310 13 2430 4139 1851 4799 2653 9201 3306 6297 5066 7891 663 1727 9021
2917 5637 4551 4602 760 7057 3530 5070 7587 3614 2703 2745 5516 3079 4611 2741 7655 493 2227 546 678 4438 8492 3346 211 3439 2099 5683 7894 9415 365 9104 4772 4320 7379 3984 676 3764 5424 6123 3365 7636 6515 3650 3368 1035 2518 4855 2387 1097 335 7672 5951 7665 650 8083 2464 6240 4548 3724 972 571 6321 1108 4654 6075 8206 6657 787 8338 2545 5887 1475 6698 3674 2600 3017 7328 7612 4181 1020 8896 3622 8682 2288 3571 8324 7559 7481 4311 5614 342 4576 7759 8716 1812
5941 6404 860 494 6839 9108 7117 4943 6606 966 8416 731 5346 741 3553 8633 9230 6708 8981 4597 8729 7953 1019 2557 95 2570 2106 1789 9135 7450 6276 5499 1443 1397 1768 6636 5141 1226 7627 5199 1381 2306 7514 4666 5481 8557 5111 9495 7827 1639 1424 3988 2313 5041 621 8123 8616 3091 6507 6293 5003 5716 4011 4955 2250 2460 5001 9303 4446 909 4594 4481 5021 3894 1310 1114 6360 9459 271 5718 1300 9084 1403 5057 2595 4019 7775 6882 4926 4514 7299 5976 120 8587 7114 2378
4512 1163 5813 7186 3049 3903 3655 3767 8866 4385 512 7657 22 3644 244 3208 268 2758 6061 1750 5479 1061 7357 6994 8042 7257 2733 8474 9228 4743 5517 1907 2410 1053 5515 7886 7253 5667 255 1377 2848 5462 5133 2760 7558 1577 5961 7896 3923 4836 4570 1439 3207 7349 5825 8722 1816 8836 5807 5572 2005 4163 7469 1989 2372 1067 8475 5607 163 4909 492 7648 8140 3551 2683 3776 1121 9316 7113 7006 4121 9510 5896 7336 254 6379 2394 7111 2069 5429 8593 1255 8224 8739 8239 8111
775 486 1066 4290 5329 9122 24 508 5943 5129 4824 8893 5860 5834 4412 6223 9277 544 8481 2996 6348 3516 4798 1766 8160 4045 4029 6886 3814 8801 6586 6103 3864 7153 2987 7519 3616 2732 2910 2238 7515 131 6128 6682 588 2206 5654 2352 349 8080 98 6952 8420 6300 1217 3028 5970 94 5249 7893 8952 2201 506 8664 3149 5342 1769 5873 637 3976 3403 3019 9197 5777 4341 3772 3970 6371 1470 800 2968 8704 3812 6181 3424 9248 4319 1391 1706 3137 9487 2530 7292 3176 2722 2706
8032 1368 6422 7777 5693 2638 156 625 4573 671 898 8094 6665 7908 969 8501 8864 3873 8013 8993 6912 7823 1918 5116 1465 2007 5624 6412 6889 7078 3343 3972 8166 8921 8491 3123 6057 321 9512 6864 8796 2501 314 1063 5497 1701 3580 3380 6386 4863 3785 5293 6777 1364 3256 3323 6366 4169 5443 7792 1802 4193 6786 771 5286 1599 4598 264 1130 7936 6002 8033 8055 4936 4023 8305 8326 478 9522 8982 7561 8904 1872 4692 7272 1664 4144 4661 983 2081 6974 3775 2053 740 1650 5309
9336 1487 283 3552 5642 2615 709 7168 6417 8849 9193 2688 4628 4866 3813 4686 7451 1520 5753 4627 7030 715 2131 3560 7522 8220 5085 515 5862 3266 2602 4049 6542 7881 6548 2746 324 8403 7741 5337 1655 1195 2278 948 7162 7570 7678 5407 8903 6514 5673 7801 8995 1808 1119 5964 7766 5882 831 4527 689 6632 2307 8044 9401 7870 6380 958 5675 2632 9458 8067 4987 3042 2490 3322 828 4827 6391 3471 1146 723 2882 7767 6347 4939 7384 4167 2830 2884 7460 1512 8263 469 2401 4489
6189 6364 7482 3688 1556 5559 4879 4890 8232 2661 78 9008 71 5201 8073 2772 1413 8212 5064 6243 5160 1502 7813 2462 510 4966 7761 8850 5816 2635 5323 5456 1637 8330 7448 4345 6934 2977 7606 409 661 9479 7620 6948 1243 4008 5251 1091 5833 7654 7326 6122 1553 2797 3125 9017 9113 1010 9095 83 8202 4403 9198 8106 3362 8139 2388 532 8362 3849 5501 5904 3875 8219 7688 6701 6985 146 8615 284 3796 1032 8696 3839 6224 5802 8274 8651 8144 2654 4811 7604 9036 1564 1326 9112
4632 5787 8942 5585 7884 8690 2379 3684 9319 3904 6301 4398 3689 880 6080 845 4380 5247 6879 5701 4018 8964 3282 7625 2461 5413 5422 783 6124 9289 8148 3142 1244 8657 9019 2117 1610 8562 8988 9452 6510 3478 6154 1685 928 8356 3302 9375 1474 7222 396 3181 5437 5656 3316 5730 2681 549 393 1361 3740 5313 1161 3435 2218 9404 6251 8932 4065 2532 7536 1187 8740 4958 8701 2611 6733 7888 8217 7301 4978 9536 8065 1932 543 7917 8300 7830 792 9545 7557 2954 2789 4235 4430 59
4789 2034 311 7264 5638 8173 3618 2659 4956 4687 1200 3629 795 6060 7683 3782 7350 2935 4916 4659 3643 8686 3539 8846 8659 1092 137 1426 5159 7035 194 1265 7583 5748 9471 8563 8391 3087 5260 7414 5968 3155 3932 3704 4264 155 3983 4244 3513 1711 8494 5527 6140 5202 6469 3201 3250 4868 3986 1871 4715 5996 7900 3498 7416 4096 4471 2147 4920 6019 9347 7696 8623 3863 2650 9089 6960 7352 1107 3690 5933 104 4784 3956 2386 7909 8216 6098 9501 1822 2945 1730 6601 3431 6673 3598
6578 557 3822 9389 6620 7623 7294 7879 9175 8785 7070 8945 8000 7581 8509 1500 5893 3474 1630 1222 8292 6610 375 1444 6106 6664 248 9489 4391 7195 968 4540 4164 7955 5676 2689 8627 9595 3251 1519 9492 1003 938 4684 5374 7946 5715 4177 6458 3014 4265 3653 1152 4586 4475 278 686 1047 5300 701 9387 1586 4356 2334 8985 547 9000 1469 6088 8034 4047 2644 4904 6950 128 2817 2811 7630 6582 4657 4780 4669 3063 9178 8395 2861 9372 3905 745 6049 5287 8364 9290 3567 172 5478
8931 957 7194 5476 4289 5508 2616 2522 5106 2421 399 362 2237 534 4325 9114 6728 3148 7969 3922 481 3418 8833 9210 2364 5218 3769 7905 6605 1951 7991 9292 7311 8005 8490 3768 1252 1079 2298 8276 6831 3802 7302 7645 3705 6089 9151 809 6749 4378 1429 8432 6174 6931 9163 5044 1832 5815 1910 1178 5394 8684 757 3233 520 4000 97 1684 2685 631 5036 1505 7602 6908 1175 5719 5542 5512 7501 6776 4707 593 1570 7321 1042 6585 2604 9045 425 854 6000 4305 5810 681 6271 4817
306 1991 9599 8612 4917 3819 9502 7750 5868 6527 1068 1196 5007 707 4864 6979 602 8854 2671 1671 3848 1532 3652 2476 1338 1450 9278 2803 580 726 4830 8947 9117 781 3665 7370 7810 7598 1277 8835 8813 6099 2186 1329 1466 4332 468 190 7866 8774 8711 6449 4059 4367 4274 9526 7080 364 231 5874 6783 4353 398 8026 1736 8901 7170 4807 2926 1668 2908 1518 7812 7755 7059 9354 939 1151 1598 6038 6796 6261 839 3269 3608 5865 6723 139 8313 2998 4343 1409 4299 3218 6389 7788
3084 8315 3678 2297 8165 7616 2423 5043 6584 9159 8462 8541 2342 6754 8613 7240 5678 3083 7910 8668 797 1126 5554 2937 8046 9077 9535 6677 9468 2565 1690 946 6250 4765 4217 6563 4326 1431 9428 6862 105 3559 5953 3385 6003 8316 452 6180 916 7485 4461 3003 7789 3115 2257 2469 7333 215 1869 917 7590 8685 1801 9110 4014 1680 7780 1821 1319 8692 5305 9279 2259 2856 3169 5963 971 8440 1904 40 2110 7651 6218 3744 5612 2240 6866 2376 8765 3255 1830 3710 5059 3605 332 1099
803 4297 3675 8145 3908 9094 1879 1834 1245 2865 9363 6571 9308 3344 1349 5764 5856 4806 7864 2328 5312 7094 6165 5759 5298 5208 58 1304 7736 4439 7541 7751 3379 649 134 3534 962 3948 1631 9384 8092 1741 8775 5382 5811 6137 4366 9561 8902 9 5495 9065 7709 6854 9585 4600 3717 2649 171 2101 3312 2726 5577 2740 3685 4513 3897 5633 8253 5468 366 7412 6692 4906 2624 9593 2028 7130 2708 5493 7031 9138 4206 5203 7120 403 4552 7019 480 2800 703 1272 9418 5697 2046 8104
6266 7101 6704 7797 8578 1614 5737 9191 8325 3759 9565 3396 3949 9396 9243 327 5830 6851 7642 7802 5415 6164 7465 8181 804 8748 4734 4652 7551 5892 4268 7256 8151 3077 4605 123 8543 2350 441 4536 1353 1654 7358 6971 8946 1122 990 3612 66 6856 4831 1220 1615 1642 39 4250 2151 6145 511 9583 4839 6055 5018 5671 3640 7252 7503 8725 2507 9011 1994 52 4571 7880 8721 5560 5498 7283 4257 6811 4612 841 8727 2933 1530 5206 135 3461 2370 5256 7899 9444 3874 4020 4278 5399
8297 2895 6575 2510 4655 2266 7436 1082 8752 8924 6860 4952 6655 4354 657 1597 1826 7944 6439 5925 8769 3050 6852 6225 8787 5321 9410 8807 7603 6559 2958 9158 5332 4286 5240 7710 2951 416 6141 920 8133 4098 3071 4949 8553 8915 2829 658 7394 7752 9419 4229 3821 6313 9148 1407 1489 5525 2482 497 4425 5641 4616 4373 7329 7565 5704 7205 6717 2271 4025 7677 3055 7380 5335 8461 6589 9380 5119 3228 6144 5255 6772 5165 5988 2373 6785 1584 2508 8602 4802 4040 4370 5345 8987 8179
