99 97
8722 6804 5102 3569 8115 1854 4265 7621 9389 6303 2887 7729 592 2939 6390 5253 1717 5911 1781 6857 1442 3346 2350 7422 278 8875 6304 3571 7601 1695 3509 7539 2557 4815 9030 8910 6463 659 1850 2780 3992 5406 8508 4860 8583 2451 5991 7872 9052 1581 6289 3492 9262 6912 1360 5381 7664 2663 3507 6077 2418 1293 6294 9065 8353 6456 8644 82 8001 9358 7794 9195 9291 2344 1566 6211 315 3320 6863 9049 3170 9072 2162 4414 8218 623 6676 3275 7305 2239 1166 1227 8039 4337 8821 2039 8141
7831 7331 1083 980 771 121 1340 3604 9017 7198 3125 7763 285 5209 4400 4196 8947 9514 6365 5014 8334 6655 4079 6568 2590 4887 4517 2855 9197 1723 5706 6264 3426 8755 8475 1498 7773 3036 280 893 5682 6490 2576 548 6317 8580 2940 2488 5279 7187 2399 2522 1037 5421 7554 4588 1451 915 8803 234 3885 7509 9335 2139 3487 3478 4582 7600 646 8931 8706 6075 5240 7739 3010 7710 6851 7170 6800 5525 2400 5942 5347 7051 908 5834 7359 8782 8690 2787 6801 1882 2032 5129 3890 6868 867
2216 2545 777 8322 1663 2093 931 7765 7613 435 4542 2252 5731 9528 5179 4760 6816 6039 4143 5362 527 7274 4574 6092 9038 7424 7415 3433 1316 6944 2827 5651 2086 1119 537 1188 3611 4646 739 1232 6364 6810 2891 8607 8710 296 9106 250 9094 9586 4703 6954 8016 4686 476 4176 8435 6986 7916 3940 9220 4058 6008 2037 8117 6530 1952 6603 193 1012 7486 752 1561 9101 8037 9597 5862 5221 5075 1120 6253 5246 2962 5351 9422 4865 6214 201 7996 2756 983 3428 1005 4227 1447 8371 533
2112 5964 2419 4501 4968 5516 3297 2012 4682 239 9203 3121 4364 5007 5448 4288 1440 3828 3722 8430 1515 3000 7672 4382 3923 5317 7060 7008 866 547 1375 5808 2122 4638 360 7102 9225 3811 2429 6440 7372 848 4774 2904 1337 4118 5643 8975 2046 5308 8468 1116 4013 9365 7731 4269 6747 8180 1155 5498 7931 114 5510 9044 1117 8341 8691 4378 4060 6492 2266 2267 9027 9581 9268 2778 3821 2856 80 1409 8247 6899 2518 7027 802 2617 2541 4972 553 2203 749 5918 9069 587 8220 4853 6001
3747 4189 7964 8021 1782 1666 753 6260 5897 4847 5334 3838 5076 5066 1260 8462 9077 3724 5344 411 7038 3054 2507 2884 5953 5327 575 7471 625 8268 8378 8649 7808 7085 843 8280 4712 5497 5346 2908 4056 7862 1567 3999 9569 1757 8160 5511 8838 6100 3111 4098 5774 5488 4596 5020 8122 7111 6601 784 7809 7784 6919 5926 8480 4324 2637 7536 5555 5332 503 4377 1281 2707 1068 944 6931 2987 4347 7139 7627 7327 5435 5611 3226 5899 5134 8272 3527 6553 7452 3264 7811 6422 7574 3683 5796
6150 5724 3491 677 645 2751 696 1071 7017 7566 1558 8094 5216 9237 9318 7694 443 5640 923 5194 2771 5143 4728 9014 5698 8887 2360 6291 3669 718 277 8036 2683 5501 4655 4383 5291 325 1905 3132 6633 3356 3867 2769 7252 6838 2305 5623 1077 7276 4651 9125 8774 496 9328 4671 3489 36 6718 970 4436 5769 8351 6570 447 904 4786 6578 725 3056 9334 2580 7362 5618 8461 1305 5979 5290 968 1669 555 8400 5798 1444 1241 8483 3742 3951 3659 8594 6792 9247 2233 3424 4454 2616 7623
5153 5996 9296 5210 3029 4956 3045 2597 430 3600 3351 305 9032 4180 3490 4044 3374 2166 71 3094 2024 6625 6527 981 942 8270 693 272 7910 8380 4076 5229 275 8819 5573 9033 111 3577 3783 3143 2733 370 2366 4206 7137 3460 7077 1675 4664 1793 3653 773 1721 2734 9363 8354 2901 4464 4488 5840 6780 8069 4587 7456 3047 672 6748 2098 1080 7045 5053 9287 9250 4452 8750 8340 5295 3064 8512 1255 33 4018 3366 4600 8751 1739 192 6920 7317 9486 4922 8319 8903 4162 225 565 1453
284 4475 3442 6167 7614 7336 9517 5916 2271 3525 351 7266 918 3526 4832 8942 8592 7937 6450 5925 2431 8752 7582 7213 8745 7406 492 8153 4541 6185 6321 4372 1511 3926 7999 1522 4718 4216 2089 3635 8568 8527 477 7537 6407 4483 4279 1988 9411 686 7299 1096 7269 8136 3123 9463 7302 6837 3534 5243 7194 4253 408 5024 8065 805 3859 2359 7134 8587 6583 9217 1145 6967 268 8542 6865 2473 4097 9084 5275 8783 2825 917 8431 2924 5398 838 1422 2458 9051 5559 8990 6648 116 9378 6066
7339 7382 6811 436 6777 6028 1346 2475 8572 3996 4714 8673 2873 1134 2684 9146 7775 9458 3197 7346 1198 1537 3260 3363 7667 7873 5274 5980 4163 4035 1543 4499 7230 5673 4938 4 5670 2059 8415 8070 8306 6171 3248 3422 8775 994 5879 9155 5350 8507 1518 3236 4155 297 4982 257 1799 6667 6933 4983 7981 577 2124 6374 6939 8889 9523 4119 4930 8012 8205 512 65 3944 2311 4500 3625 5631 8098 1897 4935 1844 1007 3468 2031 2145 7221 986 4084 1503 4939 7099 9271 8316 2803 3608 3291
1789 7516 4164 4532 1711 3646 3581 1513 2302 2649 8946 6062 451 6015 3807 1174 8956 1833 6589 2357 9593 2993 8736 2295 9143 3587 4509 1899 4814 6615 5019 5521 9118 4969 7087 2689 8005 7403 3623 151 4278 6689 7644 4109 2199 3914 7104 3764 7404 9407 5009 439 8052 877 7057 3459 8643 8770 34 9430 4672 7313 9500 6544 6587 5518 5594 3299 1803 6455 5010 9468 1766 2315 4313 3262 1534 2241 7651 1382 4962 6218 415 1726 6181 6135 8841 595 364 7900 6004 5399 5935 1407 4374 4174 2870
4624 4753 9357 4650 1559 8987 2570 4408 8300 624 5363 7291 4370 334 8619 2324 132 9100 7254 2811 1879 3160 4585 683 5699 8983 1200 4426 3369 3259 5509 2153 1183 389 588 7020 3567 7938 9232 644 8474 3935 1915 4653 740 9560 5468 2205 6104 9283 887 2117 5500 7009 6945 568 1104 5791 3617 814 7594 6892 4029 6178 3972 2967 1951 823 8601 7815 6795 237 7142 663 1746 4411 9128 7379 4529 9338 75 5872 5444 8072 8250 7491 8550 6495 6300 1201 4078 3334 3485 1190 3630 2068 2714
4906 4556 4307 8998 497 3963 3038 5995 352 2546 6308 3084 8995 6339 5151 6734 4502 9591 4604 7824 7019 2573 7973 4231 523 5534 8916 6520 1480 6464 4112 4059 8402 6983 7354 2049 8978 4551 1947 620 7887 6348 5674 3568 809 621 3762 2644 2793 8519 6702 2338 9534 500 3241 1306 4889 4144 4335 6140 3396 5519 7856 4941 1022 5823 6149 4687 2157 5532 5659 3365 4093 8253 6088 8176 7877 3112 6491 4477 6215 4825 4562 4778 4997 4037 963 3122 1874 8761 3025 1814 874 5900 4110 1705 6862
2382 9470 3034 6397 7851 3473 3436 7642 8871 3793 3513 2393 3119 2947 4474 6688 3053 8725 1023 9209 7436 564 961 2656 3901 7126 1323 7993 938 3907 8825 5871 8290 3781 5941 368 7277 9028 2495 5940 6822 8256 6476 1199 1747 3725 4042 338 1592 1297 7635 5237 2854 4537 1289 1965 8332 9519 4525 6166 3854 6275 4817 9285 9501 5579 4284 723 7508 9249 9021 342 3802 2659 182 109 9055 6882 9396 5217 8839 8126 886 5338 6516 1234 191 9577 4925 6948 6756 6720 7526 460 2502 2485 6049
3710 6820 185 7706 6814 1088 7760 8618 4678 3955 2591 1957 5341 6623 2375 7648 6619 1307 7116 8656 3634 4658 4228 3599 727 5460 3505 6112 5114 5759 3909 1937 5513 1740 5610 8238 6311 8685 6812 3316 3560 6843 5683 9601 7840 9140 6391 933 7083 3113 8463 3709 2243 229 158 3788 632 8605 5575 4617 1295 9333 8459 7568 3495 7239 9212 2467 6926 5251 1507 3498 4526 3188 3418 4989 5854 3085 8111 6660 7674 2513 7547 8412 5057 7483 2556 7329 891 7762 2677 485 6131 930 2812 4263 6699
6512 1334 9114 9360 3610 5138 6274 198 7251 3432 8964 4250 4984 6322 4595 4527 8355 6681 7481 1505 7875 270 3185 2721 248 3949 4729 3443 5442 7397 2595 5913 6782 4748 4082 8686 8577 8448 5577 633 7188 656 7215 5214 5042 8830 6402 3959 4557 1394 6574 180 5930 8092 2130 7524 7789 6396 2261 1268 8561 5745 6262 3595 2527 7654 606 2341 7826 3628 5765 3181 4193 1767 6796 4317 8804 7256 7332 5853 8119 1647 3969 6361 6668 4016 1202 1467 4945 8234 4802 8249 173 6498 2959 8615 7388
1796 5730 7603 4088 2511 5008 3099 5714 7143 2097 8700 2735 7858 3627 4567 0 781 5311 6156 7984 7309 1653 5123 2480 8288 2703 6640 6163 2539 6779 5527 6400 7000 4469 6526 8237 3353 8472 1783 4762 3166 11 2700 8939 8994 1900 8295 7752 6285 3993 260 2923 3730 7742 4157 7146 2095 2772 205 7626 3276 3861 7200 3503 8061 8810 4152 2276 1215 5416 1256 7550 3716 1036 957 7659 1011 694 2297 4201 2911 6404 5790 8497 4511 4418 7135 6827 1114 165 5107 8364 4550 1961 1919 6305 3687
4737 3367 4353 5067 6719 7821 3465 4518 8567 3049 6457 6534 7529 7759 5360 3524 9107 9361 478 4224 6579 2880 3237 9462 1058 3792 8171 5881 4480 5376 9240 566 5463 3434 2030 7941 4238 453 8682 6951 1348 9392 295 3563 8385 1499 1806 8707 6638 9000 3579 5109 372 5537 1038 9319 7845 1182 3805 1880 244 4186 7677 7695 7334 2423 448 6525 7587 2768 9314 5542 919 3564 5322 3582 8659 9493 290 2161 8797 950 2354 9098 1439 2306 5746 5720 3384 7968 7697 9388 388 1335 8003 9004 3642
615 91 3685 1290 9184 7179 3273 7419 219 1927 6600 8516 2118 4630 4446 7169 9218 1238 9343 5144 4835 5810 7812 7939 2312 125 78 2921 3607 247 6249 7180 6014 4266 3454 3715 8456 8827 5120 2899 6966 7467 4071 3130 5205 2076 8203 4386 475 6620 9491 8173 5569 1855 3457 8239 8926 8658 5135 1248 8535 6754 7942 3368 3759 3371 2608 7754 3311 4229 614 2668 1437 1304 8277 5464 168 1985 1862 6187 4608 3576 525 6040 1795 1788 3531 206 7861 3317 2876 7505 9160 8574 589 4075 9520
157 3717 362 1693 3020 7926 9329 5993 1902 2269 8757 3626 4846 1888 4254 8791 5747 7253 7842 2865 5920 7905 552 228 7025 5125 2909 2818 3155 5642 4954 2254 6644 2676 5383 7605 4632 3663 4746 291 7548 5037 5887 8569 5449 2116 1898 1963 3649 3836 7409 126 4040 2951 5276 5445 763 4260 5732 3967 7447 3202 5652 4676 9496 2988 8305 8032 2316 3921 6693 3221 5878 2775 6426 5447 5598 5865 4548 458 1414 6284 7640 77 365 4308 6449 4277 3023 4934 1801 795 2777 8390 2263 7770 7049
5700 8727 4419 2272 2566 6903 7857 868 8327 4434 2900 690 479 5654 9120 7154 5515 4528 1901 4379 6346 1616 7368 6614 9083 7922 8764 1296 130 2956 7602 9135 6886 1997 3846 1514 3179 1230 5056 4298 4725 5874 3886 2433 7448 5415 3282 834 8006 7803 6571 4330 871 8784 2446 9103 3107 4713 8575 8729 6355 506 9008 3729 7238 3152 7814 2011 2479 8151 62 6842 9251 1638 1993 692 7988 5886 8264 2788 3192 5436 4270 4904 8033 2858 6109 6073 4153 870 1196 1257 2466 271 5418 4486 7860
5470 6288 3462 2481 2902 3017 1484 3183 44 110 1294 3984 7353 8246 6889 5422 8154 7119 3327 3966 9512 3586 5514 4985 9548 2353 1074 9073 7886 1277 5708 2958 9129 5653 4244 2826 4937 3845 5733 5663 303 3464 2629 6649 8844 1087 9377 2262 4785 8194 2413 929 112 8144 4866 882 1475 2052 8276 5770 1314 5212 6366 1948 2835 7928 8746 1331 2456 6437 1660 9168 9019 6021 3819 5494 1918 4031 7645 821 8025 8924 9071 8634 9111 4258 1818 3932 1599 2627 3133 2299 4190 4011 5754 5530 6048
5270 9322 1821 8192 6487 6389 8460 4625 8015 9533 5091 7377 6538 818 7120 3279 3031 4631 6335 3274 2149 412 9193 8669 2579 2937 7068 5870 7967 2207 8243 1449 5259 2800 1824 9431 5082 9305 6332 3936 5847 9482 8699 941 4854 3910 826 5969 3991 8453 462 2236 3325 4009 3694 4000 6546 1482 4041 5793 5145 8754 5902 1893 8301 6061 4757 1618 5164 1358 2840 345 8857 3281 2836 8928 1912 5815 5735 6560 6517 2432 6034 1100 3803 4489 4320 517 6858 3946 2275 6220 3825 1164 4395 911 8808
5048 9222 5867 1103 2309 2979 5482 4303 1105 4791 8185 2636 6057 574 2965 3860 4514 5324 4451 4531 3930 9252 1930 8274 1366 1976 2650 371 9565 562 5709 4293 5119 246 3735 8473 7692 8124 8850 7736 5630 3815 8521 6893 6473 2610 4581 3494 5687 6022 8455 4028 8152 926 5692 9277 5152 5225 7611 1982 1472 9409 6454 7479 1876 4913 311 4647 864 6201 716 3003 7035 2321 5910 5354 8520 2120 6192 3126 8446 7882 1193 8867 5297 5788 3557 1172 7387 4519 3740 730 4690 9086 7462 3916 6973
6221 7847 728 8986 5797 4662 2647 5802 9424 9095 1688 1162 1263 3298 2688 5737 8240 9150 599 1964 9053 6344 1733 1526 8548 7870 5529 8962 3397 4979 3092 5919 2034 1338 898 2841 4781 8772 8630 4123 2293 2422 3472 6824 8739 3573 6445 2044 292 5041 2692 8758 3551 7777 456 5186 1276 6757 1734 6710 5782 2679 2436 2442 1123 6960 1761 8785 5620 8367 1403 3177 4430 1509 534 852 8224 7058 813 6766 2878 7197 2534 9417 9494 1462 5876 4912 829 2246 7734 7177 6225 2898 2075 1047 2281
4961 434 5779 2672 8452 7089 1742 545 1286 7477 6093 8324 9167 691 4147 1692 179 976 6790 3968 7817 1274 879 639 1708 1544 3601 6186 5928 1728 4534 7480 6352 1321 1992 5395 1143 9121 5512 5403 7434 3998 1370 4734 7166 469 900 4797 5331 5997 6864 8366 1523 4264 10 3533 8826 6046 2376 2797 2273 4697 2389 152 3927 9352 5864 1207 8200 7105 9327 5826 7286 8657 7590 7837 1387 2469 135 1474 1380 7322 8855 1600 1920 1368 6580 2053 3662 4095 8498 8169 6010 3637 8086 3404 1224
7168 6351 2074 6370 854 4783 6964 2588 6208 4942 1872 8 6991 4220 3115 461 4141 6839 423 7935 1598 2510 2214 4346 269 9414 346 8888 7391 7740 4210 9372 4406 7540 9505 2929 3431 3044 2206 5888 2123 8713 9513 6229 8285 7665 9428 8593 3219 2530 857 4883 3445 4271 3773 6501 9518 3789 6482 1217 797 3386 7032 2326 1046 8167 5059 597 8157 6393 6631 5763 999 5063 4605 9563 4439 5062 6504 5548 2096 1213 8078 5600 3145 96 3590 1089 3651 98 9413 3400 8120 8981 4715 4702 3223
4325 7958 5526 2060 1829 5580 402 5885 1946 7723 6781 1910 2614 5990 3108 8794 8721 7037 5536 7725 159 2231 3618 9599 50 55 4747 1671 6598 1822 1512 3990 2449 8059 7243 8031 5003 2464 6596 7042 5863 1995 9441 504 5162 9487 4026 6586 4340 7459 6207 1797 2594 4490 925 4165 66 3523 7096 9594 1811 2572 4842 8858 6447 1021 6432 4440 7700 6235 6119 4897 1048 4635 4055 4214 8034 8187 2897 184 7155 2016 6970 7199 3040 1825 687 9432 6543 6713 6099 7164 4172 8242 463 7320 4971
3856 9330 1777 9536 7249 8346 3347 3021 8091 3538 9154 7561 2558 3757 5492 4192 5393 8395 4821 7528 5665 3922 9364 5780 3438 156 1073 6273 2673 3421 1971 8943 7959 4506 3306 4001 2905 9104 3574 3800 1633 3072 4482 7352 709 2882 5155 8426 8715 3033 1840 4241 3104 1033 3484 309 4619 9405 1529 1086 2211 3682 9198 682 7610 7835 4590 6090 6373 5477 2759 6703 3988 4234 3583 7949 8591 9439 7073 5716 9161 1780 474 1953 5388 2903 8298 1861 585 1689 6431 4615 187 3696 46 106 2043
4628 1606 38 1800 8849 1216 3403 4462 414 81 2925 2926 6081 4104 328 1146 6577 3229 1716 6313 7818 2533 5648 2365 3131 8432 8920 3876 2457 3249 4369 8528 3843 59 3447 1966 2200 8271 5520 2255 6732 1176 927 7423 2136 5092 6056 2322 3690 9189 2126 5616 7316 2409 3138 1318 9339 9210 5977 8053 7930 2514 9507 2274 8382 6646 4024 7425 3002 5450 1917 6086 9504 584 7470 4639 419 400 1595 7913 2740 6258 4931 7698 5664 6932 9578 7236 6593 3770 2824 3466 3475 1240 5966 6168 2600
8442 6314 9485 7022 5337 2994 3427 1533 8759 2148 5433 2351 6425 189 7746 4417 563 1405 5323 1389 5258 6237 4005 8476 9416 5686 8895 4203 3354 3398 2438 966 6998 6141 4487 6671 892 8002 8655 7595 5189 1280 4113 6413 1987 544 9460 7307 6037 7783 6694 5693 8090 2196 5077 298 890 417 5227 3245 5405 5379 4006 258 7885 7653 7205 5933 6483 1136 1122 7258 5843 5927 3833 6687 3844 139 7416 8379 1531 3502 4242 3673 2210 6286 7323 6663 8552 6480 1052 2229 4493 5895 1565 8451 8557
3062 9171 2583 8969 1639 8383 5255 2774 8362 9299 6272 6180 253 8970 6309 4173 5149 7933 1094 4138 6353 862 8632 2113 499 3692 984 9469 6283 3141 1737 6007 2377 7982 7438 6576 7699 2611 7713 3453 5589 5523 7966 5166 5574 6992 1931 4425 5893 9449 9108 9018 8748 2151 4205 7573 9383 5627 7018 5950 2081 666 7090 8814 5013 5650 7386 3829 4689 9191 3071 9015 4845 2447 8679 1339 2985 3621 8155 1869 2816 5617 1699 8373 8399 5725 884 1229 8614 6725 7902 7349 5039 9371 5110 2885 714
6474 6121 1301 4394 521 1676 9479 8123 8405 1043 4405 1645 6783 1057 4879 3945 8610 2222 1907 6859 1617 3670 1805 2168 8494 7795 467 8388 1392 2552 5955 3401 3004 6016 8730 8953 9200 3535 2152 457 4365 9278 1361 6685 8140 2861 1059 2851 9284 3144 7680 9221 3474 9368 4171 775 8396 2555 6345 3516 5561 5443 2247 3761 6415 3808 1352 916 3037 245 4722 8212 8529 1664 1604 3008 5907 2435 8787 4796 883 3713 7578 616 6661 4856 1510 7521 3284 507 293 6762 8823 856 635 7534 8581
4959 8778 1702 5333 3994 6887 1524 701 6563 3329 5621 7297 7005 5124 7133 8672 6739 4767 3118 8389 1817 7493 1554 4656 2695 8080 977 8112 2796 522 962 2462 2424 6850 2782 5283 6452 6513 2072 5264 3790 5684 7943 6784 9549 1870 1448 8800 7175 9420 8481 5637 266 5475 5299 4733 1655 6735 2040 9273 4706 7463 7848 1550 1658 5884 4422 9394 164 1686 1764 8692 8835 1744 9483 8817 9274 8883 7392 5562 5284 5137 6307 4022 3150 2428 51 8251 8932 484 9010 6876 2085 2599 8014 5429 6436
6639 7330 5800 444 7228 4218 7543 7366 7940 4896 6813 9315 3318 1130 6836 3970 8020 8225 8043 7004 4069 8650 704 2323 1553 6880 8320 1489 4666 7059 6381 3719 1285 5202 329 2753 2092 8661 8038 5108 5722 7612 4851 7145 7229 4645 5742 2491 6036 6111 9109 6023 935 6696 8982 7473 3161 2867 7925 7633 4421 8178 8922 6760 2584 576 8799 5988 3975 7124 1309 1017 1563 4498 2079 697 3252 2500 2105 8193 5507 8027 6514 1154 3778 5427 8579 1254 2881 5728 2989 5481 7899 8254 6343 7833 3136
2061 2362 1894 2822 2821 1109 9112 5372 4569 8299 3528 7960 197 7469 6500 7268 2653 851 6233 5820 6488 842 8231 6030 4580 4732 6399 6263 3250 437 3948 5242 7262 5669 619 8308 1065 803 4467 3187 8471 3280 6197 7033 3743 1347 3934 8477 321 4878 3090 3103 719 3721 2218 8979 8214 4128 8792 8701 7963 7178 7457 7604 3444 858 744 8081 6995 4827 8082 5760 6461 7063 6089 1881 2914 24 8244 8230 7245 3589 7800 7829 2562 6895 6697 5639 1228 653 937 3746 4315 3616 5029 3597 9473
3545 4554 4577 3013 369 1045 4898 4946 7841 808 333 6091 1102 1026 832 4397 6132 9568 330 3888 287 3510 7112 2863 4890 9531 8479 3435 3100 5649 2176 5478 2417 4127 6503 1654 4032 491 4316 9467 3285 5386 5310 16 7163 5842 2868 4381 1753 1150 6240 6853 3517 6905 1110 8670 836 1635 9199 7270 3286 9366 1908 5146 8283 9224 1938 5265 5963 8695 9181 6244 9057 1350 194 2519 5101 8387 8972 8009 7666 9580 997 3015 7001 432 5440 8820 8693 421 8045 4398 382 5552 2540 6902 9194
8321 634 8896 5685 4450 3952 5245 8374 4054 5564 996 6934 5892 6363 2792 3870 8934 3231 6562 4416 991 5455 1637 8035 637 1700 1137 8294 1220 8496 860 3593 8749 6298 4977 236 3360 9380 7326 7181 2877 6987 6394 881 1858 513 8988 3920 8517 5340 6295 7371 2738 3289 8539 3330 7487 8409 6358 8181 604 1054 2420 5633 4657 1252 627 3615 7294 8202 1236 2182 35 9013 8674 6896 9497 8266 4415 6254 373 2585 9457 601 1802 3323 4667 127 1180 8845 3203 8097 3777 4466 2602 2945 2810
83 7292 2140 7271 6403 3580 4167 9286 5753 2008 9515 4869 4045 2150 6924 8795 3189 567 1823 5064 1762 1769 2054 3129 3869 2114 8499 4592 7704 7050 5543 3674 4507 3506 9435 9223 196 6789 5923 4246 4226 2189 2069 6196 5756 2292 7718 376 4819 8851 647 7766 5404 6354 3737 4473 6418 1458 2041 5263 8175 7344 2742 5992 2744 3908 5528 4403 2264 9545 8413 5679 2224 6518 2033 7150 2487 4876 9005 8047 1402 7461 1911 2192 4120 4442 1860 3620 2384 6550 769 9559 5551 6199 8898 1455 1981
7682 4523 4789 2739 6002 9264 6252 4612 7572 626 378 6054 5256 3304 4219 8904 3416 5986 8386 482 7002 3791 1264 63 7034 8908 5182 385 2493 3394 4061 4355 5717 9386 3344 7244 1225 2529 2367 8522 6622 2828 3726 3546 8544 3493 2741 6515 3321 9007 7768 7979 3383 4448 4620 5224 8118 6904 1973 551 2129 2652 5581 3147 8514 6378 7114 5697 1886 1572 570 4894 9508 7618 3429 914 1589 978 7061 7342 1962 5578 5982 5604 6778 2201 9543 6897 8393 940 1842 2543 8874 6531 7075 8853 7206
7876 4810 8484 1674 3178 3172 6510 6878 4990 5413 2953 7319 1111 7780 9397 5161 7152 9233 5303 1189 3414 5784 528 6114 7476 8560 9526 7656 4470 353 3779 8696 8914 1871 377 2144 1698 3877 1640 6154 3467 5809 4742 6245 1835 1249 8369 7498 9541 9130 4275 7681 4804 6871 7121 2598 5390 2752 3078 3871 3939 2505 6588 7056 8997 7971 8586 171 3643 3410 3614 4850 9188 4811 359 7839 2319 1500 6076 1369 7048 5868 450 4243 5266 6997 3644 9547 3225 1204 3419 8678 5496 7161 4429 2007 8831
9078 6953 9306 4692 8018 5896 3449 6890 32 7373 9336 7023 147 5471 8434 6704 3358 8127 3362 5071 5994 5218 3775 1694 502 9345 3741 1287 4027 3247 2287 3232 6750 5508 8891 9503 255 1830 4675 7596 1218 3471 2574 3925 8478 2013 8768 1714 5672 5156 5374 8909 7977 579 5547 6419 7947 410 960 6320 6673 1770 2285 7950 2055 9544 7701 9206 7737 2783 4895 4886 873 2731 7337 1330 2596 2764 6769 5924 2801 5606 3067 5011 1703 9147 6545 657 8377 74 4611 6123 6287 1575 6861 1527 9506
791 9282 1873 4124 5539 1420 4067 6094 776 7580 1181 4294 733 9529 1727 6165 5814 4311 9398 2833 6741 326 1197 2253 2023 2686 825 2147 6595 1932 9085 6152 494 6831 1785 2875 43 4992 6763 4222 558 154 4305 896 6845 1235 1720 5176 195 8556 9202 8339 9442 9510 9332 5370 1625 1682 4357 6117 8139 7204 7866 1960 4995 3046 4903 5191 6776 6206 57 7280 7453 2708 9337 3954 5339 837 3703 9123 5131 1670 7906 8762 720 2701 1651 213 9511 2441 4963 1926 9245 5411 8767 9539 1090
1426 5236 2674 9046 1538 7774 202 5150 4289 905 4823 5361 8559 1979 3827 3057 6299 5365 4388 3387 2017 9279 2160 9401 800 5006 262 1355 4070 7306 1443 1574 9257 560 1831 4964 2179 8050 9141 2715 3162 7792 8099 6405 8716 6637 53 263 6690 1525 9538 9382 381 6643 2651 9429 9317 5115 2849 1085 6975 526 7501 5658 2336 5704 804 4776 7995 2995 6828 2550 2009 2444 9387 2225 9165 3858 4297 4752 2159 8781 2569 8549 7923 4570 2119 5590 4691 7098 2934 4350 7393 8433 5846 736 7041
1970 4188 5190 7401 3540 1279 5419 6236 9556 4204 8303 9211 1072 6113 1977 1875 847 8732 4978 4698 9026 3458 9142 9253 5180 5408 2630 6541 5342 7100 4399 2193 9145 203 6019 816 47 3184 8026 2620 5021 7513 4156 3246 6059 3206 9301 5571 1288 304 2567 399 2957 2101 3900 1009 827 4135 1673 128 5550 9297 7832 4392 6312 2184 9390 5781 3853 3744 1516 5127 4874 3624 9042 6360 3218 3343 7874 4423 2245 6575 5929 5695 8907 2437 2702 7466 7583 4437 4327 313 6293 4872 5356 9204 4235
6567 7428 9269 2920 540 990 707 9590 6384 3461 2455 2842 1924 6900 8265 2334 2279 8352 9091 2935 1165 766 4195 7797 3378 6357 5359 2831 6248 3801 4795 8233 6950 4094 4081 76 4798 8177 5601 3200 2346 869 242 7755 1602 6053 4731 7490 4859 7589 6505 5199 3850 4085 9272 8403 1428 7997 3470 5316 6047 8573 6031 8790 4670 8676 3883 8671 7475 2578 4579 6406 6302 2430 5315 2443 88 9540 3018 3065 5702 6797 2398 3875 8365 8917 5586 4740 2983 4428 2765 2250 8822 7883 243 8108 2528
3953 4933 1470 174 5235 3947 5749 5792 688 7722 7507 1665 3069 2022 4169 6922 1464 6585 1429 2984 6190 3889 8840 8515 7278 4154 7558 2586 8973 5712 442 429 3512 5070 5762 8705 7915 8666 535 1736 7361 7384 5313 8440 8935 3784 7893 7369 2392 5074 6416 6212 6923 2407 9001 9502 9443 18 1787 5938 163 392 4198 514 4126 7357 6481 4973 2704 4705 1684 4299 6672 3973 3733 4636 9153 2745 1838 8881 15 8504 9236 1364 8977 7753 115 3566 6255 8927 8041 23 5352 4974 8773 7445 9309
899 7519 2564 1028 4918 5330 8427 4875 8957 705 4073 7565 6826 8107 2767 223 6179 261 9263 4613 3326 8245 8029 3091 1745 5165 4932 1679 2888 455 9036 1994 2706 5430 8487 5461 617 6654 6162 9152 4484 5219 8570 675 146 4051 8702 1327 5787 6785 8885 319 9602 4217 3168 4052 5272 2288 2589 3980 1112 7976 6918 5789 5816 3191 6617 3813 6157 1435 7779 7865 5054 748 3137 1790 6940 2170 5141 8714 7296 7437 5215 3728 5197 5738 1573 2103 4976 5163 9472 4940 3976 2532 4343 5584 2575
5504 5701 2548 8976 3022 4708 4830 5045 1652 2115 4602 9258 1585 8195 3486 5517 9148 2325 9270 5371 8049 5945 7756 4679 4981 3864 473 844 2331 7744 4833 7295 1053 1450 6484 664 2852 8584 2387 6519 7855 4352 3393 2198 8189 5028 7494 7631 6946 7903 8030 426 4168 6866 3193 8811 1093 8357 2625 945 3012 6557 13 6650 5636 8449 7591 2837 1577 853 1243 4329 4115 5437 4848 9075 4096 7062 27 4471 5366 1142 2258 2795 8394 7308 7912 1138 8486 6772 7472 2204 7376 1226 3974 394 2998
1662 4248 4717 5755 2799 6891 8859 2388 3109 2459 4766 249 2294 3830 5705 5751 6153 1469 6326 7414 1015 3009 3388 1691 1378 1185 731 668 49 5877 7443 8138 9535 3305 6825 3550 8689 1170 7684 972 3075 6711 433 2560 9151 5309 8210 8923 7525 7312 7396 5034 783 5505 6446 6068 1826 5118 8600 3956 2317 3834 2960 3409 7786 509 8356 6324 1418 8397 6507 97 2658 4362 58 188 1425 8546 679 1495 145 5158 3847 3255 8551 3063 8617 1968 8259 9139 1628 301 7983 7592 5280 7484 8261
674 3253 1075 2996 5849 6974 4564 8219 9450 8894 8809 1393 5345 7888 2178 6035 4951 7630 4384 6316 671 2889 3209 1892 7390 6624 2709 2910 8547 9082 5349 9059 2525 498 9173 4694 794 3086 2483 39 7260 7234 5841 9393 5837 3149 5459 8788 4721 729 7669 7953 5873 6182 6228 2025 903 3917 7985 2517 6107 3677 2100 2762 8067 2163 5239 8241 1151 922 5328 2082 669 7878 4255 3619 1758 5012 9587 9213 7767 1325 9288 8292 8954 6832 7011 3862 2892 7427 8358 3476 387 5136 140 2027 8854
1231 7901 1687 2329 6276 5882 4601 3700 7232 2220 6930 974 2950 1203 9448 5898 1820 1041 7506 6410 4816 4495 7435 6158 5954 42 8275 5851 2913 5244 5831 3768 9022 1935 8129 6651 4882 831 8401 1160 2138 5987 1283 6325 3681 2613 4358 214 2838 1568 1709 5880 7095 7560 1546 5805 9509 2128 1989 5734 2219 2042 5619 3863 5715 5711 798 2372 7420 9300 7632 4826 1696 7413 4212 5177 2476 3173 6460 9092 5638 5677 8506 2587 7450 283 6382 3110 9375 8802 5081 1153 4572 1460 7235 4053 5522
2172 949 655 8626 8054 2991 1889 7237 5962 921 1520 4338 8598 7464 5812 745 6330 6996 3763 5278 3997 1916 9582 2553 356 4225 5615 5420 3987 4759 6301 4606 1312 8533 486 5040 2002 3331 9404 2320 6684 7219 6962 7172 7341 678 8526 8384 4880 1890 5493 7588 3706 3212 2815 210 3048 5147 7970 7758 3745 6467 7946 1147 1975 8862 123 2021 1432 4072 6102 7355 3157 7685 7663 9294 3128 807 1725 2512 6753 9090 6122 4765 133 4375 5932 8121 569 2817 5320 2946 3950 1082 3336 1029 9138
6334 2121 6502 8336 840 5975 2242 7864 5462 1906 5148 1493 6798 7301 8530 9037 5813 54 4142 2478 7523 1816 5073 6027 2561 9316 3756 4820 4852 5094 5326 9551 355 2450 3537 6981 4696 6506 5022 1751 7932 1667 431 9573 4801 5795 4223 6942 6266 6573 1867 2277 5358 1794 8536 505 5688 8019 3648 6087 8312 9588 3408 2057 1949 5541 9298 5230 3106 390 8776 3679 958 7918 5027 8263 4857 4996 2066 6539 464 131 7726 7460 4459 3855 511 8540 4410 9584 2091 5302 4087 7157 2394 5389 7289
6441 6198 7512 631 4949 1579 4468 5626 5414 4077 7053 6055 5978 2474 170 3303 6675 3675 9088 9177 5241 2131 2896 136 1773 8637 1397 4460 332 1317 676 6194 1479 2705 9492 6888 8438 3238 8925 176 6629 3530 4160 9304 190 7151 3532 5852 1644 6881 6846 6011 386 1131 3295 7191 6674 4609 5423 8057 4247 1488 4641 4769 7241 4929 6993 495 3723 4589 4458 5065 4304 5939 4699 5593 3701 5689 7044 3293 6009 4296 3227 2484 1631 3066 1169 4790 6682 3116 9076 7637 6469 8963 4926 2364 6243
4281 5596 7527 3220 5178 5391 7576 17 4545 4183 1067 897 405 1752 7499 3965 48 8899 9564 1284 2697 1092 6700 1629 6592 2968 2073 5768 3539 1791 3073 3308 3786 8941 7830 488 4312 8291 5660 9353 764 5806 5451 2667 689 5072 8704 529 2374 6242 1322 5931 9172 8742 8861 7881 9324 238 6217 379 6821 9350 2080 4049 1108 6715 7310 9381 8345 4980 5560 7776 8326 5099 3042 8747 4300 6219 1843 8156 4182 6788 9418 6708 8441 5965 4563 240 7381 8287 5744 3292 6802 3201 4834 8130 4782
3873 2045 5858 1158 7531 7247 1659 4634 4607 3912 859 5967 5417 8606 5502 2716 3500 169 2289 8882 3088 4720 554 7986 5691 5556 8392 6609 4768 1411 609 3315 7750 6125 3672 703 4447 3154 3352 64 5428 8443 572 14 2698 9452 1851 3787 8554 5434 9346 2380 6281 7552 3372 7838 2980 7785 3765 2347 6875 4149 2504 3748 2542 789 9201 3895 6148 5723 2565 7676 9176 7174 6234 2966 6913 8436 4855 2403 7683 3215 2378 1152 4273 9045 713 445 9081 6764 3799 1163 8279 6707 755 4915 5921
5807 3554 29 3501 8007 7542 1612 9089 9464 5860 1042 9453 2820 1903 4334 7920 4927 9149 6558 6976 4491 4663 2661 8636 8163 3727 7122 4683 454 8104 9205 6064 1430 4046 591 7233 1697 1063 5676 28 8646 6026 8537 4888 6818 4187 9320 2645 5196 9542 4089 5325 5305 9347 2634 8407 8602 3817 4751 7259 3629 5666 5570 8044 4841 2183 8450 7562 5972 4321 7854 1594 8687 932 8398 2087 5401 640 8428 5713 1914 4282 8771 1069 1262 2973 4177 6417 4723 3702 4407 1445 8828 8740 1140 9579 143
8418 5861 3194 2425 6175 955 3851 9406 5582 8834 5752 708 8161 3058 3911 6044 4445 7273 2915 6231 7209 8457 183 5223 6909 6079 3333 6268 2961 5922 3666 8482 1177 1434 6227 3441 7957 1656 4251 3562 9227 6963 1115 6379 8958 8310 4920 2806 7240 1934 810 7446 4680 7363 1954 8488 8073 7030 9354 4233 1623 208 5446 8698 8145 1590 7189 9219 2593 3041 5409 6659 7867 8414 6701 7798 5431 1388 8945 3632 3753 1836 1471 9280 8596 9031 9412 2671 4106 2235 4121 4812 37 3698 6712 1936 6679
5038 2 1768 6147 5321 2237 8641 5304 1933 3182 1237 9196 3043 4659 6867 8582 7586 1035 8267 8612 6642 3074 8628 199 8989 8513 9415 4380 1101 530 9475 6548 8257 2954 3355 4950 3841 8829 3302 3499 959 6906 2065 4861 1608 8741 3504 1032 1622 7303 1265 7417 6241 230 9585 4626 6250 3240 3720 5557 6098 758 6177 4497 6565 7298 7107 1722 6746 6146 318 4749 6239 3656 2621 4591 872 2358 9178 5116 4735 8314 8806 2941 2829 1536 1630 8198 30 1412 6428 1677 8944 1857 4348 207 2135
5132 5407 1784 2142 2506 4924 8870 6680 8589 3300 2895 4039 4256 3558 6170 395 4363 3933 6894 2568 6085 8620 6069 520 7890 5740 4166 1680 3120 5909 2724 31 8063 4449 2454 7892 4181 4036 5113 7662 6137 5169 480 6443 9126 817 6082 1457 6999 4034 2685 9348 5001 8880 3338 971 628 1269 5657 7705 1557 6133 778 1494 5086 7510 2499 2847 7101 2414 4230 186 4504 3522 2604 1298 8724 4685 6977 2732 5822 7634 3205 1940 8588 3905 6768 6259 4787 2284 9024 6340 724 5293 7144 2609 6341
2582 2660 670 1978 6616 979 5629 4025 9561 833 6761 252 2421 9003 956 2748 6265 4873 5549 3319 4792 7511 6210 8525 3822 8807 3266 5078 5538 581 3124 5662 6060 8485 7091 4919 5875 7064 8816 1986 6817 2736 6959 4134 4944 1648 104 1807 6468 1749 5117 815 2773 7745 4396 6957 8843 2763 8933 7879 9384 8197 1423 7378 8974 2194 3190 2691 276 5172 5473 7263 8296 762 6078 4739 7929 6282 1649 2230 2453 218 3357 1149 8753 3712 7421 161 5336 1615 1097 1362 673 72 7458 6368 8919
9488 7639 1896 6552 9238 9558 3879 9325 6956 7585 6278 3882 8149 8684 4116 742 600 9239 5261 2058 9583 751 3650 7250 5032 3287 8492 5457 2291 4252 3068 5424 5803 5828 3164 5668 3082 40 4239 8680 4549 2411 4237 1754 2395 8624 6908 2982 181 6025 7109 6721 2155 8760 3028 4393 7183 5015 2802 4213 3345 6808 7207 954 801 8812 166 9039 2730 3760 4568 7846 8611 2699 9550 1504 3076 894 1528 9267 7248 300 8940 3283 9080 1611 3771 7804 8625 8621 6982 3217 5901 9093 4341 2165 1303
2879 4952 6466 3349 8627 8734 6310 6292 1636 4535 2361 8918 1593 8068 7275 7418 6791 316 3395 2280 4688 8518 3636 3135 6453 4911 1311 3555 8541 85 3937 8286 8331 7 5175 6561 5348 4007 8307 3575 2890 2386 7128 7696 6523 2038 4404 1381 5609 3455 4515 6873 3001 5707 6559 7043 7751 3314 6486 5467 6126 5960 4665 1212 967 398 5775 7288 7067 2678 8095 8765 6737 440 7884 3198 2257 1597 546 1521 6386 9359 7333 7351 3772 3156 6043 7989 5211 9275 7117 3423 3233 9426 8347 409 3731
4385 788 4947 3606 6664 3547 5595 6678 2635 8146 8846 3270 9574 5277 9438 4643 982 8886 3878 8062 2244 6618 5729 4332 7208 3686 441 774 9158 706 1713 5866 6279 3977 2642 5050 2373 4003 1517 41 3906 9466 2286 799 3095 5848 6222 7679 6532 912 2607 539 8329 9553 8629 7732 7173 1468 1481 8604 6256 9157 3924 2412 310 9241 2754 1179 9451 1374 9572 6521 6376 5079 8718 4068 3708 4179 233 4354 3978 9175 906 5856 9311 8375 1219 1501 1359 5981 1178 8079 2643 5298 6611 8565 4306
3477 8128 7643 9571 7980 6727 4323 4771 1852 7082 8010 6626 117 5068 7430 7148 8083 7314 2930 9570 6610 6084 2918 3310 2712 3688 8467 1014 2416 779 1497 4764 2018 8174 6172 1396 4023 4652 358 650 6535 7125 5106 8667 7028 712 711 987 8278 7638 2726 8613 26 7442 2536 9035 3032 7185 7620 9349 8985 3482 5318 6980 8425 344 5912 6371 4132 5025 8495 1206 7721 4539 7488 7907 1496 6938 796 3960 7761 7065 86 2675 4146 9040 642 6448 3269 7031 4336 6257 1944 2872 3941 1271 7426
8719 8694 4744 9034 5294 1406 7711 3697 7079 4818 7069 8763 8113 8454 5033 2843 7514 5412 5368 138 6569 1209 52 2108 2789 4513 855 9231 4290 2917 6717 7072 6869 4709 5766 4988 7793 3167 9478 4800 8869 8877 7571 5257 2146 3309 1552 6444 5133 8905 3660 7054 5890 948 1379 7431 3098 341 3222 641 8165 8633 3552 5174 7836 7311 8084 2308 4387 5727 3234 3842 8125 7598 6470 3425 7646 1 7896 2975 5743 9373 8663 1365 6267 6398 4012 5736 1332 1239 7532 7559 1614 7444 8950 3816 7551
7503 1031 907 8723 1417 3210 6961 1040 8466 1775 8328 1333 12 4456 3213 9226 1353 7802 4091 1342 6855 8662 9244 1261 3823 3204 6333 1044 7078 2694 9208 4236 8273 7806 5533 2804 3938 5607 8186 6914 8949 94 6958 7285 7451 471 6722 4578 1627 6477 8060 2666 6806 1809 4184 8805 4758 4566 6216 2603 2952 4114 6847 3391 6604 178 1099 251 4530 8248 5647 1956 2549 5465 2213 2508 2846 2404 5891 6706 608 2370 6884 951 4455 1922 6833 150 9169 8660 6105 7383 1250 5262 1731 5656 7668
7315 1887 2067 212 9312 2278 4868 7834 2369 4268 1548 8912 8609 7908 6921 3609 8863 4701 5206 1580 217 2524 4710 3548 8545 2356 3654 2343 4200 1506 3402 9011 8420 3380 792 6080 8860 7394 1124 3296 2156 3881 6635 5159 1661 6434 5004 7474 6743 1748 3272 1853 2770 7945 7400 8075 9060 8184 6139 5908 1175 3480 3898 7771 7607 8216 3024 7738 7530 3902 3496 2223 6120 5958 4508 122 9255 3865 2167 489 3638 3751 759 6110 6232 2143 8688 4356 2000 7972 1868 6751 5937 5583 1928 7167 2019
7936 5625 2654 7380 6095 9062 4185 1107 1319 6493 580 5096 4559 3848 2300 1613 571 3228 6271 988 7747 7816 6879 5772 2618 4345 3101 1404 8558 6807 839 4674 7013 3553 2615 5646 2282 1955 7693 2226 384 7889 5671 6161 1424 2307 6164 6744 782 7813 5545 2221 7365 5201 5776 6767 610 7810 5367 5103 7281 9261 1542 1436 5833 4867 8709 7733 3375 1990 6451 7106 2228 4478 4614 7952 3230 9002 1779 6173 2415 288 3070 8042 9437 6369 8991 5364 302 1324 9532 2310 1025 1771 5622 6662 2894
8832 4923 2641 483 7202 2494 4719 2883 4438 4066 7748 4443 702 1205 2330 5971 8179 1454 5739 273 4813 3812 3481 481 654 9174 1556 5080 5943 3243 1372 1885 4928 7994 1371 3437 4342 4215 1707 3695 4730 8342 6907 2349 4463 1476 6328 4080 5894 861 519 8654 5016 1828 1078 8423 2944 5285 4754 4431 3691 7708 5307 79 3588 1909 7538 754 3665 5905 2296 824 7441 7911 4960 7402 8302 9 9576 2071 9596 1113 1974 5140 4333 7287 4987 7564 2538 8631 995 209 1715 3263 2001 8738 211
1421 6965 5948 8711 102 9185 2551 5373 9190 7500 7616 1750 5572 8638 7671 6128 9102 3982 7897 6096 406 7496 1076 3633 19 4573 3385 7214 5030 2717 3986 1211 2813 3887 3832 4522 1356 4433 4779 6200 7769 2624 7636 9122 6556 4936 6423 4283 5983 7787 9293 2750 1313 1634 4892 1729 5301 3754 6786 7192 8284 7130 5049 6745 4326 7328 1244 515 6632 5273 613 3011 9340 6834 3169 685 4065 6666 3521 5585 446 8350 7868 2970 2465 2212 6612 8109 8635 5667 7076 6475 6883 306 8093 3376 2048
4627 7917 3809 5799 7962 8616 92 2078 8317 5608 103 6138 661 5989 4994 7255 5855 7764 2729 9445 7504 819 1095 629 5170 9056 5946 8938 438 7304 7978 8864 1576 7141 4899 4503 5002 7246 2832 8074 5499 4494 4907 8421 8282 9385 2581 5044 8323 4048 8000 6012 6433 1246 6627 3508 7880 4020 717 6372 885 7321 4516 1724 1763 7264 1485 721 2202 3452 2682 314 6496 1681 7335 4540 4870 1545 1755 7284 6935 936 4543 4773 8162 6522 9455 6478 7300 4476 6529 2640 8566 7115 8011 4770 1685
5188 7036 4314 7914 7593 2333 4533 4261 2520 6315 367 4993 6943 4322 6686 6421 734 2964 5023 8553 8966 4117 2109 3377 4914 7714 4616 1401 3224 8444 3077 1128 8639 8408 2396 2335 470 2906 7348 6716 8902 9454 6176 1398 9433 7687 9351 3962 1144 6017 6362 5655 2283 2853 7961 594 6901 1571 1786 5438 1002 7584 8190 1865 2132 2860 8363 2631 2785 6984 9058 3718 6230 6728 5432 2379 8911 1487 1492 785 6952 7955 5207 4043 1061 760 1765 4524 6910 4359 3405 5565 8255 7193 9592 586 7823
7998 7350 9127 1194 6458 2445 7227 5558 3704 2440 835 5160 6877 4684 3196 2577 4693 4837 651 8563 1079 7364 3572 7094 2981 8668 710 9164 113 3030 7055 7658 7429 327 1461 5232 7007 7029 7827 9419 3301 6978 6742 8996 3324 8578 8647 6630 9355 8110 5495 7024 9566 1812 9166 9440 9480 510 1657 3342 4793 7934 2693 5694 5635 806 846 2997 3536 1308 7749 5690 3214 4130 141 1210 2728 630 3271 5845 1549 4505 5357 5281 1827 2439 6809 6377 5614 6841 6584 5369 1148 5605 8993 2107 3361
3417 9115 5083 9446 8361 5915 5287 2090 6554 1683 7242 8524 4481 8024 6020 3559 93 7575 5678 7741 2623 7084 5353 3896 9235 4921 2786 5719 3738 946 9562 6830 4170 1701 3265 6106 1345 549 9192 1878 6462 8681 3913 5247 2268 952 1819 7629 5970 8417 770 2537 7678 5959 8878 1098 7624 4777 7218 6277 8439 1060 1267 4444 7689 221 3332 7709 5484 8105 4207 403 8056 1859 7650 8335 6683 5231 4547 1704 6819 2029 7597 7891 7012 6509 780 7405 3928 9248 6013 8890 6118 7555 5355 3039 1187
5472 6160 1433 4700 7140 4197 6605 6985 5904 416 7822 424 5563 7070 374 3142 2174 3915 965 4975 129 3657 5306 2158 5785 1315 3158 8262 8731 9292 5055 849 6338 5208 67 7158 1578 8143 7195 4301 8076 3796 2949 7226 87 1208 6726 4784 8848 6347 8330 144 8675 3051 4002 7257 5568 5836 7894 3767 8640 756 8599 9546 1410 7990 1605 6101 3261 1596 7485 200 282 2922 9182 7411 1459 3335 6669 611 3208 6296 1251 6723 7375 5456 5952 1837 4413 5250 4629 700 6142 7686 5090 8651 4014
2844 1582 61 8209 1967 6989 7673 9110 5850 1431 8077 2665 7127 3979 3810 8348 4839 4339 1400 8028 4309 1560 1540 2719 2943 1157 6052 4496 6628 1945 6581 1539 1253 2003 1477 9054 2936 6898 6645 3957 2974 3014 118 4033 177 732 3019 4412 8733 459 8046 3050 231 4849 2298 9067 7515 5260 964 2482 8406 7113 695 7606 4862 5544 5489 1847 1848 1139 8103 6714 3645 947 8088 5387 7267 1774 7016 4618 1452 7652 4763 5286 3769 6758 7628 1373 6074 2102 7272 6911 8590 4086 6524 5758 6213
3892 4560 3904 5183 5612 100 1427 6949 7619 2503 5628 3341 7728 1003 1743 6136 8004 6429 1413 3824 361 786 493 2217 4259 7186 5644 910 8992 5553 2127 9370 2605 3515 2187 5314 6489 8726 2874 1390 5645 5974 6536 1984 2050 7129 396 5452 1258 5184 2363 1463 2619 5703 1846 2328 2026 2197 7006 4910 6174 7066 2976 6597 8309 934 7828 8967 5491 5748 9048 3392 4245 6572 3785 5567 5100 8223 3897 3804 4807 4621 1569 1792 4965 5043 1395 2010 4745 1555 9289 5382 7432 9228 598 2893 2657
7123 4209 9137 4310 101 6705 5084 4424 2215 2047 1772 9265 4741 279 2125 1050 4668 3407 6342 8824 1282 4772 4047 5051 6658 3782 1415 2907 1508 5268 3171 6430 6657 2190 1167 6990 4521 2784 8735 7563 7412 3961 3849 1081 3006 7724 9474 6793 7118 2304 9369 7047 7223 5193 4622 6947 2477 1950 4108 6634 7325 6195 1385 4743 2342 8269 5288 6306 1168 7850 4083 3565 2755 4161 4803 7136 9230 4319 4736 2779 9276 4191 2927 1266 2314 4465 7440 6547 1016 153 1008 3985 5486 1221 596 6097 6994
2864 9215 68 420 6988 1247 7717 6006 4208 5777 124 5949 1473 5490 5392 4649 9009 6917 667 6124 9395 8703 8677 6771 9459 5271 7541 1904 4633 1584 1607 3868 9557 4178 3591 6442 6653 8901 6829 3055 8207 3339 7535 375 4998 9362 5400 265 5130 5914 7149 4137 8055 9097 2408 5576 8798 6414 8532 9521 2270 943 7224 4809 2912 7439 2181 9313 4402 8708 658 6238 5825 9256 6613 2301 1519 9331 4492 6071 4840 5566 1490 8170 4432 8164 8500 9117 148 6670 8959 7895 542 1650 7715 8281 3818
998 6189 3739 9447 5944 8815 4905 7670 3257 6439 6941 8503 6412 7843 7859 2185 6733 1272 5168 9243 3831 4738 6709 9063 3195 5058 1004 7356 2426 9041 2385 7898 1291 4074 7092 8766 7649 4943 7909 2486 1354 6116 8490 4030 2313 5906 746 1841 3714 3852 3839 5343 5827 6533 3159 3826 8100 4594 3027 6191 2622 5426 9567 5936 2355 4232 715 289 4151 9342 9341 5142 9074 6969 6067 5173 105 6968 7796 4194 449 401 8493 2521 7625 6749 227 5185 741 7927 3390 6169 3 7544 7788 6621 4175
5112 6367 5375 8793 3446 4017 6860 6652 3543 8199 3288 7074 1273 167 5624 9162 2251 3469 7021 5397 3874 8622 1351 5282 2006 8645 3880 6494 232 2669 790 7347 6202 5312 4520 5439 6479 8906 5097 722 4864 1619 8531 4129 7196 4707 383 6695 254 3995 5095 4967 5061 3153 6401 2523 2862 985 2680 2171 909 1856 5000 3958 2978 4544 3658 6602 2401 222 6730 757 8116 6465 8376 215 7954 155 5026 1895 4957 3603 7374 3711 7433 108 1690 8955 1344 8936 7385 4603 2845 3981 9180 5832 1275
2471 9537 5226 4900 9344 939 6356 7975 6815 9323 3180 1408 2345 2839 6375 1141 7212 3835 7522 3340 2760 3140 2180 9427 6564 4806 2337 4019 875 7609 4885 4050 9281 4202 2427 1121 337 3016 5454 878 6318 7225 6226 6323 7545 7340 743 4371 8937 5973 9481 1329 3794 142 1996 6103 8585 7492 2106 920 8879 4805 1391 6063 8344 2992 2776 8717 1051 3307 4637 8847 6144 880 975 3780 119 4140 4328 1562 8022 828 2931 1706 8756 3797 8856 2177 3312 324 4586 3676 3750 4843 8968 6928 7657
1547 2830 3795 4062 8232 7217 6608 7570 4654 7360 5718 1641 1621 7716 7367 1118 5804 1367 5869 5167 490 2781 2406 8929 1535 3235 3556 612 7088 2460 4955 9471 1486 6072 1778 726 1632 4344 1532 660 2601 7805 5296 8984 5046 8653 4661 6752 3148 4145 2234 7518 5883 6606 4159 8066 8416 8786 3749 4101 2405 3903 8131 3664 7153 3175 7282 8226 8501 2766 3060 8142 2886 175 5384 4150 6411 5234 4726 2035 8252 3639 5248 1278 7819 4780 1626 5889 2077 865 9554 2390 7220 2718 6937 3707 1299
5839 1620 1756 9530 9216 5252 3105 2318 4610 2999 3087 3451 1941 6549 2932 3814 8318 8337 5121 636 1133 4064 2722 5069 2391 9321 3313 1759 532 1399 2332 1214 5783 2348 2352 7398 3840 3989 335 4704 226 2036 1383 9047 3450 6319 2720 8159 3151 3678 3244 5998 9434 3893 7688 7495 1798 259 7190 9522 4958 8304 3322 4881 3820 9489 8523 312 4799 8147 162 5319 9484 9116 1813 6823 1583 9410 350 1006 5721 8502 8051 8411 4107 3165 422 4122 1186 1969 1678 8489 7849 4583 3439 4148 20
4457 1834 4376 8555 8182 425 9367 536 4453 6424 3585 6290 8789 2526 8866 9132 4727 3736 913 3207 6130 1127 3519 2727 391 7147 8683 2710 9498 1839 5844 5410 7454 768 1106 8872 6000 4318 25 1863 3631 8865 3163 7408 2191 9229 9575 8648 4695 5104 6435 6033 2687 2554 1302 8135 8040 5228 4640 4948 7108 7691 8921 4280 5741 1039 1570 5976 8137 3612 550 8576 6058 5535 3294 6872 4673 9119 8960 2383 811 6849 6691 7103 2209 4677 7517 4561 2410 7702 7965 4389 6774 1001 8842 8900 6582
7991 5503 6392 6003 3411 6145 8801 84 380 605 160 1030 2164 4015 2463 3186 6852 2535 8930 8410 4716 6159 331 8338 2015 3514 8229 3139 1171 5453 320 466 3931 8999 3089 2111 1719 2737 7171 7772 2497 7026 1530 1478 2470 7948 6607 9525 4648 4485 241 5903 4538 6599 6805 6508 2056 9552 427 2563 5835 7944 5479 465 3705 6641 2260 5764 5377 8470 8158 1000 7660 5999 2638 665 8951 2646 4295 4644 9187 397 8777 969 2290 9246 6787 2004 120 6499 1192 2083 578 3798 2681 4367 6224
8325 6540 3655 2938 4199 3268 4553 95 5597 1998 3647 8106 9461 8743 9376 1804 8201 6184 1310 7160 1668 3520 3983 2848 2492 9068 3602 3176 9400 2063 6005 9012 1929 9183 8813 6188 3758 6387 7712 2626 4828 4991 8085 5396 6297 99 767 4111 1010 1718 1741 1672 2531 7852 224 5838 8595 582 1465 4010 9516 6729 7720 2137 1710 3083 4909 3652 9444 7132 8429 2238 8779 4286 2633 7338 472 6065 7358 9170 6636 2758 6380 928 4831 1062 9087 1624 590 4546 5817 2249 9379 845 7969 1129 901
9254 7707 3239 4461 5985 4794 6024 2743 2808 1184 3096 5641 7182 3102 4966 6799 2186 8370 4257 5088 8368 643 8217 6698 3680 4750 2696 7801 6803 7599 5587 7410 2339 902 4125 9408 7318 2757 7216 7546 4351 9527 2340 7162 3081 4349 393 3052 822 1376 2606 286 7871 9064 6677 699 876 4558 2814 1483 9307 347 3127 8623 8096 4276 4360 6350 5154 3541 2986 5238 5794 7497 3146 69 3774 4891 618 4158 3199 1760 7210 603 8697 1591 1587 2062 2110 1336 680 2461 6270 7735 6551 323 738
3277 6848 7655 7730 7647 299 9423 3007 8652 2169 5540 4420 1320 2747 3529 6251 4510 1849 6485 559 4756 652 5599 3594 6108 1456 9399 5204 1126 6331 3242 9061 5474 8608 5857 3479 2472 3689 6280 9326 8818 8211 6205 2571 3406 7279 735 6844 6773 2327 7293 4004 6972 7987 5402 4597 8445 2232 4623 4999 487 9029 3929 6129 3035 3622 7557 3891 1646 4240 8852 2559 3440 1972 4105 6916 8543 5254 4669 508 3641 264 220 8089 2509 6246 6854 6528 5187 3483 1191 3117 6269 6770 4390 1019 622
5441 5005 2746 9131 1999 4409 7482 7791 1363 2639 8769 2662 1808 1958 3598 5035 1738 2020 7579 3943 4970 6566 7015 407 8837 413 3350 4593 4361 9050 4021 4139 8447 4599 1586 7577 8235 6042 8873 3518 6511 8642 172 6032 8892 2402 1357 7807 7820 2544 2397 1712 6083 60 3511 1027 3370 2195 9425 2468 2490 8196 4681 2866 2857 1603 7343 6327 2014 348 2612 5060 6590 4211 5200 4274 56 7138 5098 2381 1942 8720 5220 8215 3420 1564 6692 7407 7389 924 5710 863 6409 2794 2173 1983 6724
4038 89 2869 5300 4788 5485 3570 8948 5934 1173 5546 1551 73 8315 5 1877 2088 4863 7203 7853 2916 7165 428 3488 6537 4221 9070 3971 2094 698 7675 3415 1125 7919 7046 1864 607 5681 3857 4755 7719 2942 6359 9403 7052 5757 7231 3114 4133 7184 8166 5821 3254 1377 4884 8008 1135 354 7924 5487 6155 4262 3382 7799 308 1866 5767 5269 336 1776 1091 9156 3584 1601 4808 9096 8664 3463 7727 4103 5592 8510 6045 45 7757 1070 1438 3430 3872 5385 8221 2005 2498 8961 4536 7825 4571
9308 1013 989 1328 1446 7399 9020 452 9163 4555 134 5506 2670 8206 5726 5750 6927 9524 8023 9266 5947 2798 294 1943 648 2725 2051 6759 1939 9402 8258 5859 3258 9159 8505 9016 3693 363 2141 684 5213 602 6471 1300 5203 5335 5830 7039 3549 8534 9476 750 8562 737 3542 5195 8884 6755 4838 1056 8458 7690 4249 889 5602 6542 1891 7502 4908 3755 4902 1132 3379 1416 3290 5018 1161 3596 6555 7131 8289 7844 5267 2969 4302 6223 1386 7641 6070 7608 2977 8222 765 7265 1233 7615 8952
8114 3080 281 7869 6388 1222 5771 5778 3364 1642 3806 1055 9214 6395 2809 4822 2963 2154 8509 4871 4435 6840 2834 8236 573 3026 8465 1991 2871 9134 5466 4512 5531 7081 6955 5233 6740 2690 5329 2515 812 7556 583 4057 7093 5773 3894 2850 8172 1980 8833 1343 8571 1883 6385 4102 274 8058 1242 3671 5591 8965 3337 4824 6029 3412 3605 4292 6835 2028 2303 3578 9310 6 8971 8208 1223 1913 4917 5476 9495 9259 4441 5171 5811 3359 2256 1034 1049 7290 2955 7661 2790 8564 2547 9186 4267
538 5036 3899 149 6203 772 747 9133 5126 973 5380 9477 638 5554 6497 4575 6438 3093 2496 8204 7951 6134 8101 5105 5093 8359 1732 7468 3456 9295 2791 3919 1491 5984 7782 4829 7110 4584 5829 9421 8836 9207 7222 7863 5957 4986 7455 4099 8915 7790 7533 820 6427 107 4836 4877 1245 8064 4711 21 761 8188 1541 1502 1020 4401 8133 1923 6472 2259 1815 317 5761 4953 3097 7324 2919 9391 2713 1064 5192 6656 1735 6247 7086 5801 9099 6193 4285 6929 339 2489 366 5483 3381 6885 8343
8744 2516 7071 2664 8191 6337 4598 235 7156 8437 2859 6665 4368 216 7176 4092 404 4775 4479 1921 2084 9356 3005 3866 7778 8071 681 6383 787 9456 3059 6647 3413 6925 1159 2632 4472 4131 8897 4291 561 8213 9025 4136 8381 8228 8297 5524 137 1195 2452 8132 2070 4100 7159 7211 3592 541 5198 6971 7014 8491 9555 340 7520 3776 8293 3661 2948 9124 4642 6336 2928 6261 8464 8372 7553 9043 6209 3348 3134 3667 4901 5394 5613 7904 3918 6329 4090 8391 5469 5425 793 6349 6041 3734 8469
4287 322 1156 4660 6459 6151 1730 1810 5222 5480 6127 6050 2655 3373 8102 1441 8780 8419 7549 2501 3544 1466 3766 2265 343 3640 9499 2240 9066 2823 5292 8360 4893 5661 5017 9374 6870 8980 2971 7261 3732 5680 1066 4552 3328 4272 3399 3256 3837 7097 4761 4063 90 2175 9598 2711 6594 8597 8227 256 5818 8148 7080 267 5111 1326 8313 5181 7581 4858 7283 3561 5956 2133 4008 7703 2227 9290 1845 516 6936 5603 8150 6731 8134 5951 2761 501 8603 1610 2371 8796 7622 7201 6183 6204 3251
662 593 2805 7992 2434 5824 1084 8260 3079 4373 7921 2933 3613 9302 468 9589 524 8876 3942 5031 2104 7395 543 5675 9303 9113 1270 993 2064 8183 4366 1024 895 349 5052 1292 1384 1349 5157 2819 3668 7040 7478 307 9006 7956 7617 1419 2723 5289 3267 8511 841 8168 7449 6856 1018 2648 830 7465 4391 9234 7569 2990 7781 6736 3174 6591 531 9260 6115 3061 9144 3389 8087 6420 4916 9079 9600 6874 9105 557 5968 2807 3448 4844 2188 8013 3497 5047 7370 5087 2248 2592 888 5588 8048
3216 3752 9595 3278 3684 5819 2749 22 8538 6051 5085 6794 8737 1341 1925 850 1959 8868 8665 4331 5458 8893 1609 5632 6775 2368 6738 8017 6408 8424 518 8311 3211 357 2628 9023 4724 5917 7489 7567 6018 6143 8333 204 9242 8422 7345 5128 953 2972 9490 5961 8728 3884 9436 6038 3964 7003 649 9465 5089 5786 1832 2099 8349 1884 7010 556 2134 8712 4565 9179 5122 6765 5139 2448 5634 1259 6915 4427 2208 992 418 4576 7743 3699 9136 6979 8913 5696 70 8404 7974 5378 1588 5249 1643
