98 97
1957 4624 4743 4309 954 5776 300 6821 6100 5251 8576 5203 9219 2237 5371 5783 2594 7153 740 9015 8179 1191 976 4754 6035 4899 4936 5948 7292 9157 3979 3520 8260 425 9213 5864 3791 2517 5433 2444 1682 2603 9498 5694 6539 942 9469 3894 5624 5422 7625 8532 924 8629 474 1672 4251 5050 9309 1820 7887 3699 7425 3612 7960 5584 6520 4740 8664 7076 2416 7341 2034 4469 8840 3717 6610 3801 3324 7813 1207 3667 3048 8204 9367 9486 8947 235 8081 704 9429 6505 2108 798 8932 5808 8337
3314 8530 5027 5934 7766 1953 4135 4652 5673 1780 8113 2194 527 9292 1871 1963 6767 5988 2042 1416 9096 9350 3601 3523 4991 9150 1939 6176 6098 8516 4375 6783 5950 8507 5898 4142 1363 2715 8420 8962 1232 6492 1415 2905 8484 6828 4247 4627 4688 1144 706 3326 4236 4044 3015 8314 4514 5794 394 4297 3512 3603 2586 8779 3187 5755 913 2846 3969 3421 1893 8615 3331 9012 5773 534 6312 8258 8548 9225 9465 8875 234 7077 7756 973 9076 5975 751 1824 3275 8084 362 8150 7122 7200 151
1516 4813 79 7459 7508 2167 3428 2772 4518 5940 1607 6592 2713 8254 3807 7174 8864 8370 3094 9417 5128 7437 9043 5409 8646 3102 7850 1272 7317 2359 4312 8777 1351 1468 220 8436 9234 7391 6345 9449 5819 6479 368 645 2109 3934 7658 7556 3024 5984 1459 1252 1610 8352 5867 1062 4614 8418 5965 3739 6391 8191 4641 8986 5925 1723 6344 5014 3856 412 4422 2813 2164 8106 8868 4918 3014 376 3397 5397 7124 4537 7211 7358 6728 426 2700 5963 1559 6721 3828 883 8098 889 4933 3481 5113
5919 723 6837 4057 7726 8093 6121 2595 6663 7017 3539 3435 5354 4530 215 9189 5280 811 9261 4486 8694 6878 574 1015 4317 8115 1570 4130 3457 7640 124 7693 3461 759 4217 4301 8553 6336 9034 1632 2534 5622 8231 7059 3568 4352 4184 7473 2373 8600 2454 7899 3873 7072 2605 1649 4380 3935 9211 5002 3253 2967 9302 7805 96 2922 4054 4699 786 5299 6982 180 2478 8946 6683 4473 3845 2640 9356 8993 4360 8935 2259 1762 8072 9119 1796 5647 6186 1273 3983 2250 4841 1574 7892 5246 1014
9392 4720 9208 9413 1725 58 5962 2401 6687 172 1253 6922 9452 1740 871 5197 4558 1590 7768 606 864 3785 6274 2628 8720 1733 4903 8992 5362 6096 5676 3799 5722 4515 7603 1826 1993 6744 9283 4676 2979 8274 4182 4967 3829 3669 7928 2587 9343 522 3853 5275 4570 171 9293 982 3074 6429 2907 2390 4163 5510 1832 1554 10 7503 7329 1904 8326 2474 5411 729 9396 5436 2027 9330 8535 7087 7740 156 7235 37 6333 6827 2362 7396 3436 2299 6289 73 8566 7530 3862 3255 8133 580 657
1069 9428 7922 6552 2310 1593 6717 3111 5877 6015 7845 2366 375 1117 5507 2470 5942 2434 9404 7480 3926 7002 8442 3408 7655 9001 4263 6389 8381 4218 8224 2330 4573 8814 5814 1109 42 328 3703 1962 1151 3655 1460 3033 5529 9233 696 7940 2311 742 4234 1407 242 5242 4867 2838 1009 7815 3659 4783 4451 1220 2804 6101 2634 1670 8895 9287 6884 5351 3890 7983 337 32 1639 2329 3550 6051 8173 8393 4230 8029 4136 8989 1310 9097 256 7177 1517 4609 5672 1323 6674 3057 5578 8529 4376
2978 2641 6410 3380 8988 6628 3556 373 3414 9031 1562 4809 8643 6792 8325 2857 353 1793 1598 627 5738 3733 3097 5046 9497 4958 4254 5493 7168 5183 2101 4148 1542 3975 4684 7268 720 3206 146 1619 7904 9009 346 858 3722 3225 4655 8937 897 7523 1861 3980 8763 8013 7489 8805 7427 8192 4070 9374 9368 5243 6385 1398 7219 4941 2316 790 8089 2546 6714 7709 9227 6764 4710 8504 493 2941 5721 6675 5787 6736 8810 9246 7906 8088 1839 3741 8157 6093 9351 4366 5274 0 2051 4279 4711
6087 5592 5955 680 5160 1964 6759 592 8906 6769 6575 3236 9272 6278 2939 5491 9159 1368 6754 6782 4363 749 87 3286 1168 8206 7967 9101 3440 3022 3349 4480 7644 8154 7661 326 6518 4069 2037 7659 5640 5016 4004 7146 5255 2482 8317 4443 3419 629 3745 8609 7953 5799 1053 3175 7780 4741 8404 4975 5404 2604 1096 3335 9172 9174 4189 8856 1818 4013 3565 7376 6268 8500 6790 7178 361 7774 4415 1448 9380 2678 2575 836 7909 2590 2544 8452 5296 8981 8672 4544 6161 7482 962 3951 1631
7787 6056 8432 5253 6198 7648 2081 3076 7344 4413 7202 7830 7497 3009 7188 5842 4747 9322 7158 3688 1271 5365 2622 2136 5392 4576 734 395 4805 4180 2333 1830 6042 2707 8604 336 9016 2583 3663 5194 3188 200 4742 1880 830 8907 8315 807 8669 6938 120 4829 3631 5069 9327 6559 6665 9090 5215 1846 1754 4346 3197 2937 9390 6318 8130 387 8083 2574 405 3607 2817 1715 5969 7051 6605 6689 9019 3137 2868 5294 8491 6797 8834 4736 4708 5828 6348 8026 4881 5802 4444 4531 6324 5400 7160
2980 7971 7183 1583 2567 5132 5025 4067 2319 1154 7138 7428 3459 579 2748 2043 4884 2601 5960 7229 5094 8823 4010 4524 6770 6443 9349 8809 7442 5863 161 2292 5878 1865 1284 9432 6237 1845 6305 3877 7630 1224 4840 7388 1728 2183 4488 4475 401 8233 6464 2234 642 7474 160 9493 8718 6337 2924 3353 9370 458 2656 6260 1152 1332 4424 5905 1440 4494 6919 7827 7860 2751 4395 7722 1737 4319 3244 7764 2077 7935 6225 2918 8886 5028 6698 2947 2255 1118 8710 9389 3021 9500 4256 5471 5929
3062 4656 821 6772 5827 6657 7208 5276 4193 1938 908 8723 9470 8050 144 2800 8899 1603 4383 7621 6624 2876 7581 518 468 4155 9341 6006 7595 7128 8975 6470 3855 998 5789 82 9480 21 1126 6180 4009 3899 1718 9359 1507 7744 2698 6195 30 2336 8053 5870 3355 5964 8913 9345 299 2191 894 9371 6118 1589 4110 6817 6812 8909 511 1465 3878 6737 6629 2312 8403 5088 5504 80 1085 2075 5398 7538 6273 297 3392 3691 3060 1239 3962 3680 9182 4955 7688 6159 3011 7571 3254 7708 8105
5909 4948 3939 4318 1308 455 1878 7277 5256 3287 9239 3274 1981 4128 4204 6906 7356 8474 9206 1033 4833 8991 3073 7103 7374 3528 7007 1404 2460 6447 2 195 1212 8460 9155 6151 1237 2294 9071 4591 5781 9167 7921 2875 3325 9128 805 7248 6276 8933 6791 7098 3473 6008 3270 8859 9357 914 503 2448 6045 277 6379 3345 3446 2814 303 5293 5049 4824 8095 2722 9468 4426 6935 2724 4550 3486 7834 8330 5130 9439 7799 7117 2714 2866 3867 6653 4880 819 8618 8396 9321 1557 7247 4320 9118
9456 221 4131 2499 3841 3852 3079 4084 2012 5875 7759 179 999 3769 7657 4937 5087 6394 8431 3134 3386 526 5288 8268 223 7194 8039 3317 6158 2464 8671 7493 647 7611 1198 1692 330 8207 3515 3170 9441 1381 4270 8342 5598 3513 4092 482 8121 3479 1626 8281 667 3925 2442 3063 8858 222 8826 2494 5129 6898 7851 4671 1451 6591 293 7917 2232 9149 173 4141 4344 8462 5384 1597 8421 3576 2105 6184 5833 3627 7161 1909 8018 9342 9147 5680 1653 8427 7898 5619 6833 6989 6194 5617 8525
5754 1347 3376 331 241 11 3176 8049 5341 7592 8571 4326 4133 2016 8784 4275 2684 6816 1461 1841 6807 3131 4835 4725 3238 424 4694 5897 1739 6085 8743 3196 2702 3704 6493 5178 1804 4765 3096 5200 7265 7534 6028 4007 866 878 7213 8185 9032 8514 7891 4085 2182 8960 7039 8751 6190 5658 7854 1795 3476 7371 2372 8480 8928 2768 7066 7258 997 5763 9307 3675 8021 6961 3058 192 2171 4138 2839 5116 5813 6313 1170 1169 6110 8429 8881 2409 8252 1348 7646 456 8846 6177 9433 590 7602
8385 2752 713 8371 4291 8807 2669 3999 6251 5992 2672 4305 446 2303 8434 7684 8240 5240 4785 88 1000 2206 1994 6952 3922 4578 1150 3859 255 8575 3670 3043 2788 6172 5064 4625 9124 4863 8673 6018 8782 2125 6747 2516 567 3413 6655 8433 8288 6557 7733 6263 1968 1720 1225 8023 2510 4972 4843 5305 5497 5347 8577 9218 1807 7660 8285 7081 278 9438 1246 8800 1429 6540 211 7024 7381 6972 2378 2358 7088 6555 4503 4231 3218 1778 4282 5052 1200 9297 8815 3296 1188 1872 8827 2286 8790
4001 6088 8908 7145 1043 6894 6174 8533 8715 1084 2766 2169 9006 2992 1487 4690 6303 3837 9285 1666 1238 3250 3619 6418 1189 5154 661 5989 4732 1306 5728 7516 6033 8519 6652 2069 1100 4724 8011 2865 9281 449 2815 8973 3832 9346 8954 4751 797 7829 3646 3784 8559 2009 8408 1376 5657 6875 1569 3765 9055 6231 6064 1290 9168 6550 5457 5639 1722 8170 4520 2225 614 6818 957 8413 5098 675 893 9257 8265 6173 3937 2964 2103 8781 4731 3142 6776 4221 271 6264 8286 517 7424 6701 4241
6457 5468 2614 5485 7163 4339 5967 2261 3363 6242 4790 9415 3694 6001 1418 3591 7065 7207 6170 9324 8131 2578 1248 6528 7478 8523 7718 1011 7706 5697 7382 9237 756 1074 2204 7414 5733 5458 4552 48 4150 4174 4417 259 8188 5321 3638 7444 8331 9395 8019 9188 6404 3109 1726 5917 9313 5688 583 5158 4988 4173 4787 3987 8092 2675 4994 5045 9226 7048 5661 558 5167 2998 8942 6677 9160 8061 5366 802 8832 9210 4527 5107 3749 8349 7447 6111 3426 3874 2536 4423 3171 6227 4093 9256 8356
6857 2915 8716 2908 3866 4112 6758 5719 5956 5812 8402 3282 5193 3181 5473 1743 2799 3929 9315 6252 5474 6411 7801 4931 7328 2198 8601 1241 7236 4201 8097 5055 5363 2537 134 2904 5532 2257 1651 1325 9466 717 7400 7578 8625 9070 5631 1799 5247 7198 6022 3146 3223 2192 7587 7435 1700 699 5142 6367 7721 8196 2260 8357 3215 7244 3834 3773 7159 993 6124 8943 1782 5985 2146 1925 2304 1048 8938 3232 2654 9145 261 8668 7509 7074 3614 6814 7031 8078 5056 5521 612 2834 2058 95 6526
8303 2084 3445 2710 252 6473 2223 8753 9331 7861 9492 4421 4372 1868 3851 4390 7157 9192 6323 8901 7945 2643 4260 322 9431 128 3140 4877 3263 9166 7710 4185 7758 7930 2356 2783 7097 525 4642 5907 1449 4425 1340 210 3913 6949 4808 7642 1474 7080 7408 3258 1531 2393 5947 4693 2820 3581 540 8680 313 2611 3321 2825 2085 9220 7278 4767 4853 6732 7094 6901 8015 5213 8912 2056 8025 3997 5135 3547 1134 4540 6688 2972 366 4845 787 2275 1258 77 6735 2106 1920 7366 3104 4930 2376
7728 901 2524 4920 5227 5815 4358 7326 5995 2872 3208 378 6189 7471 4982 5610 7284 6852 1453 7901 1734 308 7264 6128 5186 7147 7301 8247 9318 3078 8368 8332 1898 9039 3621 1478 1216 835 6414 178 6026 8591 8902 6562 4959 4243 7863 5137 8271 9276 8956 31 8486 6848 2828 8008 9329 7597 9406 1681 533 7549 3032 2327 8263 4911 157 4815 1371 6060 5421 4438 5764 8443 7690 7029 1061 3207 7293 5303 7142 780 6241 3839 5959 4739 1346 4585 4273 3172 1721 6041 4653 5648 126 7941 2933
8696 8860 7675 9277 890 5058 8693 4980 2971 8925 1532 7105 5432 8111 6636 7047 4791 2518 5367 8085 3165 2157 2816 5729 2415 4628 3061 6516 9036 5272 5455 9288 2845 4351 122 5368 2584 6460 6230 9242 5217 6859 296 2188 4046 6565 6692 6954 9443 6551 8341 9476 9344 1852 4060 4990 5071 5953 19 1143 325 6063 5708 2877 7634 5265 7828 6270 6480 9094 3514 1172 3608 408 1834 2959 4043 125 2668 3374 3312 5774 1214 9279 5784 6501 3462 1201 9484 4278 2975 6503 892 7338 2692 7034 7010
2888 8703 8843 4617 9078 9387 8676 737 2699 8882 9462 4568 596 6384 7977 2639 7182 1518 136 6044 2407 5236 7030 3194 2419 4091 8398 1851 7021 2428 8348 3308 8957 2398 5790 5699 3437 3054 5911 768 3340 9153 2756 4079 3998 4580 8919 4463 9190 6846 6432 5196 4210 2270 6465 2938 3869 4778 8879 2276 5530 4077 5456 8483 763 7645 2884 6580 8259 3494 1577 8978 7514 3028 98 5311 4064 956 660 4577 8508 5072 7626 2097 7354 181 3991 4293 7165 7012 5438 2017 8656 2652 344 6541 3524
1369 1350 6422 8114 6211 753 6853 2432 3835 8277 3645 1822 5496 3358 2560 9478 5939 5568 1976 5289 9254 3830 4771 4367 2054 2511 8203 5890 1498 3946 7723 8144 6576 9111 5769 2119 5459 481 7210 5871 1922 8639 6861 7472 8070 190 4799 3309 3826 257 923 2919 386 8977 5003 1657 7193 8767 2712 3541 6477 7028 8891 842 7404 4479 8167 1268 8362 8451 7938 4078 2835 3615 5798 2457 4636 689 7240 912 7890 8959 1235 1466 3920 6931 2148 1618 7340 7664 1572 7833 9355 1889 1274 8301 8455
5889 441 3825 8329 4579 316 6519 9460 7345 2597 2231 5326 6889 1669 205 6368 5134 3247 6502 2927 8655 400 7997 1394 7924 8211 4255 7951 2842 9142 7452 1128 1936 6892 5701 7453 906 4632 2966 2660 4876 7613 5850 1136 3423 6839 6729 3013 2122 7985 7840 9 7295 4304 2779 9086 6768 3269 5428 123 8798 5712 6167 2750 3090 1250 7221 6612 3854 5001 479 546 2067 4333 1314 5591 4913 442 8688 53 3276 626 3660 7753 3388 5188 1621 5582 2079 9185 4851 7856 5415 6968 4504 1566 6596
6680 1821 2488 2592 7199 2963 2554 669 6543 3850 5778 1167 8971 9204 617 7825 2360 1949 6836 5835 9365 22 1149 4456 423 4793 5845 6822 4008 4819 8380 531 7999 349 9093 4821 7776 9146 2755 6556 2749 4737 4159 6563 1422 2385 5902 7110 1856 9027 5086 2976 6577 4651 103 8628 8839 663 8007 3521 1102 6531 9026 3343 7450 287 3794 936 8205 6640 9177 450 5221 4441 1299 1185 2732 1616 1231 5403 1956 1605 2400 3597 138 7476 6773 4267 2738 7316 7673 5605 2152 7513 5453 5824 7133
1514 4781 1458 5216 4914 4583 3026 4160 5892 7190 515 2636 2571 2222 5753 8765 169 7232 137 4898 7819 1633 1081 926 7694 5804 604 8968 7926 2339 498 2821 8449 2205 9154 8407 3113 2896 2995 8214 2562 4099 2293 2323 4822 4374 682 8769 8528 8735 7230 3251 7566 7748 837 4549 2931 8995 3240 4055 476 4869 1163 8585 3782 4198 97 1951 5263 2566 9114 5928 3984 2661 6462 1362 869 187 549 2869 9228 133 9319 6726 413 8437 3040 8425 5971 639 9028 8691 6826 1946 4033 1941 5440
2212 8042 7331 8120 8454 662 691 5597 9308 3585 764 7746 1497 4104 6392 1030 6534 185 2687 3482 8958 6940 2010 955 2929 3092 9151 5692 4253 3616 5340 6573 3301 5376 4016 3772 2121 3599 7089 7532 4607 8108 2150 5104 1860 5281 4734 5292 1802 2254 1391 8862 7307 2706 7832 3198 2326 218 1044 3506 24 8338 8479 7936 3858 826 1560 4416 5700 6228 4892 860 2572 5736 4023 2667 8136 5611 1139 7986 4002 6102 4856 5482 2621 8226 733 8774 399 5108 5430 199 4257 4493 6037 1256 8816
7765 8234 2807 5757 721 2005 7886 5519 2645 3460 6236 158 8139 2965 3978 6405 5638 5695 4604 6928 1712 7204 2803 7716 9364 1637 7130 4186 9178 779 5163 9347 7548 7811 5353 3112 1615 5557 1423 2582 2852 2775 7807 1731 7835 4121 5237 4670 5484 3367 4701 8567 8242 8180 2380 1736 8825 2395 8339 7107 8096 8273 7185 2811 1717 4864 4384 1784 4332 4983 1309 1264 3697 9424 7479 2760 1995 2893 6285 4071 6849 4030 2430 2481 8161 8302 3067 5869 915 8896 6360 1526 4149 728 9326 7038 4083
7484 1758 3411 9275 459 1973 7297 2338 8490 1813 6115 4666 2778 8684 3219 9495 4041 244 7590 1617 4571 5838 7633 8267 2170 9291 3088 1067 4496 7691 9079 5224 3572 624 8406 1527 7132 5381 6185 4889 4759 7141 4262 6727 4353 9088 8390 431 5775 1019 6074 5369 7176 3310 4592 9320 8300 4369 6925 7614 3630 7651 848 6864 6784 7041 1282 9049 7492 5083 3793 1171 5633 5593 382 6564 4487 652 4258 6386 8438 5501 7206 3674 1513 500 2184 8475 852 3712 7327 3466 6123 5820 4817 6255 882
1066 7250 1057 6413 3200 5095 6583 4109 2996 8316 4865 3940 3545 7463 7019 6380 8550 7743 6997 6991 1161 329 8949 1838 4434 6871 1029 1318 3316 2367 2386 584 6369 422 8620 5041 7864 385 636 2124 1874 7149 7254 9183 5090 6930 7593 9426 4419 5861 4209 9340 5551 35 6851 1877 2731 2013 2509 9464 9398 8440 2381 5994 3637 4264 1204 9504 6879 8168 5571 6959 6659 2033 8320 7263 9338 9369 4308 3989 8163 2226 6594 3898 8275 6897 7870 9007 2337 3716 9011 75 2988 9333 952 928 1400
1580 3662 1873 1113 3875 323 818 6984 1068 4709 7392 6417 659 4960 2207 8457 2662 2115 4474 6103 5443 1776 9458 7022 4027 6741 8489 3315 6188 8383 1840 7730 7449 5656 9255 5710 1504 5148 4567 8665 3147 2284 856 910 4307 9488 3634 5556 7517 49 1827 3977 1008 6025 6795 1910 8884 7623 4852 4912 3763 3083 2504 6366 4382 4961 8876 8670 7173 1586 4842 3583 6325 8444 5451 4823 9310 2031 4561 8351 8422 1455 3375 6971 3132 7013 1646 5517 1409 4250 3366 9361 5136 5644 6295 769 6869
4355 5768 8984 1105 3755 4895 4086 7880 3517 1887 1243 5150 7760 8757 1352 6656 1602 4810 3711 6244 7134 1411 1313 38 7342 7535 7052 2083 3928 8682 1106 7426 3216 4879 3564 7944 1265 5588 383 4944 1551 2696 1230 6426 5006 9399 4970 978 6476 7865 1254 3230 9259 1825 7280 2558 7873 969 803 3500 4779 927 4065 3766 3192 3705 6527 163 3919 282 9205 1853 7343 4164 7347 5841 357 1065 1397 5704 7420 7323 8918 7821 1056 2743 2049 597 8749 4860 7876 7970 5291 6081 2695 2142 703
9274 1624 5818 3635 7636 2723 8772 1419 4359 3714 6371 3356 8930 2801 6586 9479 6718 1001 683 545 3811 1425 831 3362 4718 6651 8617 1798 8997 1702 7754 8526 8759 8156 7769 5262 7001 829 3985 8964 7957 9382 4807 712 8377 8647 7115 2745 1433 8369 7359 5096 929 5743 1336 8557 9065 8343 4111 6315 1131 4491 7696 90 1193 4354 3956 5795 8590 3504 6708 7432 5264 8808 141 4541 5498 9056 6296 55 1697 5102 1986 1500 2155 7106 5865 6707 7672 714 3108 6266 2461 2637 7836 3059 2688
6210 8506 3580 5100 6229 6627 6078 7524 3955 2705 4746 7266 182 6933 6125 3726 5244 9235 4062 5567 792 9089 984 5233 3285 4608 4696 8187 3831 1005 5706 3756 8197 8009 1685 8295 9306 2508 8624 692 7311 4436 2291 5709 8934 7519 1236 8411 8522 1811 2209 6291 3822 4439 5837 6090 5084 2985 3384 6710 1870 2632 2739 6832 2000 4450 4074 1060 946 2443 6141 1403 3072 189 112 2236 8310 8473 2467 8573 7619 6070 2283 5987 4729 1050 5993 2873 5765 6446 1975 5563 1789 7605 5650 3584 5821
6662 990 7137 7929 1564 3152 5604 6024 8272 8364 6621 9020 9184 7584 1099 3068 9045 5910 1805 7681 1773 339 260 3278 3261 1875 8289 3578 833 700 8793 8430 3427 1097 1837 4401 7615 2615 784 5252 2533 7964 496 6468 9117 1627 4726 5792 5441 2665 8512 3902 3156 8246 4435 396 203 8488 8485 6760 3303 274 490 2809 4161 7771 2886 2322 5903 6294 5966 2268 4022 2305 6246 7932 5594 5862 3848 1160 8251 3575 7521 6834 9113 6055 5505 1213 4276 4707 6733 7475 3678 6995 8708 6119 6943
4611 5258 5463 810 7433 5941 3889 9273 1203 354 8717 5097 6912 4962 7501 4535 701 6616 4249 1365 722 6785 6644 2527 8883 4484 7043 823 3544 3465 1184 6449 2424 2215 1683 2746 6220 6789 5514 5636 2045 6802 1112 1664 5628 6073 1493 4814 1772 3385 2028 5165 2116 1751 4266 7467 3883 6511 6778 4533 3579 6148 4197 4689 3396 1919 1353 6363 3560 4052 2552 7339 2458 8340 2278 191 947 5748 5446 5278 2620 1652 5283 5569 3996 8914 5990 8200 1141 7831 5201 4089 5559 3184 2539 935 6964
4495 542 6436 7859 8165 5938 9494 4500 9289 3260 501 9010 417 8785 7683 5413 3394 4235 1396 5881 1322 6642 5318 5386 5218 5232 238 2118 104 2455 5267 3502 6396 7732 6705 7652 2383 8228 8627 2451 1180 6481 4 6139 3330 2942 3652 4208 2420 8079 4265 9503 5475 7955 8636 3106 3150 3540 8855 6743 5182 4904 6475 9280 8747 7075 6751 6319 3792 153 7879 2770 3085 439 8107 7837 5120 8652 8982 7495 5331 3948 8515 2591 1635 4668 3932 6667 6310 1307 8648 3005 3661 4385 4695 4602 7148
6855 3488 8178 900 9314 1178 333 1534 4489 4080 8076 8445 3452 1300 5101 665 8410 3217 4295 379 9163 1013 154 6309 668 870 7647 7119 7902 2406 8737 7638 909 8547 4868 3432 6165 6401 3322 4446 7792 804 6533 7262 5586 2796 5418 5518 1104 5931 1849 4237 3379 7529 7096 127 4134 2190 1914 6215 1970 4828 7812 5538 5176 6419 6346 1326 2630 3120 6632 8976 1727 3863 1319 581 247 3318 7288 5539 4105 2805 637 8705 8555 4526 2898 2647 4909 5752 364 5112 4220 9131 2297 9162 885
338 1857 9141 8030 3644 6608 5826 5851 7224 5707 3354 1575 6819 7325 6981 1680 854 5205 7056 4428 5793 8313 7782 7253 2287 5348 9062 3081 2983 4598 7572 4855 13 3143 3055 2483 2133 204 341 8804 390 4564 8813 3052 1882 1592 5192 8572 2921 2823 6142 7839 3736 5051 4420 9490 6355 8844 2228 8006 5595 334 3259 1848 9240 6942 4370 6265 6697 2827 1650 6641 7406 5312 4286 598 6329 4939 6094 577 3687 9483 1658 7361 9025 5976 5406 351 5526 3795 2256 3434 3910 4195 8194 1090 7729
7948 4329 1850 6835 600 8257 3569 5382 9423 9156 1491 1114 6598 6974 5254 7324 292 2264 7558 2519 8397 4393 7360 5979 7032 7707 6921 9040 6047 2664 495 4259 3808 8789 5346 6104 121 150 4965 7086 4563 2282 3266 9485 464 524 6155 5977 4108 2347 1329 2515 3291 5830 5663 2057 2878 9253 7385 1579 3966 3748 922 2396 6272 3305 6328 2514 2399 5013 3444 548 9120 1360 6895 5629 1594 4584 8583 201 2320 6944 6316 5747 9241 8698 635 2331 1756 2063 2781 5448 5590 2095 8032 6271 8367
3098 9132 148 3424 6522 745 437 3734 6877 2955 7033 8872 1070 2548 672 1055 8297 7006 7187 563 3732 3030 4478 3809 7496 6825 7745 3378 8605 3199 1563 8318 2776 2059 4977 2497 7974 4178 2824 7507 3518 7195 911 4947 1401 3596 7533 2044 7104 9042 5574 5377 3403 3007 8103 4612 8994 1584 9459 327 7576 5344 6275 3454 1199 7364 3387 9477 5935 7531 9193 1801 1816 5766 794 2943 4776 3036 3268 1585 2638 2657 7608 2196 2606 9022 7852 1286 6421 4014 4678 9104 6201 4755 2266 6946 5309
2185 176 593 2252 3546 6169 1521 965 5408 4452 6398 2914 2087 783 5131 1835 4337 4596 4129 9139 7430 5141 1899 6994 8344 9072 101 4606 3552 2154 820 7215 3272 1275 761 3762 3836 6762 5356 3167 572 3089 7036 556 7395 7486 2243 8419 2791 8660 5420 6075 7139 5777 4158 839 7734 9474 2691 3027 991 9105 5601 560 3149 7818 358 3592 3475 8674 3860 8758 5385 5401 8829 1676 2029 7500 9391 7127 1520 2545 3105 4316 5282 5685 5566 9383 7259 3971 5772 2794 4412 3041 6664 510 6069
9422 465 198 2370 64 3431 4059 2994 3101 4176 1977 3849 147 4196 418 91 4516 107 7545 4181 3522 2686 6530 3623 8704 5337 918 599 1659 685 656 5060 1162 5317 2930 8074 1374 319 3924 949 7557 5727 4240 36 757 4336 388 6609 6639 6779 741 5033 1206 4021 4481 7387 6065 7078 9411 9448 7285 8939 2658 4949 6082 9116 1693 738 7014 4203 1948 816 2507 817 1247 7689 4513 6678 5059 5322 414 8493 5228 4752 9014 6702 7875 207 483 5140 6686 774 8940 4405 2202 1713 1378
7393 8395 8953 5390 6620 3725 2822 4706 1628 6014 7810 2957 6463 3227 7942 1119 5516 4107 6048 9164 3449 8212 5181 4003 2608 8707 6867 1979 840 4712 2550 2453 5480 4024 8102 5424 4232 9230 6408 2086 5301 208 1428 4735 7662 4510 5702 7477 7050 4132 4803 6600 8894 1996 8687 1147 4766 4971 4460 5235 162 2403 3537 1208 5886 3525 2227 332 1869 2676 5206 3738 8564 9201 1623 5884 5981 8063 8428 2355 7617 8651 851 2962 5537 9397 2158 1966 8378 8900 5405 1489 2306 8250 3508 2427 9394
5157 5852 4621 78 8236 6032 7373 4738 1311 5074 3796 6711 874 6339 6435 2644 113 8595 6648 6131 899 4542 7167 2035 6806 5105 3075 5190 4687 2368 8661 1788 5655 3039 6133 7454 6240 6844 6061 6924 6099 7506 6903 2412 3730 2328 2002 5407 3647 6888 7121 4663 3361 9457 2917 2579 813 766 3534 1622 1295 3882 8035 4721 3273 3042 6311 8830 8552 3967 2216 7883 4330 3297 8345 8394 2061 6830 3917 5079 3892 57 2335 3399 2249 6724 1046 7641 9372 1916 9408 4908 7628 6939 8478 7568 415
4490 7186 2728 4143 7824 638 4114 2493 857 4199 732 8748 7610 7060 6286 9401 2889 9095 81 2113 7003 377 1410 4342 4616 5872 2719 5029 7289 8967 3467 3767 4745 4378 3066 9203 5581 420 7573 2068 1103 6353 5693 4233 6706 5483 3235 2074 5506 6331 4882 253 9377 5488 6197 2721 9207 3320 7803 3203 5414 1356 8466 4188 7209 1426 1987 5961 6354 7988 8565 6623 1370 964 2070 7823 34 6799 4910 4323 5241 2076 4565 4349 7544 8386 8861 6882 1529 2910 4310 3456 6676 3327 726 6192 363
8745 3357 2341 5739 2280 5159 5234 6147 2096 4397 1345 5117 7635 3905 466 8082 2147 3710 6841 3531 3231 4034 6440 7543 6904 5336 5279 4733 285 1783 6256 7671 8764 2408 4896 2496 3519 3243 623 2790 6341 1395 8366 6634 9335 5465 2296 5019 9004 5523 1210 3681 8208 7947 1234 6780 9209 5419 1488 6157 4303 2792 1752 7725 5561 6749 8610 5732 7064 4546 651 4555 1042 8920 8171 5383 5997 2151 8216 494 594 6112 7218 8415 2181 7982 523 9420 3478 1359 3365 1075 7849 6438 8754 5173 559
3561 2780 8392 380 6226 2969 2388 7494 767 7445 6031 6017 4837 9409 2239 1483 7920 564 7996 7304 7588 7069 4287 8898 5394 3099 9000 6052 2709 8642 5015 4874 7916 9176 6027 2802 94 6021 8560 5715 6679 5350 4890 3430 2581 3158 9475 7126 4117 3588 1710 773 591 7443 4569 6206 2864 7451 129 1707 6757 9451 6579 3178 8166 5427 4547 5811 2735 4649 5127 8309 471 1304 1761 4523 6361 4538 6338 2609 8382 5239 3415 5705 7668 514 3743 7816 3008 775 6375 3752 4100 2193 828 8756 5904
4427 2422 3323 9143 7537 3503 9037 7790 873 2999 7656 8724 5162 4095 7469 6643 5380 7227 535 1667 4921 4302 8142 6053 4116 5690 4543 8195 1921 3047 1989 5807 3017 530 1183 5374 2577 9054 5825 8353 6409 4466 2189 8700 7481 3053 3338 3788 3279 4076 1983 2949 3973 8198 3938 6494 5846 301 5522 968 1078 4457 6340 1205 6508 5665 8477 7308 2071 226 9471 9260 5545 5212 1787 6549 1913 6507 4981 4313 9301 8626 1661 5022 197 3719 5607 1337 4717 2520 2530 8536 6423 4560 9262 9317 8239
653 9332 7201 3870 17 183 8581 8048 3737 8152 3377 2015 3757 2353 2439 8889 61 3341 294 6917 808 1321 2394 117 5146 7826 2277 6347 743 6116 4290 4769 489 3205 5226 8870 1436 6955 7550 4019 6750 9339 246 4154 5269 2039 5686 630 47 2836 6487 2984 6143 974 3639 6588 492 9450 2466 5844 1027 2290 105 4381 5005 1881 4900 3960 710 9442 1367 7788 8503 3563 4498 9304 8183 9108 2774 8574 5927 919 754 1124 8229 7276 2500 219 953 1595 7375 8291 8000 9435 6870 9165 9252
1364 3222 4952 486 4532 8227 6589 193 7979 6957 8996 6700 3622 4685 6089 1289 3425 9018 536 1023 3562 7512 2351 5998 1219 3654 4662 7594 587 8213 1424 8306 5180 1496 9053 4691 3077 6666 8174 650 8775 3035 9077 5166 3382 2901 5635 8046 8296 7011 7735 7844 8056 555 3050 4648 5527 4888 5426 371 3280 3903 8903 1694 6635 2382 3817 7228 6317 8878 3495 8104 2324 7092 7151 6202 4846 6793 7412 3046 2004 2130 544 5171 1891 1480 3582 3045 3727 217 3091 5207 5999 7401 7637 1764 8561
4228 9029 3590 2253 1771 1640 6578 3103 1259 3952 2066 3064 3283 735 470 7650 6046 5431 7383 302 231 5387 8597 8797 975 5503 8649 3802 2736 2240 3682 6 7109 2065 8448 5879 1016 233 9127 8311 1867 9215 6523 9066 7705 6671 2344 4661 4786 2733 5024 9461 8497 8963 406 6395 2512 9044 5823 1591 8527 7313 8592 4956 4081 6753 2784 1446 9353 5632 1176 6883 6306 5328 4775 3119 5077 3838 3764 5126 9103 3116 6068 2769 4800 5637 6715 6843 4587 4492 5250 69 3117 7073 6755 2716 1302
7271 2557 1269 782 1063 7586 8611 6163 7353 6907 5932 4020 6490 3768 6402 2991 6357 8461 3876 5803 6039 2288 2570 8328 4979 3038 7298 3753 6880 8904 7434 628 7112 3696 8697 6381 1711 2588 1438 7847 9073 1341 6314 6434 2026 8100 3702 3982 891 343 566 9282 4345 1753 8299 4849 6214 1769 3676 7752 3319 746 4225 7046 237 1888 2272 7554 1464 7552 7980 4102 5017 454 7567 1260 2195 8499 8632 1338 1145 3505 2364 7282 3442 8266 6427 8182 2598 9290 6713 4409 1749 5528 8634 41 812
4433 8189 7750 1157 6083 4406 5687 2890 6633 6095 3193 9110 23 4629 4311 4861 6716 8824 6383 7720 550 916 478 4906 3770 7334 8794 4919 1137 6963 4472 7111 7796 1107 9196 7091 6916 9436 2459 2819 7700 4508 421 5487 5080 7349 2553 8768 1503 4934 5324 528 748 3082 1704 6973 3880 4722 275 6545 4075 5809 1836 5495 5460 9499 3183 3916 1211 8633 3510 76 3496 5143 1156 2313 5290 6373 2810 9002 5920 7526 2363 834 7410 5009 6696 4622 4773 7294 8871 3157 7599 8726 1484 5780 116
5713 2856 5273 1794 3706 3586 6725 615 6860 4873 9412 5740 1907 4528 6334 7245 167 8043 8822 1413 5270 9250 4763 5307 170 8771 9352 3957 744 5285 1609 7488 8711 4449 5225 6529 279 7196 7952 7261 1660 8077 6203 1297 4901 8944 9407 3003 4674 6542 1202 7222 6441 4194 1017 3453 6182 8731 4974 7418 8578 8221 1215 5342 6378 1815 5372 2593 5477 731 6454 6538 3086 4848 1405 8965 5882 8727 6483 8695 4482 7465 106 2091 5866 2920 2233 3964 5770 7061 6288 1937 6660 4151 155 702 2885
8027 6219 3474 4219 2627 4026 7118 9035 2200 3138 312 7795 2808 1917 7231 827 2649 5144 8801 7878 1510 3135 4667 2032 5257 9481 2484 9121 8045 2506 7005 6196 5991 961 9381 1766 1036 5912 3012 4025 547 4306 5260 2073 561 5682 1164 7303 6132 427 7894 1552 8028 4165 6911 625 8058 4325 165 3780 2082 967 7666 7600 4292 5209 4601 8276 8792 276 3336 2812 4277 3124 2166 1890 1814 1406 5735 8819 6571 5691 6335 367 7270 3201 2830 8520 9473 4037 6868 6156 7915 4597 4502 3281 2727
5245 9336 8190 2944 5470 4453 2235 2740 7191 1430 5711 5011 3643 8323 2402 1900 4870 8835 6350 1276 2725 8399 2371 1790 2438 2446 2229 1568 5125 920 5951 2618 6127 8640 3169 8598 1634 5039 9052 2987 2217 7044 4418 1462 5357 3352 3107 988 3900 1691 537 6407 7431 7972 9170 4679 5513 5609 6412 7987 7249 1242 3002 6209 8282 7143 1349 2563 622 6766 6813 2569 4928 9376 9069 1750 8606 4216 1613 9229 589 3577 633 440 4590 8841 1908 884 3299 5038 611 9266 4831 5583 7697 1492 5266
7741 5511 1155 2072 1388 4088 4470 5689 243 2787 8176 9217 3342 7150 4206 8031 469 1420 7989 1757 8005 9446 4448 3625 1390 2060 2556 3433 140 7627 4335 5847 7943 7969 4525 8917 2948 8924 370 9224 3587 7255 6967 3065 6604 8926 4118 9221 6372 3668 8788 5479 8686 5402 7639 5675 1022 5187 1565 5081 9427 6932 4125 4658 2052 9379 5678 5550 1291 2307 6233 7872 6900 2053 1477 4222 3904 1926 1828 8217 7466 7763 4407 8546 4619 1540 249 2199 8112 5653 1862 8622 7616 1110 5553 4638 3872
4635 9047 7785 9298 6999 2413 3787 551 8509 4984 175 7574 2187 7319 2025 1132 1177 3128 3422 6977 2160 3307 3412 1698 8134 1950 6695 7009 2677 230 7037 1576 4716 5515 945 2172 8067 4061 2317 5805 7346 6752 7781 4777 2340 6302 6824 4847 6478 2491 71 3945 8209 5520 9144 4246 553 931 4512 6544 3302 5008 8470 7714 6448 5030 903 321 9008 1571 7499 4832 5082 4872 538 5330 7166 2480 7405 5494 8308 6509 5445 1912 1266 3044 5596 5626 6915 2423 3943 5191 6076 6067 3965 6459 7772
8961 1688 409 33 1895 5302 1642 5603 7896 3313 4603 2913 5978 4103 4730 8987 2626 2843 1469 6308 4166 5304 1197 4581 8384 7609 3348 4756 4403 5831 2859 4268 4827 3530 1032 5391 7808 5734 3350 2490 539 6207 3628 1495 1071 475 618 3729 1759 2734 658 2177 52 8465 8476 7522 3927 4562 39 582 8614 110 995 3718 9123 1035 5679 3166 7991 3271 3477 796 8778 7390 5615 1153 5546 1741 2410 1174 7884 6281 3487 444 2528 6913 2230 3070 4650 4153 9278 7348 5222 2848 8511 996 2867
8791 40 7171 519 7225 7368 718 3114 6630 7436 5858 8616 3598 6513 575 2489 8587 5667 1098 5211 9244 268 6745 1954 2764 240 5447 8379 2267 3775 2391 1547 1654 2693 7978 6204 7049 1687 7302 2936 6258 184 1960 4169 5091 7804 1034 1744 3294 488 8350 6987 307 8321 159 2529 5749 4285 8151 1774 4801 265 8729 280 2818 855 3288 4200 3249 4476 7589 4357 3122 8463 631 8439 467 1026 5210 1456 7963 4394 3533 5744 5602 9061 6253 5352 7422 1745 2492 2149 7914 1556 6054 9271 4094
266 92 512 2475 9300 5010 8003 6036 2763 5876 772 9236 684 8760 4553 8222 3233 7527 7468 6126 4963 520 7699 4032 843 3507 5616 8235 1998 1817 5786 6458 8159 5364 9445 4923 8795 4348 2144 6804 3609 2127 2062 7984 7703 7438 7170 4168 3683 5466 6553 8570 2525 4299 8238 7460 4850 1965 5535 2392 2899 6649 1934 3944 2935 4613 7415 8713 8101 8312 1294 3915 1086 3115 3084 4183 8199 5066 8721 532 2487 1312 7927 3334 9393 7380 8833 1549 8821 1760 1195 2285 8828 7739 7838 7321 5796
7897 1808 1076 83 4529 5339 8849 3136 6117 5306 6425 7257 6537 4605 2555 7934 3241 2623 3715 1512 9258 5 7900 2050 2377 8786 4361 7287 2648 4098 2447 806 4683 3239 2332 5531 9232 1233 8866 5670 5388 4031 7485 4402 5572 5067 1581 1494 2485 3242 8405 5271 6498 7123 7598 3526 2795 3185 5750 3406 5145 7456 4261 3153 115 5416 1785 6179 7582 1686 8730 4673 7695 7542 6300 8141 521 1885 4698 8539 1445 8588 2737 8230 4226 1089 7085 9360 1933 1393 8537 7678 6297 6007 8087 2617 2246
2940 5742 569 1810 4839 7667 224 5926 8817 8941 3229 7629 6453 3800 5659 9362 3746 8803 2245 7992 5843 3210 3532 9126 25 1470 3953 2670 6420 4207 8086 1366 7855 6673 770 5032 7093 5873 8162 216 8354 5111 8776 5660 5461 5185 6079 4431 6399 4471 2782 5508 8701 1159 2112 8241 7882 2631 8857 4018 1630 8193 8264 8948 4442 5946 2551 5512 7966 9130 3179 5063 9363 7874 7180 644 6034 6456 2022 6970 3151 3747 7570 2619 7082 5801 6929 1182 8017 5423 3220 8135 2472 8262 5646 7409 9245
3610 5857 4097 7857 6920 8887 7015 6607 347 135 8153 7939 966 8736 2175 9434 5634 6748 2208 4300 6451 6239 8401 2982 6376 2730 6129 6896 2624 8116 8635 1677 847 3056 5472 4371 5450 3806 8562 4623 671 6956 8132 3016 8752 7968 1892 7719 3605 1928 6504 429 7016 1196 2289 3228 2513 2829 5576 1091 3213 5868 1285 2674 3311 1555 7256 1226 2342 8534 6257 1279 3398 1612 1372 1217 7458 2694 164 4477 4331 2265 1671 8802 6466 3204 695 3346 8513 2655 86 2197 7336 1984 2928 8118 4167
7682 4321 8122 9091 3559 7070 6787 2708 1129 1969 3490 809 979 4017 8929 5343 1806 3470 2352 6467 7234 6232 1674 7175 9269 3970 8355 6146 1519 578 6584 1501 6734 8435 2849 576 4792 5958 1024 9187 7120 1240 463 8059 7577 4006 2334 2607 1866 8038 6221 6486 6866 1417 1175 1541 3164 5023 228 5614 9414 1072 2477 755 309 762 93 880 934 9440 453 8423 3257 6377 8223 610 3618 1947 398 9463 4727 2414 4713 8806 7757 5355 2273 2981 5359 3695 6144 1004 5435 727 3871 5555 9337
4147 291 4284 2850 6873 1093 8140 6517 114 5654 7154 3292 2633 2580 5149 1439 7858 980 5645 7184 8453 1665 3803 8593 433 6497 1843 6002 5756 5070 5502 3912 3720 74 3701 29 6114 2379 281 6885 7079 7197 1054 3901 5057 1020 4795 1779 8966 3907 1561 959 1088 4700 1031 5608 3921 2295 5021 7144 7322 5429 5779 4586 8880 1747 1002 552 8667 7 1708 5114 2565 3774 6269 1791 4816 4788 9400 5223 963 3567 7591 9491 7918 8375 7784 5899 2997 7155 272 6011 8220 4894 2806 7907 2186
8210 1701 2625 2418 7925 2465 5389 1974 5585 311 8531 15 3381 3509 3887 8869 795 4885 3656 2441 6066 8744 571 451 6798 8712 8071 8010 8327 8922 4883 2505 8645 619 4038 6222 2576 1673 4341 2162 2840 8732 6187 5548 2298 2589 6019 1629 6669 2479 2951 3401 7761 2007 7631 7318 6801 7423 1421 1636 5323 4314 9003 4214 432 6587 2449 248 5937 1379 7692 9158 994 9294 4404 8685 4748 3463 1883 4968 5893 111 4665 4556 3594 4566 2602 2540 7384 251 5883 3189 7251 2114 719 6223 2452
8261 3557 485 7314 7330 118 2110 4723 4554 1864 3368 6865 3723 2690 8143 8304 7911 5335 3640 8690 676 324 2870 7797 6617 6135 1037 9137 5684 2989 4672 3690 4834 3685 1931 6777 5717 6283 3174 6004 8184 6637 7786 513 9082 6926 2123 2357 8678 304 4866 3455 2120 8885 6948 8972 3364 100 3626 1257 3786 707 8249 1797 477 3347 5345 616 2318 7238 4379 5315 5570 502 4780 9041 5316 4761 8644 9199 5761 3300 1331 4437 6029 1281 824 7464 14 7305 5034 46 6986 403 310 6668 3936
5068 5649 6975 174 2281 284 5606 4029 8359 8544 6966 6254 2926 8517 5037 7862 832 8619 822 7379 7260 3464 4244 2729 8126 89 6765 2659 8036 2274 5434 2564 3418 2201 1092 9354 568 9024 3707 8541 8033 7237 2503 5681 1079 4924 5760 8389 6796 941 1244 7973 1997 785 8596 1018 1515 5139 3209 152 7446 1854 7510 9418 6909 4396 6299 6561 4574 1334 4753 389 1896 1550 4750 1855 939 4806 8360 1166 3416 2882 1506 7975 3337 2374 5048 7958 6109 8172 1342 8501 8075 6625 4162 9106 3790
2174 3783 6690 2350 2671 5936 369 6554 4744 2771 1530 2006 9455 3404 6983 4976 2547 8335 4957 601 9068 788 5075 2094 1328 2300 8722 7931 771 3031 5099 585 2765 6092 4387 2897 1402 7606 51 5558 6593 8738 504 3289 6820 7962 1386 8740 6998 6546 1317 3950 6720 2080 6525 6442 7814 4056 4119 2968 5449 9502 595 4296 5476 4927 6823 2251 5277 6775 6558 20 6086 8298 2220 6359 3284 70 724 777 2468 8579 3245 8518 5036 3410 7643 1293 3405 6712 7713 801 4392 6431 2495 2001 4953
5587 1573 4172 8270 3020 948 7372 9243 3371 8666 245 4315 7674 7299 4294 3840 5788 5198 9046 6057 543 6599 8877 4338 7867 5249 350 5109 1643 2932 6397 7274 3160 1502 4005 484 4871 8608 7663 1222 4347 4328 5894 1935 2425 7685 5731 3879 374 1320 7546 760 5093 9222 1452 4659 4507 6013 7976 3483 6178 306 1377 4760 7216 7040 4702 6461 8969 2761 9386 2315 5012 8931 6326 4762 2018 2543 2161 8237 5202 6424 8734 5973 3797 7421 352 3332 8090 9033 8681 1545 5996 1833 5745 747 2585
4146 7680 693 4820 6482 6292 3611 1876 5666 4626 5887 5913 4053 4857 8334 5174 6332 648 5486 3693 3370 6560 2501 4281 6763 3636 9050 3372 3360 194 4126 825 3069 2078 6495 5906 4157 3373 3001 6746 6845 7350 2911 2541 4859 3141 3383 3650 7367 5018 2486 6647 8602 6010 6208 1221 1073 4229 6043 8041 1412 2961 4389 981 3443 2238 3420 5170 9133 9175 7000 8175 3886 8916 2902 9109 5849 752 7654 3735 3824 2375 8586 1894 4483 5044 8974 8128 5313 2214 1972 1472 258 6781 6491 7026 4854
7020 3010 3489 3589 8739 8426 529 3359 6455 7498 4400 1382 2011 6699 815 2701 3698 6105 1819 5698 1992 5741 7226 1324 2754 930 7601 9212 3864 7101 7536 6080 452 410 6872 9122 951 5199 750 8863 1473 6602 8892 3813 7071 3865 6193 236 1675 1543 7949 6452 4171 2153 4072 2036 3724 2180 3155 1064 6212 4289 2798 3501 60 1354 4205 7770 8607 4145 781 5092 3130 940 2909 3191 3843 7386 7518 1245 694 9268 6650 5564 4012 5047 6658 356 5454 3145 1229 4951 8047 5573 4589 681 9023
8831 7561 7068 1959 6374 4599 3818 9378 4646 6774 1077 1705 887 7306 1546 859 3154 3868 9179 4327 3820 1339 3395 4858 2703 27 4101 1800 4639 8951 4215 4770 5853 1082 708 9186 267 2861 8450 3025 4643 497 2137 8123 6603 186 6910 5147 5248 8540 5329 8225 9051 5490 3264 4000 2469 6352 8001 7961 705 3529 2435 3992 3182 6428 7779 1829 8363 3958 1523 2883 1267 5621 28 145 9194 8584 3224 7775 6091 7004 8811 7189 9323 3721 5982 5152 9099 4798 4935 1357 5836 5395 1443 7370 4068
4248 6914 6582 8464 4224 3493 9136 3602 2093 5425 5439 4875 602 9505 8612 8599 7416 1777 7397 1251 8232 9328 8471 4897 63 2767 8091 3778 9231 3728 5219 895 1138 5410 7505 6597 6403 8582 2759 359 1431 411 2697 2041 1844 2785 8848 5758 7136 3954 7670 2141 447 4997 6979 4458 8374 1123 1509 7547 5175 989 5914 8983 7223 290 7272 4213 6181 142 5840 992 3492 6472 3139 6038 4682 7742 6927 3776 8244 6661 6842 1522 2786 5541 6693 6062 5195 4245 7528 9270 8542 3805 7062 4557 3389
654 1255 6217 2559 9403 6023 2851 2008 9482 8052 8662 5669 6590 9085 4036 800 2089 6200 5549 1442 7246 5325 2024 5464 4728 4521 7296 1218 972 3758 1116 8347 99 1288 1525 108 7607 5122 3535 9161 7102 4681 5169 6831 4572 5888 8051 673 6235 3709 8911 3885 4838 5562 3037 6838 119 2726 3553 7736 6980 1315 7520 6150 7877 3909 5020 8280 4144 1383 3148 3750 9238 2934 3555 655 8675 1121 4969 1924 4825 6521 65 6862 8621 4274 7563 7312 2925 1684 8853 8278 2742 3029 6351 2210 607
3516 7539 4932 7362 2047 4324 7822 5543 1763 7162 8294 6574 8164 7842 7653 1115 6756 7724 3671 340 6739 8417 6370 7310 5444 3558 3731 5613 6585 1361 5625 355 4536 8346 6450 3441 2139 4087 1812 6327 5442 3262 1343 6569 7369 2532 844 865 6416 6723 391 8492 3469 7402 1181 462 8004 5855 8970 9264 2689 7439 4468 1190 5061 2224 6168 7279 66 5974 8305 5874 8044 4122 3629 7286 8290 6248 1703 5759 3760 360 4350 6572 384 5031 6684 8498 6691 725 1980 8630 5026 1952 6058 5854 7749
8110 196 2173 7252 5204 3566 3480 4156 50 2019 9191 9125 7762 4784 5534 7954 2436 1437 8549 5916 5467 5560 6962 9063 3121 2429 8589 365 206 4664 1735 3499 8650 7560 3947 4356 3994 5358 7440 8985 872 1614 505 4925 4782 1482 6622 2891 59 3986 5396 3093 9249 8706 8679 2880 8255 9138 6847 6166 3857 2613 7394 2040 9251 3202 6247 4714 434 3329 6850 2642 789 7152 397 793 971 4757 480 7767 8955 5043 6164 6097 6293 7455 8068 9366 1528 8873 3896 5360 6365 8094 6985 588 8080
3963 6280 2903 4505 3458 6489 902 1095 1261 4966 8284 9348 1927 5895 8014 6261 6567 641 5161 3298 4631 6199 5004 4929 7057 1140 3246 4647 2974 1982 8391 3393 6890 1399 8016 1270 5189 1967 8459 4522 7058 4794 2098 778 4615 1209 6547 8683 7933 1608 8890 1142 8692 5848 6854 8847 7866 7717 6307 2131 2456 6003 2561 2014 5297 7320 3804 5319 6162 7789 7389 1668 6084 4175 7053 875 3686 6437 9083 8677 9102 4497 6646 6400 7023 7715 84 4035 7793 4940 5121 6672 7300 7541 4618 1902 6183
9195 9074 8569 8060 9325 877 8563 7114 541 6908 2213 1375 5261 9202 3570 2521 6152 2610 6393 8324 8524 8169 6800 6160 3548 3606 2244 5119 6704 933 2646 7868 5918 9135 7273 4862 5164 4945 7281 3351 4811 6947 8780 1108 8293 6742 3990 5957 6570 1582 2389 6969 7192 6958 3344 4454 7959 2159 5370 3133 132 5412 3248 4123 5627 7290 2741 5952 5115 3593 3551 1915 1768 1058 5630 7562 8469 472 4464 2874 8657 6532 3391 4238 1087 8062 5089 2542 4042 372 6267 6601 5915 9265 8124 4386 5900
7910 1187 674 1906 2325 3810 9200 2314 841 1644 4242 4998 3110 6445 6771 6364 8623 7677 3237 7335 3692 345 1724 4447 3908 9048 8936 1863 1842 1450 1194 2348 1052 3789 1303 2111 8502 3161 2473 2064 711 6205 6134 861 5908 2134 56 5284 876 3833 8073 586 6149 3677 7377 3407 4764 664 2346 3554 4334 1930 8319 1165 1467 6388 5361 4252 1599 987 2832 6390 1316 8554 5349 1432 5554 214 3491 318 1714 2321 649 4106 264 9388 1333 7937 1479 2262 8292 6681 1278 6072 6515 688 7351
4703 634 2462 5839 7783 6941 9444 6645 1505 7559 8012 9134 4993 5922 8750 3163 6893 8129 2302 5042 1083 5320 7470 4705 295 7095 677 7113 2165 1601 7212 8543 1645 3974 5168 8322 715 8699 1905 2858 8034 2653 6988 3306 2549 6581 5110 3679 4926 4090 4414 4917 1901 1158 4047 5478 5469 7632 1809 508 5726 3485 5943 9100 3658 1039 5552 9496 2345 1647 9316 3642 4633 8127 850 1125 491 2826 2923 5751 4388 7125 6808 609 1932 8109 1738 7378 1499 4704 2717 3827 8897 1943 6249 4758 7620
4051 4964 6250 2099 3672 7525 3451 7365 1344 227 8481 402 3543 3447 2679 3267 4657 7817 7981 7809 3417 5829 6568 2030 5536 7214 9453 1038 435 3931 16 4140 867 5106 232 5327 9058 8787 6113 4519 8496 2138 9305 1716 8998 1578 4239 849 1958 3226 643 7908 7090 2404 5652 438 8057 8580 3812 8851 5664 8838 7419 2573 4644 1101 8638 5035 3051 7540 3881 1978 8766 212 1122 5078 1463 286 2038 4170 6682 1886 3173 6876 3600 1508 5810 9267 6284 4715 5298 2887 3018 9467 9013 4298 6138
2635 298 904 9303 2773 5300 4916 263 3542 4288 9081 2680 1427 879 3574 6175 9375 7913 4190 6694 2343 690 4280 3968 5073 5229 8487 7242 509 8248 1923 1847 985 6322 2860 1696 7791 6731 4796 430 3402 3498 1485 5393 2132 2476 3993 6234 5156 6899 6536 8850 8818 6342 2055 1662 2046 4989 9198 6996 1298 5642 6213 1940 1045 9419 8658 8 9017 3664 921 608 1588 2211 436 7355 3665 2129 2361 1287 7417 6936 7794 9084 4996 8215 3689 7413 348 9295 1012 4187 5696 8279 5785 6548 314
2977 2651 4774 5062 7995 5153 4082 4073 6965 2673 621 5797 1434 457 765 6874 4634 7309 2970 8980 8741 1786 9223 2762 6788 4467 4364 305 1719 4049 2906 2650 6012 1638 3 139 7802 460 791 7956 2596 2384 5123 6077 499 6301 3972 7778 4915 9334 8702 1384 8905 5968 2900 605 7448 4680 6934 907 6136 6786 4377 5859 4455 7267 2950 9263 5662 3897 4978 8910 2862 8472 3468 2616 5238 5547 554 7612 2023 3497 3369 5767 1080 7555 2271 2894 4826 905 7575 7515 3624 5986 3798 4669 445
1025 6387 8160 8256 3604 5268 7564 6951 3620 4211 273 3212 4987 7711 2145 2704 1971 9489 7738 6287 3653 188 8373 2203 8283 2365 8372 7337 1094 8888 6130 5524 1130 2683 487 4789 6761 7169 5924 5703 4995 3549 5155 9410 2309 4559 8064 2279 6535 6484 1373 1133 7698 8999 6020 1792 1699 1611 3339 4040 5577 2538 1021 2945 3450 6950 2426 4545 1249 1558 7179 7747 6050 516 3781 1454 2411 8054 4992 6469 250 3884 9248 1059 5860 269 4902 5172 3613 1732 7108 5723 393 6618 2440 853 3961
8148 1903 9402 2833 6474 6614 6191 1945 7025 3168 687 4365 5542 1596 4887 4645 6638 6049 8950 6216 7099 2990 8416 1524 6500 3742 5620 3080 7923 8755 1604 1457 1858 5054 3448 6362 7888 8155 3095 4039 7045 9472 2021 4950 8653 7889 3819 3633 2308 1587 7504 5509 6262 8510 5683 4399 289 2720 5540 2612 7233 3409 392 5124 1706 1742 2912 5983 7773 6619 4878 68 8218 2847 3538 9075 5334 3673 8177 8468 7203 8119 7553 8055 8020 149 2421 4202 1192 2986 8923 4015 3123 1173 8538 1006 4368
5641 9405 3471 3293 7820 5746 5220 2450 62 4139 739 5118 3571 6439 5565 9286 3740 8201 143 3906 4322 254 4461 8387 613 2258 5856 5437 7841 5716 3933 3666 2954 986 7649 1148 4269 6738 4886 6356 6321 7853 6670 85 1695 3771 666 6937 1292 3180 4411 4551 6722 7585 5901 4223 2090 4719 6349 7687 7994 8447 3118 2663 862 7407 7205 3023 6259 1781 5618 1263 4445 7131 2143 4946 1831 4432 2092 8494 565 2218 1548 557 5286 8725 7798 5896 7569 4124 1040 943 5417 2156 5724 888 9430
7129 9092 4499 7490 5308 4942 6891 3595 8307 1625 7283 6496 5720 202 1535 1003 4058 2956 6953 1041 6120 6298 8854 67 6990 603 404 3211 4749 8446 6719 8149 7398 9107 7181 3708 8022 2433 1961 3126 863 573 2531 8979 1709 6415 7919 6471 4595 3911 5832 7269 8505 2431 6406 7846 6358 7704 4506 6805 5589 5295 4905 2526 9373 5379 5000 8952 6485 4620 9067 7579 3221 5065 2463 6107 5921 960 5103 7676 6488 4462 2916 8409 4943 9501 5816 5891 4398 5230 2163 4610 5076 7275 5782 4283 5970
419 7950 7462 5651 209 5177 8245 4373 3429 8376 9005 2117 3129 4986 3816 7140 4575 9487 2405 6224 9311 9180 4362 3290 7042 7701 1327 6595 4686 6613 1047 7731 8024 5972 2354 2744 2269 5580 977 2471 6566 3400 6243 428 5499 7993 8728 4600 3942 4630 5725 8770 8641 6960 3177 4063 1471 5533 7018 1389 4459 7737 7156 7441 4697 2498 5600 461 7885 4660 5668 1690 8456 166 3649 8069 44 6282 12 2003 8186 7893 1620 9060 3995 4804 1765 5314 288 3000 5623 670 6654 7027 5481 2685 7583
4692 7172 4429 2522 4818 1678 6059 7905 2958 6040 225 6803 3049 8893 4343 1010 958 5834 4675 736 3390 6611 7751 2844 7491 9454 7217 8845 8927 6863 8388 448 4582 2837 3988 8663 8603 3195 4408 1120 7843 1942 698 5674 7604 2301 7164 1335 4812 5880 9284 3923 5085 8037 8714 5151 3976 1262 109 6887 1476 881 9247 8145 1358 1553 1988 1408 1 6703 4844 2107 5771 8921 1511 1544 262 4028 8654 5677 3930 2666 9087 7054 3617 229 8865 8365 2219 1435 5332 2168 6809 9312 2128 1911 1884
5259 7580 3651 7239 3265 1929 8799 8783 2599 7903 3144 2863 2263 6071 7083 2682 1481 7881 5133 1135 4922 5007 7357 3842 1283 1330 7411 320 8287 7483 2993 8551 7291 6631 1051 8117 7511 3751 3439 4045 1179 7686 2502 4177 4096 2523 3087 8773 1536 6106 1897 6510 8719 8269 4179 2176 2973 3759 1679 6794 7100 6218 45 168 6881 6810 4548 2088 4907 5053 8556 7135 2758 3754 6615 342 5944 1533 3006 8358 4227 7702 3847 1655 4048 2387 1600 6382 6993 8796 8336 5452 2100 5945 709 9385 7502
213 270 9021 8158 3700 7551 1746 4340 5923 6171 3071 9447 3162 6811 6524 646 3484 1223 5980 8202 838 4485 4113 8659 1567 2417 1663 562 9129 1775 3234 1355 8545 407 4973 4893 6730 3744 8990 2793 6238 6992 6290 2445 1606 1228 6886 4271 3846 6277 26 4593 6279 6606 4410 6905 7008 8842 1447 7565 7712 686 3472 8709 1748 5885 8441 7461 5817 3888 5231 776 8836 4430 507 3823 381 1803 5933 620 3891 6976 6499 443 1648 8637 9437 7871 1755 5671 5579 8594 2535 239 6902 2600 2960
8945 7618 6000 2797 1767 5138 7755 5184 3821 416 8761 3814 758 6815 7990 4836 9421 8733 1538 5714 4772 5737 9173 8099 6137 3573 8333 7457 2102 5612 7399 8147 8874 4985 6923 4066 1007 730 130 1146 6709 4534 7727 950 3186 9299 1385 6122 4212 6005 1280 1656 2135 5599 3019 799 6856 9216 1539 6840 3190 2629 7084 8125 3277 1392 5492 3641 3295 5179 5373 5462 506 8137 7777 9030 4120 8361 5310 8837 4137 7429 2718 7035 4152 4802 9152 2020 868 2349 3125 632 1380 9197 43 4637 1049
1990 8146 3034 8867 8414 944 7487 1475 814 6829 1689 2241 4501 938 283 1955 1490 3844 6430 898 8412 2711 4191 3648 1918 846 6506 4115 2831 7946 1859 7679 7665 7243 8915 2789 4511 2178 5762 3214 4954 4509 8040 9358 1486 1277 4440 9064 8482 5489 8812 5930 1305 2892 4797 8689 5643 8458 9384 1028 4011 9057 6108 5718 2242 3779 2855 937 925 6154 4588 1823 9140 8521 5791 7869 3918 3511 640 4192 9296 3333 4539 6626 8400 72 317 983 9171 102 3893 2747 9080 4640 5399 6009 2757
5822 3959 7848 2104 2946 5040 3815 845 5214 3941 886 5800 2841 335 9148 8746 570 9214 8613 5954 716 2568 7332 5525 2126 1186 3527 5806 3632 6444 2853 8631 8138 4050 1641 6343 5500 1414 7800 3100 6740 8742 8568 7063 6320 2879 9416 7895 7403 1111 8243 1770 7220 9112 131 1985 4594 1441 4768 9181 1296 679 1991 4654 9098 2140 2437 3328 3438 5378 4677 4272 8181 1999 6140 2854 8424 2753 8495 1729 4517 6153 5730 6945 6145 4391 3861 6858 54 8065 3536 9425 2369 6685 2777 6330 3777
8820 8762 896 7965 970 1127 8219 3713 7624 2895 3684 5208 9059 1227 1730 3657 917 6512 315 2681 3981 7352 4465 6978 3761 4830 8467 3304 18 678 5575 8066 5544 3895 4891 3159 7596 3252 7669 6514 2871 4938 1944 2248 9038 1537 8852 6433 4127 9115 177 7315 2953 3914 5287 3127 5333 7333 6016 1387 7363 5949 7806 2247 6030 5375 7622 1301 7998 3256 9169 7912 2048 7067 932 8002 2397 2952 6245 7116 1879 6304 2179 7241 4999 6918 2881 3949 3004 1444 5338 8253 473 2221 7055 8558 697
