97 96
4736 8186 6594 6166 1238 6298 8589 8092 101 3590 3063 8533 7222 488 6078 646 4793 4711 980 6741 7261 1097 5680 1777 6551 7986 1201 5895 9267 3085 8356 4696 7562 8683 3144 8593 3414 4315 389 8631 4435 1637 8119 5822 1048 7387 497 6947 3311 5121 8675 8106 3915 2480 77 8634 7818 1560 4473 5366 3726 6836 4635 1016 3902 8940 4383 1343 5577 3959 5396 1202 7525 2101 3087 2798 1970 8728 1497 8629 4458 306 3867 997 8013 694 566 1273 2533 5984 7245 8919 5600 3872 5873 6214
36 3286 5464 5234 178 8542 6133 1858 4210 5481 7094 7225 5149 8877 84 2265 709 7867 342 6429 1015 4305 2095 3541 2884 8831 381 1263 4520 308 5320 3018 7301 4727 5056 2553 717 5865 6028 6825 935 7058 4627 5721 1215 1541 6119 8708 8128 5748 2582 8066 3995 3382 4329 2826 712 2953 3524 8687 4470 451 4593 2024 7375 7113 3213 7472 3379 267 9309 4286 3631 5094 79 8727 7871 8554 8943 4689 6518 3752 5485 3127 476 4238 8724 3633 6811 4706 3152 5566 7180 1332 2581 9260
392 2259 791 8551 6533 4263 7356 7223 7552 8779 9286 5343 5503 5930 5587 6572 1372 4134 7158 5298 4267 6952 6240 9217 8829 8433 4330 6535 9227 6726 6510 6734 8787 9256 538 172 8803 2306 5858 6485 6813 8082 9299 972 4505 2281 450 8328 5212 8969 1080 7855 7056 860 8676 4431 2965 3679 3186 1259 4200 8496 5090 4631 7792 6154 3598 2713 9231 1172 5740 3900 7881 5836 161 3695 8204 3106 8826 3477 5769 4688 7080 5139 6358 6777 5123 6231 5838 3732 3376 2256 6374 3443 4503 3475
8448 1328 8344 3761 6513 8306 7974 7722 4047 2911 4428 4123 5389 1599 275 3626 6774 8878 5015 7227 8778 2980 5792 8515 5706 6671 1606 4720 8431 4348 1498 5787 9121 1885 5550 2039 5692 8964 4033 8977 1284 4501 1073 1796 8804 8264 3339 5912 6169 7086 6783 6929 7607 4306 6299 6366 8987 1701 2241 9089 4836 7112 3195 7456 6310 8488 4521 8081 2161 8136 3413 9060 6009 4666 5890 4344 6872 4225 819 7052 4653 2535 7238 832 5606 8979 5026 2326 5443 4556 8427 8602 93 1364 5372 5305
6105 6277 6532 8253 3730 7466 8043 3178 5230 3401 1149 9019 4237 9143 3369 2300 2720 3612 4991 8454 1309 2708 8000 1698 8635 1715 2285 6767 632 2177 4147 7318 9108 6841 3015 7948 5821 4177 1247 4006 6061 1761 7137 2171 6093 4357 6051 3083 3843 914 9063 2926 5301 8340 5779 5497 3496 3913 4614 1106 7502 2091 8410 5476 8796 1716 989 6176 8638 3705 3322 1956 8911 2548 2753 3907 8466 1079 1274 8222 815 1262 3937 1222 3970 5012 3708 6924 5257 9113 2645 6060 817 7660 5005 5062
3969 4753 908 6976 6063 8927 3110 2450 5938 9311 2454 8846 1129 7536 3425 6414 1879 8604 1806 9105 5760 5517 1242 384 4212 224 286 6344 684 8088 754 439 7038 2447 350 7339 8390 624 4516 7070 6097 2328 7576 5415 9144 763 7596 6522 7958 1862 5803 6732 2452 3852 4474 2015 4973 7968 4340 8549 6478 5614 6682 2799 5848 6871 270 9208 598 6674 4038 7910 3689 8456 674 449 401 7090 7256 1693 3004 8833 5172 550 5605 7527 6650 9139 1779 6264 4312 5762 1292 3254 1192 971
4552 504 3842 3304 8902 5190 6953 5401 4468 6324 1303 9017 2940 7866 7260 4732 431 2203 2477 7488 6991 1023 7289 6274 4595 7761 9240 569 1928 8974 687 2186 2510 360 4236 2471 3527 1339 4893 8916 6125 9013 4032 2244 4001 803 1111 117 5472 337 7563 1754 7929 1770 298 2751 5246 2485 6743 6970 4270 5703 1934 1580 7519 671 7020 2924 5484 2700 7700 6202 609 7534 8768 5988 338 124 4883 3939 8815 3373 6695 2078 5000 3217 3854 7037 846 5588 5016 9104 5820 6079 6753 5089
8445 5538 8110 8929 5107 6865 2928 8287 974 4601 7744 4735 2851 6327 2619 6098 4165 7008 4056 1673 6136 5035 5115 2817 8123 3858 8269 1063 8928 6096 3982 2407 4985 2835 4437 2040 7264 2758 5060 5519 7809 3329 4221 3417 8858 2372 2303 6291 880 5187 4362 3855 4906 1245 1668 6159 1803 5540 992 6534 1040 7093 7633 4073 195 4592 9192 9265 8585 4926 2877 7428 4077 2898 9170 3622 6372 4059 3774 6995 2576 6742 225 4404 94 440 9303 8530 7136 3070 6050 3263 6179 946 4045 5327
5794 1509 3927 4904 6807 7461 9122 4497 1734 8547 5611 2731 4457 3446 6245 4981 6945 8164 3963 8254 8115 6750 8802 6990 4264 2229 6055 2288 5030 1559 7492 1952 4275 847 2545 1670 6789 5694 1877 3588 1200 7336 8100 2849 4875 3998 3822 643 7640 4679 8447 2984 496 4301 2436 9164 1 1237 7537 3463 2987 1515 8058 4928 9189 7749 8173 5274 2516 4351 4172 1088 3796 483 6904 1193 4076 114 386 715 3291 6887 3053 1923 5512 5210 8248 6942 3174 232 3806 950 5281 9027 1889 4294
5405 5631 7985 6888 8766 4984 774 257 9081 6014 7858 105 3003 1671 7068 8421 5593 6473 7449 1068 9150 8558 3184 661 2046 1045 4543 1386 4876 5510 4652 86 7067 5439 7515 3990 5575 7594 594 7879 4718 2669 1657 2821 2956 5867 5601 7098 3696 6285 6857 570 2438 6854 2388 4955 1635 6417 8665 3439 3049 6577 2289 5759 97 559 5947 1046 585 655 8744 9117 4386 5916 8067 6413 7651 7805 204 1601 4895 9235 1863 4018 4321 2934 8312 2252 2393 3885 619 1855 6773 2155 5843 122
6101 2478 2727 5377 3986 8848 5114 4160 71 3148 3416 4882 3002 6547 7385 3848 4131 3320 3317 2679 3188 4009 2538 4539 2507 1248 6516 622 3599 8569 6255 1109 749 5553 1499 2999 1612 2742 8986 9123 7904 1838 6596 3205 4445 4900 2680 8901 5416 8046 5622 4055 7369 138 253 3621 6284 7526 4070 6420 2162 9045 8973 3194 7187 5649 879 5321 1921 582 4400 2601 2016 3706 2651 8163 7000 1835 6117 6497 8150 3368 5248 6233 7760 6847 1096 2722 6259 5704 877 8632 1873 8183 7610 1331
1598 8894 251 5511 2910 7634 6411 24 4378 9230 6808 2359 2754 7625 3221 1543 3565 4798 4459 7371 5915 6791 3949 419 2624 3467 525 5402 3374 1359 8299 210 6876 6113 3346 7826 3623 2856 1029 618 3678 274 9093 3470 4346 5020 2925 973 411 4542 1413 1034 2629 1305 4116 6110 3912 5194 3948 3838 7329 9163 7280 2059 5185 8962 8758 8817 8240 193 1482 5880 6238 8387 145 8731 5827 3171 6681 822 9029 6297 2250 8968 1534 8166 8900 6228 7496 4643 2138 6688 8038 5982 3716 1718
5682 3244 7241 1677 197 7522 4233 6826 7034 1623 4608 4092 1876 470 2820 7311 7769 1239 1604 4999 146 6483 812 2745 1268 4204 2636 2179 4174 2218 5986 7668 3299 3297 721 6998 1590 7554 3656 9048 8396 572 5387 3899 7177 5981 4970 3307 8526 3269 3238 8095 1545 2466 5768 7114 743 7599 9141 739 7422 2038 5723 5498 6306 2666 653 1935 1846 1324 3388 8377 5944 610 7549 9107 2318 788 4942 6730 7445 1404 3805 7271 8021 6914 7856 2605 9052 4129 4923 5730 7121 5791 1252 4441
6293 8572 917 4376 8158 1659 1489 2539 6978 4250 211 1836 5801 9056 4884 3637 3692 7693 7954 5974 7780 1264 1501 5659 2499 5653 3428 4916 666 2076 4966 2859 8056 74 5642 4002 6626 7877 4917 8450 9050 7156 6721 6664 741 6837 4299 4133 8219 8879 180 5135 9099 3513 2803 4399 3507 4373 5834 5217 6092 85 9186 9004 3393 4217 3365 3089 7172 7437 8828 6803 4618 1516 5650 2697 7642 7416 2828 3456 1335 9276 2946 2894 1614 1039 6969 5639 1031 9254 9054 46 9222 6340 527 4905
59 4154 1199 1624 8398 1401 3066 8738 8415 4532 8260 3141 1971 7645 6275 3967 934 4042 5806 4251 1456 1782 9242 7937 8639 6084 8323 3389 2983 2825 4432 6757 8322 6574 8084 3958 5309 4232 1896 848 1721 6755 1336 615 9246 5813 5965 4429 7179 2007 1987 8199 1082 2131 6307 868 4514 3472 4714 8619 4086 1496 6425 7713 8574 2043 5613 5051 7399 3890 9024 6336 553 1785 4956 7305 2989 2432 3921 7857 7615 6156 4758 6816 8469 3364 7430 4075 7011 8230 9262 289 8369 7307 7006 6830
827 4571 8007 9179 1584 7683 6739 9124 7587 4083 8955 785 2518 5918 4525 4411 4914 1315 663 7569 7975 1733 8444 7849 6961 1168 6153 4605 1140 2094 249 7477 4296 175 4632 8684 30 4113 6131 408 7666 2972 5641 3540 5465 3370 4016 148 3517 4604 3276 5860 5130 4950 8315 2703 7148 4856 6920 1528 8464 5924 5919 2224 7197 5877 3107 5392 5749 2475 6048 8650 8133 1702 5937 5178 9175 9206 7159 8886 3677 1851 3449 4924 4997 7605 853 6427 2385 8108 7962 6646 6490 2932 3818 7414
3375 1519 6224 1988 8608 9233 6968 7891 8242 2861 9137 4620 8823 4709 307 7652 2363 1484 6634 3448 771 5829 6015 2457 4822 8747 3897 6281 3751 3702 7715 8732 2912 5741 7907 5857 6886 4069 5889 6723 9026 6371 8667 3671 2807 3100 8862 5160 8075 7969 6139 836 1145 5770 297 8086 1304 7961 7800 2418 6781 3755 1660 7475 1337 4773 5061 2744 7103 5713 1270 4279 7731 4636 6556 9257 4447 5092 7695 3187 322 2214 6261 6027 3005 8181 6761 1708 3868 6553 3334 7746 8918 1694 8045 1810
2733 382 5687 8601 7816 2969 8746 9234 3067 2907 9307 6563 4318 8413 2127 8184 5341 6633 5182 2238 7051 7436 2108 6882 5929 9279 1762 4218 6635 7768 7775 2035 2221 5463 8897 2073 1394 1064 1371 7939 1586 234 8302 3945 2824 4194 5755 2643 4599 1118 1148 5474 9199 5795 6856 4169 8113 1634 8906 6008 1522 6361 8795 3282 5891 1050 6450 8903 3836 346 1008 8512 3147 5479 3561 6272 1004 3883 3498 5318 7182 9274 4794 3239 8024 5870 8078 1462 3646 7544 2973 6575 1773 5428 4585 7061
5526 7657 2050 403 5894 3455 2792 5533 9292 6044 4806 4628 7923 2901 5913 1995 7361 6713 8813 7669 3659 6219 4040 5096 264 3166 95 2505 1789 8070 7391 1973 8259 187 1587 6433 8915 1898 9236 1834 1609 5842 6511 8436 4959 4929 2892 2230 6326 1756 796 7852 1272 9156 8814 3367 7806 2152 1158 5921 5219 6817 2524 5851 6338 5524 1517 6406 2293 8101 675 8286 5461 7294 5752 7513 1388 8026 5950 5184 495 2908 2132 1429 600 7564 6587 1758 7539 6540 1344 2360 3409 7355 5240 1314
3159 4418 290 802 8671 7808 1091 2811 4833 6095 3762 7467 8938 5738 5458 7911 4304 7510 5080 2508 3030 1799 6712 6146 7019 3545 7060 4297 6509 4020 3362 366 2850 20 3627 4248 789 7254 7707 1265 2890 9183 1266 2943 7035 2255 2287 9225 5818 8471 7506 2939 562 8363 8866 1931 4536 6894 5303 2917 9041 3486 740 6260 7585 4173 1370 2779 5165 7591 8806 2460 6883 8146 8579 5330 5701 2061 865 6756 1600 6617 3140 1540 2392 3589 5435 4767 1457 7494 3903 3672 1610 205 6744 1983
6195 1010 1306 3103 3819 8210 6729 4639 682 5739 3789 22 5852 3976 1825 5494 1633 327 977 4790 5186 2463 6787 8426 3145 6343 7747 7565 747 4936 4885 5078 7503 3866 6312 2942 4356 1504 8120 4352 8669 58 6629 3200 4355 3223 4844 7292 5557 4658 1236 2563 9030 1769 6072 7174 9304 8476 6870 8400 4742 6042 7570 6554 8325 7224 3521 9032 554 9271 7807 3296 8751 3485 5207 728 6722 8958 5084 6933 8125 3733 3447 8920 3994 215 329 8268 49 3604 3092 6175 7368 6247 6618 1120
5935 7793 9115 6062 7529 7249 8991 7095 8949 7876 5181 1261 1424 3084 353 8939 3817 3293 3025 5285 8420 7411 6939 557 4079 2674 1914 1954 4434 40 8605 4345 2732 7123 8622 9133 4268 8618 921 4482 601 5211 3134 2701 7759 8712 268 702 2614 2902 6074 8781 1127 7203 7092 4828 4870 5572 5167 6501 5046 7276 7859 2065 3951 3539 2157 5945 64 2117 7698 1794 6652 5548 7978 1607 2783 2183 5864 3567 7460 8616 6379 1185 7097 2929 1865 2473 1287 9126 9214 5616 7754 3729 1174 4757
3352 6838 6286 5215 1945 6561 4466 2649 1848 2027 4363 8263 3342 1095 6864 5344 2741 5634 6989 2688 4600 778 8607 3335 2308 8290 563 2862 5067 8776 364 7154 2196 7432 5931 5628 3576 4872 4840 4326 166 8453 3173 5365 6898 4093 1593 1937 2644 8514 7555 6543 4185 8730 4137 2311 7342 3252 5756 1618 8040 9098 6455 8822 4388 7382 2225 1186 4439 5335 8364 4282 7846 3930 8880 5699 7637 8331 5155 2971 4771 7873 4990 7030 8361 5647 6867 1566 729 9288 7470 5602 7925 2863 6243 8954
710 7602 5953 5534 863 2843 7032 5905 7839 1791 8966 2735 1917 8621 8362 2650 7878 9021 641 437 784 4698 5156 2569 7784 5736 1726 2201 27 2079 3765 4488 4368 8257 5725 2616 7720 3271 1414 7216 849 1381 6382 5414 1021 4255 1854 1321 8200 5275 1389 3821 2627 645 3226 4519 3356 4285 4277 144 3586 1405 4007 5125 5147 8882 2948 3 8198 4375 2595 5014 7650 5333 1005 8352 2591 4302 2482 6932 854 597 1044 9270 3236 9036 1550 3694 9067 7119 5805 5940 8342 1750 2886 3405
2654 952 7980 2100 5966 3864 4438 519 2656 5824 7111 6422 5578 1681 3891 2144 2462 4391 6879 340 4334 8785 5956 2031 8479 4710 3468 937 2515 7726 1086 7819 4364 531 6053 2280 2603 4583 4815 2188 4187 3685 1006 1056 3071 4206 1860 524 8368 1884 8586 6601 3319 3985 929 1102 5868 4087 2341 4535 2585 2899 3324 7676 5746 8031 4 1354 7053 69 3924 2181 4530 6290 1918 1425 1526 3528 4925 7176 7773 6187 4859 8132 2922 1646 2051 2368 3406 8180 713 2806 28 604 1722 8232
6962 764 8351 160 452 4619 6066 4506 7170 2235 6057 9 5618 6833 6276 191 3016 7448 4335 7606 349 3112 8266 7166 7373 1859 8655 5651 2017 6711 8220 3035 32 1103 2262 9223 3249 8337 8422 6090 7374 5171 1912 6521 3351 3574 3191 6517 1376 1142 1699 8107 5962 1081 6470 530 2417 6332 188 5846 3778 4272 7893 3510 8689 1374 9125 3873 5902 1431 4799 3231 8896 26 4967 5216 1927 8935 395 5407 2560 1939 6434 1615 3354 4918 5263 944 4879 6088 7214 8310 2918 5954 4111 9171
8612 3988 2652 5909 436 3479 603 1439 5747 4886 3156 3009 1690 8178 8280 1647 5053 4676 5668 7551 1555 331 2347 125 8952 7717 5977 9165 1311 169 757 4403 4750 1533 2364 1251 6071 2531 7419 4157 6437 3202 2586 6023 3878 5515 8999 3896 2746 1830 8885 862 45 8780 5700 5006 365 7646 6410 564 8695 888 7384 7246 8203 912 4319 3163 5676 5310 5910 7204 8672 590 7862 226 7724 3207 1979 6135 9010 9173 6232 956 5431 163 2190 3260 7573 1572 9009 8241 5604 6149 1114 732
4494 6930 4209 7285 8406 8385 1326 8412 1464 7333 2413 7736 7673 8283 2390 5876 6191 3088 512 3857 7143 5177 3199 8298 4915 3932 3216 7919 7450 2551 3234 871 4651 4284 409 9255 7836 7831 362 589 1358 5745 6772 7559 8388 4802 897 9211 6654 1113 6081 7609 6685 6112 5420 639 3701 9145 2879 481 7790 2128 8376 3690 8258 8149 8782 3400 8992 8126 521 1105 1460 8295 8699 4865 3833 8868 5715 5521 834 539 8552 293 2317 1398 8575 8434 1397 2237 221 7220 7233 5556 301 7630
4729 4829 5134 8697 6735 8443 1685 220 1487 4350 3981 5598 861 4743 8346 6034 3435 1800 3703 6114 7595 5702 6002 2097 1150 5660 887 7934 5205 3658 6350 6819 7054 3506 6435 2219 1981 6020 385 5726 9161 4677 3926 5607 7321 7014 5582 7425 2665 1553 8423 6581 3808 5261 7215 6203 1554 1234 6719 9289 7079 463 7149 4722 6675 4148 3272 6644 9226 4197 4226 4050 9072 6438 5845 3458 4258 523 1655 3128 3956 7845 2321 6715 3870 7262 3501 1929 80 8329 6796 2439 1687 4096 4575 8888
6278 4140 8983 5363 2839 5456 4560 1402 9014 4849 2752 6611 4803 4370 4611 2146 7106 5296 5063 1872 2011 7840 38 9305 2383 4797 1194 1420 5528 2271 5710 2486 9177 2290 1025 8660 1565 692 1961 1253 3306 8014 1170 7195 4159 8044 3330 801 1011 7101 2876 7996 5997 7139 5957 3385 9147 4449 4433 1108 981 4374 2491 8540 6152 5228 2812 3587 3952 6843 7944 7789 900 8473 8085 8947 2103 5750 2738 5088 7130 4667 6019 6373 3402 6031 7135 3559 4320 2369 1327 5939 8774 8462 4060 3065
7898 679 7017 6790 1448 1171 3139 2176 7955 8527 4752 8984 7388 1223 1455 2207 7353 7899 354 2852 3704 7162 657 6948 7622 1850 2092 5159 479 4380 2057 8494 2625 8765 1999 1911 5570 3474 7897 2299 3332 6082 1774 730 7081 53 7165 670 5630 8161 6388 6880 9306 6469 7543 8584 4085 6714 2200 558 2424 1841 7438 2291 3022 7918 309 1465 2431 2160 158 2801 6973 250 3371 8520 248 7810 4655 1899 6686 2273 8468 5875 6848 4881 5674 3846 8797 8441 1156 2831 7734 3881 2521 5029
2362 3731 484 2673 2921 8840 3791 1905 744 5720 1392 8375 5594 3997 7250 1724 6579 6954 7173 8948 7868 1950 1669 2227 5811 8893 2719 4103 8188 1390 6542 2423 4894 5567 2245 7175 4499 6226 5081 920 8561 1026 8042 2994 1098 5808 8032 7463 2513 7933 7590 6037 5773 2109 8212 8832 7493 6769 3247 8985 4425 5670 7389 3032 2045 8656 1942 1447 2804 8360 8945 2010 4854 6109 7400 5901 8060 183 8265 7189 90 4472 3566 8525 4240 7705 3609 6303 5027 4910 5489 8373 3657 3665 1805 6100
4623 4407 8510 434 9266 1544 116 142 3380 1845 4495 4528 1969 7799 3079 2428 8272 4471 2667 9065 9284 3552 5518 5163 6689 3490 8936 5380 1632 7658 864 5299 6334 4890 6270 6874 6701 4778 5427 6949 6738 5690 8772 2544 4353 1243 2338 8273 5400 4949 2815 6974 750 2433 7729 4899 2613 7624 6128 9193 8022 7059 4099 3069 996 7626 1571 5334 6557 9220 1196 6161 2481 8291 7743 3975 3078 2020 1141 2194 5104 6999 1159 3150 2514 5643 2139 5996 5031 7967 5044 2002 5043 3133 237 3783
9016 7424 7686 5778 9272 7863 8709 6221 5797 6398 3116 4484 2834 529 7278 1925 6311 4694 396 8404 6065 6367 2233 1871 4098 7997 5859 1367 1468 4707 1320 4483 4021 8723 7193 7696 6592 7499 5552 1759 6000 3130 7612 4817 2517 2590 3261 6005 3610 719 3068 4198 7394 2763 9083 5245 4128 8502 5998 7847 5157 648 6360 6938 2609 1556 5398 1360 5050 5453 7009 3203 5855 7757 7703 5264 6784 1736 4064 2434 7005 6392 8715 3971 4941 7671 5559 7386 1022 8211 5348 6357 2718 5823 7071 3415
6283 6583 1505 7991 6239 4024 5555 4359 9259 4625 7398 9245 587 6011 4510 5772 2512 2169 7031 7047 2047 6506 5466 2154 4878 8596 3378 1953 8015 7317 4144 4922 7491 850 4162 7608 5790 3595 5313 7049 9283 2119 8599 136 2000 7228 2182 8899 2855 5576 8189 8116 6955 8982 9031 6205 6890 3440 839 8673 8338 5900 7134 1617 7487 7296 6181 5119 3993 3161 1821 6365 9155 2527 426 1195 8922 4490 3407 7730 518 1453 5354 7057 516 1302 2068 1894 4271 7002 5141 2022 2608 4231 3283 4958
2479 2066 5069 9001 6204 2121 8345 2070 3700 2122 2398 2336 635 8884 7677 8460 3250 1864 6170 8459 5547 375 1115 7797 3026 7314 2141 6353 5847 3170 7142 5478 8399 7776 4868 6595 2197 5817 1940 9296 5751 6591 4765 4731 7528 8726 4796 6289 1225 1900 4298 7315 5892 2857 571 7365 2314 7039 4456 7205 380 7924 8334 6446 983 6679 2240 7598 2009 355 8397 8908 8492 4080 5549 9068 4964 8474 7299 8615 3577 6033 8995 1119 6875 2555 2903 3597 3122 6118 961 1755 5637 1338 5153 940
537 6442 2032 7930 6821 1028 2594 6520 3942 1162 8725 911 1116 7346 7988 1737 4554 7644 5279 5477 1058 765 1650 7655 5362 7956 6430 5571 8614 7273 1069 3006 6184 2297 4048 8816 1020 1155 7556 8793 2996 4572 427 959 5447 5042 1197 7509 5168 4546 1227 2723 7741 4769 441 2189 228 1564 6387 8668 3230 2191 2302 8592 2269 4612 8069 9290 8182 2810 8997 3051 1582 5543 6754 4818 9049 7083 181 8953 1112 8495 2947 2096 6683 7709 6627 660 1231 6004 3313 6318 2455 1014 1179 3884
7557 3424 3129 3542 3944 9298 8114 7620 1532 2248 1043 7777 3905 1349 5771 2788 4249 4052 2687 7931 5780 8301 2426 6448 3795 8011 7298 8500 5457 4838 6657 5833 1035 3057 5304 1989 7413 6877 3008 8809 70 1472 2959 2846 3201 3584 7672 3185 7013 2111 5292 8907 5379 6099 4563 317 4649 8134 6 1986 3840 7349 6798 501 4427 5193 1730 7542 1984 4810 2366 2875 3940 4446 8289 7328 7737 3082 5133 8054 7803 7188 8355 5206 2409 8475 8321 5278 9079 8850 6476 945 3466 5471 3558 8354
5743 4634 9064 1787 1107 5256 5925 2832 2402 8926 5045 7690 924 2286 5408 8691 8548 9073 3710 8583 3781 1642 9250 227 8578 9025 7940 269 7237 4704 8855 2456 2414 7601 3747 2403 4360 8523 6656 5825 5669 1510 4211 4871 7183 4816 1949 6356 1596 2755 1955 5023 7063 6216 4179 1766 1547 3741 2019 4293 61 6111 9308 2374 1890 1521 2406 3871 2782 3504 1163 8933 5101 3554 2205 3782 7042 5241 3245 4751 4630 1786 4755 16 532 8783 6818 423 358 5302 3835 742 2215 1218 1357 3124
5192 9190 7335 3511 4533 4668 109 5591 7345 3445 429 2124 8875 6660 8380 3395 1269 8844 6256 334 3426 552 3617 5802 4584 851 154 7989 1216 9114 65 631 8205 1525 7087 2185 8350 3961 8006 68 2041 6971 3746 5711 492 2766 673 8102 5826 7885 425 8304 165 4656 2492 5586 2487 171 8923 925 1407 8063 8065 1710 5143 4645 5391 6186 4276 9039 2709 457 9119 3980 6662 3713 2991 8659 547 3452 192 6480 4288 5127 7138 649 1719 4281 3212 9035 9232 3862 1450 7048 8035 4011
5958 6764 7750 3916 8002 9275 2891 3987 3955 5166 7922 1595 2087 5370 62 7322 1037 5273 6608 6026 2659 7662 4480 3222 9132 1640 3310 6222 5573 4734 1867 7044 9204 5850 4938 2112 9136 1246 7316 5758 2370 6590 1839 5434 1291 4616 2184 5136 3241 5732 727 5438 3553 6262 2055 247 5941 7546 7272 92 6597 1817 5683 7358 6464 2787 8028 628 2062 238 230 9082 6560 8267 6963 2178 1380 8863 2213 6503 3859 3680 1131 3960 3464 3543 3487 3045 9044 3323 8531 357 5421 5106 445 4507
8519 1214 500 3013 2998 7791 4188 2617 6047 1680 6794 4721 7341 1857 1444 6541 1619 326 8513 4687 7498 6779 8135 5295 3042 7697 4855 638 4309 9022 1361 2401 3080 4939 4522 7372 6362 2979 33 7454 8819 8484 6884 4877 4257 2134 4031 3394 6613 81 9075 3198 8666 4626 5323 2702 5223 1396 7077 8335 7508 8735 5253 8555 4013 5390 6896 3105 8993 5448 2781 7774 7279 5367 2938 6615 6124 5520 208 7886 4184 7027 1152 7266 6137 8892 4647 1075 2029 199 7896 291 3289 6294 9046 4800
9062 57 4168 8020 8895 8168 2209 5350 2786 5574 1732 2498 5979 6041 216 1965 953 3493 7043 8201 6273 2202 8185 1880 6168 460 2639 2342 1294 6418 6116 7802 7330 5934 5959 6068 3591 614 8096 8740 8393 91 9182 3756 8293 1895 5546 7817 7483 6823 9055 2789 1552 5656 8756 5294 4801 6912 236 1210 567 1054 5073 5191 3653 6736 856 2961 1286 3348 6957 6642 1316 8343 625 2818 2868 3647 4931 829 8187 2371 4022 51 135 115 825 866 2107 5992 6996 7323 904 4141 5888 4675
1296 6412 6251 6123 5237 7535 6198 4994 6649 8775 8770 1322 4708 9034 4788 4464 2598 6992 7201 5869 54 5789 4866 5596 2660 1798 8437 6855 448 1333 4947 6891 5525 2985 5225 5393 4582 3039 5316 5057 5297 4015 5507 4716 9000 4518 130 9287 6257 2295 1906 3119 1589 7446 5871 7762 1136 704 4122 244 4562 5603 5242 5893 6436 7286 503 7297 344 8275 4685 1767 6628 3090 7824 6994 4609 8707 9118 1991 1133 2550 1760 4190 8761 8824 8216 3061 6619 5626 2677 1018 8506 3059 8432 6368
3788 4502 593 724 1191 7823 6980 4504 5691 3662 7150 607 6758 7016 113 5960 1729 4394 960 8563 7505 3099 9131 18 3699 7405 9088 7561 4416 9251 351 5753 5022 4108 7972 6461 6842 5270 5077 9074 2195 485 8517 3280 3570 6449 3639 3237 5993 3620 806 2449 6402 1688 1527 3811 4246 7738 2737 6399 6397 2791 2796 5040 711 5038 7628 3183 6665 6514 7024 7290 9278 8625 752 626 7484 2309 5267 8151 299 3655 7753 8371 8577 2333 3914 4515 3492 2330 714 2775 8438 8292 8741 8769
6658 7813 8017 2003 4057 4574 874 2968 2909 6793 963 4644 2794 6315 374 6085 2827 2327 1962 2140 5276 412 7649 8153 1435 7440 5955 947 8339 7843 9008 1423 5409 1378 6145 4078 7295 5999 6126 8860 9005 1375 1057 3412 4830 4754 3643 3828 3270 6086 8192 4115 3676 3052 3036 7102 3707 2335 5544 3347 7281 4478 1229 3391 5722 3224 8645 4500 7257 1513 1776 8637 2632 4713 8978 7721 214 5066 8157 4259 1166 745 3717 8956 4167 5442 7584 3305 3220 4308 276 8532 8988 7983 3503 6775
5430 1888 8247 2520 6925 3534 7895 7524 2767 3135 2222 7404 5985 6905 233 6568 118 7338 3978 1980 2866 3312 6909 1994 2025 8141 2411 3938 955 4026 174 2765 4034 5844 3786 3011 1574 1828 6866 5541 5322 8307 2764 4142 5968 5995 2748 4980 2523 2292 1415 7084 612 5074 1220 6280 923 3663 4589 245 370 7890 6190 9224 7332 5054 8719 4943 5612 3427 414 7550 371 5963 8202 6703 3684 6268 1000 4025 4046 4377 6668 8852 2759 4044 5835 5331 4139 3430 156 4538 5300 3606 7976 1977
4384 5624 1285 7168 5410 9196 1968 804 630 7171 1500 8528 1691 2264 1466 1936 4124 6610 928 110 6641 8720 5224 1752 5671 5678 1802 5183 4367 3072 8206 667 6706 4342 9109 2412 8359 5679 7656 8033 7370 3816 5646 6653 3366 5425 508 6208 8383 1417 4932 5592 2976 9294 8976 3784 8658 63 7167 5397 256 415 4262 5796 2615 184 1363 6806 7495 7512 2021 2822 8694 292 2340 3240 7376 565 4244 8159 1307 8624 787 9244 1636 6394 3077 633 2626 9078 5709 8626 3773 1289 6983 6296
8914 5545 8553 7185 1723 3235 3358 373 2377 2730 60 7291 3874 7045 88 5735 5317 1256 8493 4182 266 2589 5128 4901 4325 1206 7127 7990 1126 6555 1891 8225 760 6389 1807 6977 2653 7892 8486 6045 8378 6354 6384 3531 4039 6127 406 3262 4690 3715 7091 5514 280 1656 8550 910 3880 2467 1347 5783 7636 5049 7865 3372 7210 8074 7659 2670 9293 2710 3965 979 6493 4402 2552 6130 5280 7710 5677 4228 7514 1076 5083 5231 3564 5357 9077 4127 976 8105 5972 509 7255 8099 2325 1403
1514 9066 6428 3827 5579 4808 179 3767 3740 5597 517 6194 2952 9152 1575 5265 998 2090 271 5898 2684 7352 4661 5271 8053 6780 6797 8757 7572 6032 6624 4241 3709 2427 4992 3300 4440 1233 1823 3578 7574 7685 5120 2768 1712 3893 454 7853 9228 6546 6108 1167 2958 1365 8836 1340 1548 6580 4975 7429 3436 723 5508 7758 3274 4814 6926 4171 9212 2729 843 6177 4291 4398 7455 4153 6566 3180 2476 7133 5473 5754 3512 6039 3974 5289 4508 4090 7901 9213 3321 8717 751 1209 9111 4719
647 3640 7426 8588 6199 9140 6064 7500 7663 5175 7140 5082 3508 6341 7796 1795 2399 7380 7727 1351 1570 2261 3268 1666 1772 1651 2960 5493 2612 2110 2760 2583 2113 1897 3532 7129 9071 7654 6218 6835 4181 3877 3295 3904 4405 6782 3605 4436 2970 905 668 8481 1481 5581 1438 8027 1829 8854 4960 3024 3720 8651 814 8177 7829 6631 5124 7684 151 8278 7145 3830 5585 7412 6828 4848 8696 8327 7540 5884 8753 634 776 4035 1924 2838 9169 3095 3386 6895 2228 8382 2394 1958 100 3608
5487 246 3764 5863 2099 9219 3947 8221 3027 4158 9103 2623 5021 6748 6158 686 5991 3060 6620 6381 7680 1852 6432 6636 6486 6737 2889 4071 2135 6302 7213 818 2104 2208 379 7396 3046 8165 611 8544 4728 5174 4199 7647 858 2858 5260 6526 8681 8594 1781 2678 8417 1436 6639 6863 8930 177 1065 9221 4862 5364 2541 8171 3242 2836 3841 8261 1130 4573 7283 9258 1032 9269 6201 2559 7841 3098 104 5952 9040 9101 2284 1812 9086 6144 1393 8213 4825 8057 5091 1930 2260 4978 6375 8297
3544 8403 6220 4324 3910 3651 3471 2496 5506 7141 2532 693 48 962 1437 9135 7146 6623 4243 4454 8320 6502 6395 3462 147 2381 8001 1869 3154 3580 561 8401 5627 8557 2774 4095 6901 5376 1430 7244 2930 6770 1725 2133 1990 1089 4577 2226 2864 1630 7712 1207 9120 5118 7909 5689 7229 4587 5530 842 5775 4606 1784 9011 316 198 6984 9053 4756 17 5068 978 4229 2331 4845 1831 5437 7099 8961 4621 1567 5462 8702 7118 3355 901 5501 4594 6849 262 1329 3568 4527 3044 7018 304
410 5486 4746 8395 2408 5099 9249 689 3809 1059 9159 3007 5226 8483 7268 1203 7 8137 4993 3518 3824 8284 1254 507 1902 3615 4512 1211 3882 1491 4053 7977 954 8497 799 4784 3326 591 4012 3215 8414 3721 378 982 3775 402 3484 8834 8478 3560 3210 3153 2698 8256 1282 6235 5673 9069 4951 6576 7211 5319 1551 768 3308 8112 111 5332 3294 9291 7786 6423 7516 376 6322 6151 2495 7965 4424 4953 3298 4898 4564 5781 3776 927 943 7239 1745 3780 5504 6578 6922 5103 1300 1190
186 8052 6815 190 3973 2819 6147 2662 2529 4693 6539 6363 2116 1030 1686 3111 808 1882 6700 5345 4192 2655 2596 3264 6604 7611 8381 767 2421 2642 5866 7004 6935 2714 2610 6600 6165 4448 4196 6407 6227 586 8018 6940 894 8277 4339 7313 4633 6466 766 8843 2630 4467 2785 6102 7887 2437 8890 8050 6907 5698 3673 2389 1503 6911 9058 1713 8347 1653 9128 8609 8705 3499 1183 4214 775 6352 1128 6495 5209 2168 8874 5716 1881 588 418 4737 8048 5070 1276 8642 6012 2086 6643 5785
4730 3792 3258 2440 4278 1529 1696 3265 878 522 6910 8921 6958 3248 459 3618 8207 4023 536 5307 7834 8679 7108 3734 5308 4389 6718 889 2602 3460 2114 5831 8270 7401 1157 4037 1739 6801 8358 1355 1458 2239 1189 7253 9100 5734 3875 447 7010 2883 881 3753 680 5007 2830 7423 5108 6988 1267 9129 6878 5162 7306 467 9138 2914 2772 6733 3033 4061 5714 4256 3719 4195 6869 2995 1861 8239 1198 759 4745 9285 5635 6282 4419 6073 6941 5623 7351 4213 2004 3601 8019 5203 2443 4027
5413 5087 413 6182 9080 8980 5621 2118 1288 8713 8143 1485 4827 3888 2715 4492 3804 6036 1804 3497 4062 2631 9018 7964 7468 3794 2324 4412 8646 7916 677 8365 5266 3957 2386 1904 7181 2584 5254 8208 2210 3143 942 2419 4811 8428 1428 5580 7360 8279 3768 7778 6300 7312 3666 4670 6056 4911 2577 2808 2391 1219 5419 8463 4550 7984 8303 4702 7131 1944 2800 5446 3457 8195 8489 6304 7451 6536 8103 6622 7452 6305 52 8944 1003 6893 5906 875 6827 4857 4151 3480 7248 486 2597 1661
5440 1675 8175 8811 2344 1477 6487 5911 2098 2102 6966 66 3803 1744 1434 4517 3654 9264 8786 1524 5470 627 1173 1085 1679 7938 2549 8016 5283 4971 8104 5325 8430 2607 3886 7152 5032 5314 6313 2634 1922 9038 520 2014 4558 3465 5640 1317 3644 8111 8294 9263 8129 8521 9185 726 1440 6140 6339 5727 4523 8245 4220 4699 3600 6335 263 4132 4254 5696 6906 5693 3596 7115 7579 1454 1408 8087 2573 6760 1483 2904 7191 5252 2721 391 3551 8130 1257 3742 5830 3917 3787 2490 6647 602
1938 9091 892 29 7706 9243 2313 1090 6091 3255 4109 5426 3227 6132 2223 3349 7232 8324 1451 7105 6944 4420 3168 8798 6699 3802 2695 6564 3251 6488 1228 1997 1060 2279 6331 1017 5854 1094 3548 67 2159 4772 2829 6263 7337 2149 5176 3123 933 2657 3278 3894 2156 473 3519 3034 4260 254 1153 6150 4807 1706 6250 1808 1387 5840 8167 1511 7593 546 4511 8881 690 6987 6321 7169 8591 8564 685 7560 5655 5059 8498 8718 4489 8374 5862 1717 2957 1573 8196 6385 1042 7751 3292 3769
6295 515 2464 2564 4074 5665 4683 5658 4455 6104 2981 1452 5179 1101 5452 3336 5169 6271 2556 8716 3190 5989 795 6188 4983 4265 8366 957 658 7947 6364 7953 5383 6253 7894 8562 5765 6236 1832 2343 4842 1013 8047 7530 5920 1926 8800 6059 8891 8545 6022 4776 4008 5394 6565 580 4295 9166 2638 2935 7075 4322 4126 3766 2231 6862 2784 810 1024 8764 8229 4475 3991 4588 3793 1788 5220 5047 1066 9090 3638 8790 5459 4336 6965 3038 2129 3164 7679 9238 6010 1271 4450 6751 5131 1993
6444 3459 2320 3650 4041 3966 8480 7069 5028 6498 5388 6314 2658 8246 6728 568 2565 1747 8653 8917 4851 6899 6921 8333 5013 2592 8305 6192 1418 3229 8628 816 1184 4453 8611 9059 6889 4252 369 5352 5338 5872 3000 1951 8503 3043 6979 8348 2711 2416 3800 7218 969 6612 1038 6426 2069 2648 3909 4821 3983 8865 2842 7711 1959 2986 5560 5250 7682 325 5117 3327 34 7251 4578 3505 7348 2528 8946 8963 5356 8314 2536 8701 3593 3028 7811 3121 7735 5832 4191 2054 5064 3738 8251 5523
5009 50 8296 948 7970 926 3798 8934 3483 5039 3759 6584 6189 8913 1663 6527 3826 2647 4602 2268 200 8091 294 6606 6752 3091 5667 4379 4858 8243 7616 6396 4119 7994 5291 9095 737 1741 2761 9154 480 3712 3146 129 3420 4805 2429 6351 3438 3825 4775 6919 1169 4813 2578 7998 7403 1714 3649 7125 8541 5812 5235 5109 3169 6528 4094 9174 2641 7212 5227 637 3876 4316 8873 993 1771 2717 1844 6537 2405 1055 5874 5355 1658 805 838 6225 5048 3309 6049 3182 367 4598 2236 8711
828 5629 681 6155 3151 6129 7208 6749 7674 5076 4760 347 126 584 4269 9061 3844 2294 3711 8729 2896 9237 833 5502 8789 2672 2173 399 9051 3301 1078 7872 3434 1628 1422 5200 8370 7973 9253 1071 7766 2537 8737 2354 4940 3547 4892 1310 1412 8610 8771 7334 363 1383 5568 1377 4036 9096 6462 9146 7275 4927 4832 3772 6676 4909 1067 6771 9134 1790 1678 3724 3832 7194 7665 8700 388 1258 3338 390 2923 394 7065 7568 1154 272 4170 7926 7820 3977 1084 2356 5142 5491 7960 4590
7635 2 8570 3920 5132 8970 1125 9241 8742 3353 583 2974 482 8214 4082 5340 7178 3850 5652 3895 7089 3760 182 6196 2802 1283 783 5648 4954 7992 8349 3918 2823 2083 708 1748 1972 222 4580 1177 4207 3204 1976 42 6655 8636 139 5583 6586 4317 435 826 7661 8644 6645 844 2990 1638 2686 478 6759 6183 2425 5856 3172 579 1330 9200 621 4088 442 7160 8566 2504 1345 2978 3073 8763 8990 5908 6937 8820 7783 1591 6103 2640 7457 5882 2123 5932 6359 4327 7798 7082 8595 7629
2339 6892 150 3125 8662 958 3525 1432 1366 3097 9277 1569 6467 9248 4114 8876 7366 3277 7822 3075 96 2816 4896 8465 2682 2778 1224 534 5033 4387 6913 4343 8792 540 8904 8791 332 3934 1797 8859 2962 6163 1308 6237 217 305 6908 4873 4068 4782 4289 9157 6349 8008 2253 7415 7300 6569 9148 7548 2036 1342 209 8745 8600 7441 3863 339 2345 1241 8924 2663 6967 9172 6936 5943 2420 7825 7304 5154 886 786 4839 8867 1639 9042 3219 3624 468 7284 5927 7265 1811 185 8560 3023
4349 7184 5095 8215 7906 8155 4524 2689 7064 2604 4969 986 4809 6525 8981 2263 6915 7678 336 872 3688 9181 4861 8960 4646 5024 5196 644 6355 3814 8472 6325 4686 676 896 1441 2566 3725 991 3014 7869 6548 2611 5638 3176 9149 5342 1281 3404 3469 932 5347 7545 8971 5262 1474 2334 8760 7821 9110 5232 9153 8408 6861 465 510 5449 6024 6964 6814 2878 1391 8807 8262 4303 8538 1667 2206 1508 3813 949 261 2762 368 5883 1362 5513 4261 7420 461 7219 6029 5214 7073 2410 6164
4118 5645 3113 1578 7343 3010 6052 4650 3687 4242 4717 4175 7028 3674 7040 6529 3314 7716 141 2704 2469 1700 8072 3739 164 793 1561 1478 1230 4779 941 258 718 6972 1892 7638 2501 6725 7541 555 5742 7221 1537 3931 1539 314 4843 6380 1122 7293 5085 1920 5222 8567 5286 7497 1709 1531 8485 7875 422 1856 21 3074 4208 695 753 1373 6550 2441 820 1486 243 1878 2705 446 6549 2064 310 3421 3810 5757 8367 3801 3632 3481 8910 323 4557 5987 2081 2992 6851 2346 1605 2562
2283 7681 3569 2587 7364 1621 5202 7870 1047 1250 7814 3160 5011 152 2164 4005 985 1312 7074 716 5903 629 1820 3614 6804 3748 2310 8582 4642 4979 4513 1419 3906 5688 9198 4161 8372 5535 5733 4365 5079 6491 7582 8446 6030 1893 821 5978 2966 5675 5684 4570 1290 5236 9176 1244 3131 6212 761 2357 7230 159 5052 8721 8799 8748 3225 8703 7434 736 6279 8965 2668 7473 2860 202 6178 762 2348 9142 9127 5562 2840 6763 6244 4841 5406 577 4663 883 3345 4738 7117 3611 8122 8511
6443 659 1449 4768 6148 4049 273 542 6211 6038 3839 8300 4239 8353 8061 3340 855 5173 3360 1704 3115 505 5492 640 8623 7161 703 5697 7801 7041 578 5695 8670 6489 6077 3337 6524 4408 813 1915 7319 168 3050 3723 8389 2052 7521 2298 387 6370 2350 2282 3192 6831 1870 2272 779 5799 3999 4409 3579 6950 1027 5728 9216 2071 2599 915 8714 1682 5632 1427 8029 6173 656 3670 279 4944 1738 756 6500 4777 541 6704 432 223 2242 6474 7359 1012 606 3267 8062 3165 8706 5729
2072 5284 2193 5218 8657 8249 6316 6441 8124 4613 1475 2739 2546 4586 528 5403 8535 1957 7902 734 4401 4014 930 2955 999 2120 1144 6043 3450 8680 1323 6792 7326 2296 6740 4673 1232 4933 3461 212 4029 3581 5496 4146 5853 9102 2809 735 377 4576 5539 5075 5516 2790 8244 4888 1684 8842 7913 7288 5565 7481 898 5763 6931 2574 2621 6409 7949 5936 2376 11 2493 56 1476 6391 4549 7547 4417 8576 361 7575 4215 2671 8505 8330 4824 2988 7702 4664 5717 5100 4219 2322 1240 4152
5259 4622 444 319 2053 2963 9209 2964 7613 3136 7770 1674 4968 106 3398 7687 6832 2933 4740 3834 2525 1901 2430 6690 3928 2056 2367 995 6246 1827 9195 132 4178 1916 1319 2540 8093 4091 6692 7993 4224 7036 8534 3158 5008 2084 5666 8252 3211 1597 7618 6545 3799 8909 7026 2557 5914 7745 259 2506 3318 2871 4491 994 9003 4988 489 7708 494 2854 548 8049 770 4245 4371 772 4919 5404 4390 6329 1542 1814 3350 596 6471 9280 7132 885 5122 6802 4463 2707 3384 3193 6319 7196
1146 6632 5221 3529 4641 7566 6465 3021 6457 8442 4804 2044 7888 3279 2243 8238 1826 1226 6416 3408 2274 433 3197 4105 5705 613 1348 2484 3001 1611 7704 7151 4847 4136 5819 2797 8233 5113 7444 738 4935 4066 9076 6157 4203 4283 7830 4654 4787 7742 4030 7489 421 4763 1792 7277 2199 4887 1562 2740 9097 255 2126 4744 6076 4789 5145 5272 333 2415 2212 3281 5126 7920 6142 3514 7490 3889 5312 2448 5761 4102 7022 8490 6122 1648 7538 107 7485 8391 2743 1463 3149 2853 3901 5878
6174 5951 8458 4461 919 3377 240 2951 4280 2488 3636 7421 498 9070 491 2954 8392 2692 3823 1583 1711 5971 8524 5368 831 3086 7882 4962 6559 2166 131 10 278 1843 4553 6217 1433 5809 1164 8227 2163 6258 3625 9116 6523 1494 6451 3757 5360 2575 400 5158 3108 7692 1643 2167 2795 2361 6544 8849 2355 324 7350 6558 2198 7393 951 4846 1121 4747 4081 6089 2712 2180 4948 6515 4537 7155 5633 5975 6477 6672 573 3996 5412 5170 7670 6193 6800 7755 1099 782 1492 1908 7003 642
6058 41 4176 4067 5201 5617 7532 8932 4987 2217 3686 1664 7623 2919 493 1518 4216 8812 4414 7378 78 8169 6785 120 3142 8905 4017 1093 7912 8317 4669 6167 4897 1757 884 2085 8131 3302 3429 7192 7100 9160 6404 313 5488 6016 8142 8692 1883 6106 8138 5551 2048 6766 1840 2848 8580 8482 2474 312 2387 899 6505 6408 4781 5071 964 2080 7397 3218 6810 2472 3491 2211 320 3779 3812 7804 8154 8857 9191 9215 6141 3628 5536 4166 3630 5349 3714 149 8118 7748 3535 1943 7186 8455
5584 907 4551 6902 5807 7367 830 2446 6001 8139 4120 6120 1778 3228 218 2001 7950 3357 2315 3929 5946 1473 545 5433 5229 4337 7231 3950 6552 5086 4945 8451 2468 9197 2893 5359 4372 1728 4065 7501 9210 7643 7407 1602 2694 8839 2547 2192 1740 9043 4780 6393 471 1592 1641 6571 4393 4354 8010 7589 7406 3232 3530 2150 3167 3634 4235 4110 6454 2305 5839 4058 7884 4347 1947 2067 4138 2646 1409 1853 6003 2777 3328 4410 23 7860 8499 4451 1410 5315 9167 2380 8144 7402 2379 6673
7592 8467 6121 5105 4112 664 4603 4545 543 7012 1765 4648 2353 720 2993 5001 5199 2813 916 2304 8749 3919 8332 4382 43 620 5980 5777 4253 5351 3109 2676 1178 1753 5258 281 5663 3488 701 3056 5681 1594 2606 1875 5815 1967 4682 6472 3453 3214 6018 2278 1205 6746 705 7504 3860 6885 315 7903 2500 1613 4529 4392 8889 2503 2847 725 7029 6765 5277 2277 2867 6716 3096 8041 4770 8516 6087 1139 1161 6616 2572 6197 7719 7928 2725 7883 1626 2887 8825 918 8098 9188 2888 2105
8276 311 575 2249 1907 3048 1280 777 7827 3206 490 5247 3423 5798 1507 3898 7025 5804 698 2136 4430 462 112 5197 1631 6697 6840 4369 8518 277 7144 8788 2885 4748 2913 1007 6585 2915 7966 7395 6288 7787 1815 2232 287 6377 8773 7427 5532 7959 2637 284 5451 2756 913 3422 7303 4290 688 7327 8617 811 8030 3925 5110 5152 755 1941 2074 7362 4607 8228 4101 3403 2332 1535 1072 4189 6242 7733 7226 6054 3837 2900 1092 8690 8224 2125 1868 3031 4443 4540 8160 1138 3444 4930
137 514 9229 5685 7157 1181 4223 3770 1182 652 5788 8218 6696 2115 6853 2927 5719 4591 6234 7110 9007 3851 9203 797 922 7240 876 7050 3790 8784 6229 1421 3104 4406 6301 6035 2728 3989 5933 8250 8 4274 6021 2337 6046 345 3273 1963 3017 499 7900 7854 7833 3594 8951 1837 7639 4972 7418 4477 4186 4823 3500 7523 1727 4569 1143 4230 1576 6134 119 890 8710 1903 2593 239 5608 7198 2351 6573 8271 683 6230 8620 700 229 2618 707 6691 1672 8170 1368 1385 7581 8079 2397
7765 8704 909 1662 3114 6903 7199 8309 3820 2865 6778 4566 6917 2944 8587 8648 6588 2012 8235 6859 7096 4565 5994 3381 975 4850 1622 8501 4051 9297 7459 7109 3847 556 4130 7943 3437 8794 5337 3571 8507 8197 8941 2258 6499 3856 7941 595 6138 2937 7282 3208 1645 2082 5810 3058 6916 5004 8590 2683 89 5904 3645 5731 1165 7153 7078 8316 37 5375 6805 1406 6605 722 6809 1033 3807 8509 8722 282 1297 75 8288 8942 3246 6975 3520 2770 4452 4460 8853 108 1461 1301 7357 6927
574 7410 7779 47 3392 4712 8191 4422 5828 3040 1849 2358 8127 5786 2661 8762 6768 9205 4135 1824 2872 2013 5346 7464 8869 9300 7631 5454 5424 3979 2579 103 3047 6249 7055 706 535 7951 1530 7478 4921 4310 4415 300 356 7383 6512 5460 5041 8754 7381 5098 5198 7259 5885 7767 5129 8767 2941 4568 8603 4397 4234 3037 2734 4338 2749 1819 7995 7033 4395 6845 5358 1176 1603 4479 7812 8810 8023 5112 8440 5418 2266 1801 4531 5861 1652 6982 2534 7480 4292 6160 7641 2026 2033 8931
2301 7604 4766 4183 4193 1384 1998 5467 6431 4462 3120 176 7442 2075 296 6456 1379 3849 7739 2675 2023 2042 4413 4596 7936 2307 2396 2384 5399 3041 4561 5784 5002 1353 8870 1978 2142 6013 6897 4341 792 8674 4657 4974 8739 2635 393 1493 6171 4812 5527 2975 3476 3550 83 7781 1160 2037 5195 2522 5837 55 8162 4004 7340 1077 3081 7982 1134 7417 5563 2699 5374 2063 8736 4332 4629 4678 1470 7725 4957 4054 5251 5287 8121 1495 6494 8425 1742 2771 2088 8457 2716 5990 6419 2920
140 4548 790 7517 2706 1816 5480 6007 2365 7838 1074 7963 8034 7603 662 4681 2254 3419 3992 1255 4314 7076 3635 1783 2400 5268 5395 1506 6710 7046 7347 4937 5137 7908 5636 7202 7688 7126 0 328 8140 7324 7771 4615 7714 3396 2151 6702 1049 6482 5619 7209 7124 5417 3968 167 5483 7945 352 6481 7462 3162 6786 7699 6439 837 902 12 5816 1974 8734 2895 733 6663 4659 1053 4396 903 5881 2494 1964 4715 1913 6269 6252 477 9015 4541 6661 1763 8282 3954 8912 7935 7001 8830
3718 560 798 4610 4674 4889 636 8051 3333 511 5093 8967 1399 4961 8336 1764 2395 7772 697 9151 1278 4705 8274 2881 1665 9295 5531 2793 1469 7104 988 4222 3984 7431 8148 8357 2375 7701 443 303 1502 5564 8237 4486 5058 8068 8386 699 4831 2329 1299 6403 3315 2153 3341 6538 4733 3387 3763 8649 6589 5928 1426 6603 4150 4358 4333 6614 1467 424 5926 6621 8179 852 453 4163 4724 343 7788 4493 3451 7023 1083 4559 5025 3179 1996 7764 3055 1490 2600 8435 769 1416 162 1775
7302 8664 2561 4624 285 7308 3758 7837 8405 731 2220 76 372 8536 5065 6669 207 5686 1809 8318 6609 3935 4998 7999 8959 1346 4117 2664 3177 455 3343 4749 487 3189 7518 405 4913 2170 7571 5138 9033 4164 7752 3432 6460 6440 3652 1442 8193 8231 6348 6829 1946 235 2470 2873 1213 4084 5949 6378 3196 456 807 2773 9261 8117 4227 335 3563 3583 1866 758 6115 8686 4952 4010 5896 931 3533 6720 6390 2145 8004 6812 1411 1649 3138 3397 6928 1313 6850 1780 5378 6717 8147 2633
3054 2526 4089 8750 1275 616 4155 1279 3359 5371 7062 7942 8424 1629 3641 5661 7756 3727 4072 6881 6421 9187 5522 8827 464 1833 2442 8097 3502 4977 2458 1217 6492 2982 6858 123 3243 5422 5782 867 4104 8994 8925 5432 7794 2588 3454 8064 1070 2776 1180 6328 7270 2906 5072 2690 2897 1707 7486 5288 8678 746 2580 3020 5111 2509 9184 5499 4487 6206 9057 2814 4366 8255 3693 3284 4509 1187 3750 3101 1644 5361 3735 7252 3892 3478 3344 6107 3290 2869 2726 8156 4700 6659 870 2747
1842 194 1188 1459 2247 7653 1743 6687 2497 5505 4691 4485 4000 4759 3538 7578 1369 4003 1549 2805 1703 6698 6292 2453 7905 7835 1581 7447 3515 8861 8477 5339 9178 6508 6445 4266 2874 5238 7558 330 6376 549 5010 7583 133 7782 1104 4723 3287 1325 5767 4912 2570 2620 3285 9023 3516 1874 8429 678 1341 6846 2352 3669 9087 8847 6400 398 3257 7263 1208 5554 2378 7443 5455 3743 5967 6934 5800 3494 1041 7723 2006 4385 7085 5849 857 7952 7122 8597 6496 5983 6185 5282 845 2349
4202 5102 1334 893 773 4741 6210 2558 87 6075 2451 321 7889 7344 2257 2724 1110 2945 6839 4498 1135 6923 859 2757 1982 430 3964 9094 8217 7439 513 4976 7021 1132 6424 5017 8872 2543 143 6607 6323 8005 3681 7577 1585 5662 5429 7675 5475 5973 6593 3736 9207 1558 2530 5654 4097 98 1536 9047 4287 4579 4465 4739 8145 6531 3771 8504 6684 4695 4311 4125 2780 1538 1683 7971 4867 8319 1124 2949 9281 6693 3691 295 2323 2172 6452 8313 5595 2445 4726 6468 416 3522 170 608
7520 6209 4891 1221 6017 8194 14 3829 8777 895 1019 4526 4421 1400 841 2461 4043 3546 6788 623 7785 1746 1212 3256 8537 6346 1204 6986 2693 9006 3972 2018 5290 7627 4581 970 2502 4834 8039 4660 7390 1847 4703 1751 4783 2622 4934 1768 6337 4795 5353 3418 9247 6667 5239 5018 8838 1588 44 551 7207 8871 8627 1352 7621 526 265 7842 5615 4662 8805 8950 6762 2483 5737 5561 9252 1616 5 7597 6956 5707 7763 4672 6824 9028 5708 3433 939 7614 8055 873 6981 6401 1579 4869
9020 5255 533 6162 5907 5879 1002 3879 7269 7247 7691 2089 8752 7732 6484 7258 8379 2382 4100 5620 4300 8089 4908 7107 8883 3094 5718 6320 3777 8012 8419 2519 5887 6640 6347 8209 8311 1175 3325 5609 3603 4995 3728 3441 3683 7287 7861 5386 4534 7163 6666 3363 1546 7507 4963 544 2916 9112 4143 1480 5306 6080 5293 6795 1001 696 1137 2567 6677 6172 3682 6223 5003 4764 7567 7147 6900 383 9012 6006 5764 9301 938 3908 5672 8059 3181 3943 1577 4989 2130 2093 7377 5381 781 5776
3865 6562 3933 7531 5269 1009 201 4180 3509 2216 2005 2034 9239 4106 2977 835 3749 5897 7740 341 7617 5385 6860 9162 3137 4762 7981 359 7409 6959 4946 7072 6215 6598 5961 3390 213 3209 7309 840 7310 4680 4201 4028 6960 2275 4617 8449 3275 8452 3936 5970 72 8003 5146 3537 3259 6678 73 3629 3722 3549 2691 6415 6709 4496 8556 1620 5495 3660 4965 4107 4986 3361 8654 4426 5625 7243 9302 6345 8491 4469 5213 6405 4684 8864 7619 6067 7267 13 466 7850 2542 1147 4149 2158
6479 6287 2444 5055 1249 4156 3029 5599 3132 1488 3922 5097 4785 6317 7236 9282 8937 4665 8647 8152 748 6570 5144 5644 1608 8083 6637 4328 1052 4837 3667 1520 8989 5034 1992 1933 7392 3117 4361 968 965 7274 5724 7190 2060 5382 6822 8685 219 6724 5814 6069 7932 4307 6599 3661 4555 8470 5233 5964 6943 1909 2435 4331 7586 6200 3118 1695 4547 1887 7469 4121 8571 5542 672 6993 6308 6530 3556 5150 8581 8234 2841 824 8223 8698 2148 6458 6776 417 1445 1692 1625 155 4774 5148
5445 6705 6519 6248 9194 4874 3062 407 7476 8851 7946 809 7217 5140 4063 1151 1446 127 7200 1960 7718 1910 3126 5917 2028 7458 8341 2459 2251 6852 3745 2174 8837 189 8176 2931 2270 3523 8733 5036 3288 3431 3562 4381 8688 6040 6507 1051 6459 8663 8641 4820 153 1298 3575 318 5324 5774 6799 7728 7066 475 3815 9180 5204 82 7979 4791 2106 1523 2736 6309 5482 6670 7917 5161 6070 6680 7015 3253 3953 3698 823 7588 6638 8281 4864 6582 438 4637 4247 3331 7914 283 3019 7844
3619 5469 5841 6207 8957 1443 241 9202 5336 665 2404 8073 2422 3785 7128 8109 8613 1062 2267 5766 6254 3573 3076 5151 3383 2880 7664 5509 7435 1117 6386 5423 6143 8094 2049 3642 3664 1295 6453 7915 1919 3697 5326 502 8539 5188 5500 2685 9084 4860 3473 5664 3495 7795 967 1061 7354 3399 5369 2373 2936 5019 7474 906 5180 650 6213 7600 1260 5948 3675 3648 4205 1627 4323 5468 8682 7234 5249 4476 2246 5923 2008 8529 3157 1966 4880 8384 4481 3582 173 1975 1318 2568 8416 5558
7880 6844 4863 8025 8972 8598 4853 4444 8630 7580 1689 1818 5208 5441 2628 6873 5244 3861 2882 7120 3093 3613 121 5589 6265 869 7957 6369 5610 6997 8409 3845 1557 7921 2316 3607 8172 9092 8841 397 8077 3923 1395 420 4903 2489 7088 134 5164 3442 2137 3668 1705 3737 3797 8818 7116 7511 2950 3946 3592 7832 966 3102 7987 4982 2234 5744 8898 2833 8643 9201 4442 891 4544 1100 599 6330 7848 7553 7242 2905 7331 8856 4273 6475 9310 7471 6025 9168 1235 39 4786 4701 4819 6266
4792 2750 1479 7235 506 3266 1350 6180 3831 5969 592 5886 2465 780 4423 7864 3411 2077 3303 1822 2143 3410 1985 7320 35 1735 4640 2147 1568 102 8190 8308 2204 8009 6946 1036 8821 6625 9273 5922 6648 8755 8487 8640 5490 8693 581 8226 4996 5529 3572 1793 3012 7482 3064 5590 4671 7667 5712 605 1512 9158 7694 206 8661 984 5569 4835 8573 203 1654 8090 428 8508 288 5411 8407 3744 469 5444 7465 5436 3175 8236 8326 7632 8285 8743 31 7479 6707 3482 6447 2511 4902 6694
3869 9218 4313 6820 5373 1087 4826 8522 3962 9130 617 8411 260 4920 7648 7007 5243 7164 5329 2696 348 7874 1749 9002 654 404 3853 2175 7851 1720 3887 6383 5116 6602 936 2058 6708 3754 6651 6094 7453 2844 8996 8546 8652 4697 8975 8565 1932 8801 1563 2030 2165 2554 6868 651 1293 2870 3233 8080 6267 800 4145 7379 7689 8568 7363 3155 8606 6463 3316 2571 3536 8759 1948 196 7408 8835 1886 6504 5899 8439 8036 1356 8677 6731 1123 6241 7433 1813 2837 7927 5976 25 19 990
5537 2845 231 7815 99 6747 4907 4852 157 8174 4761 3489 8037 4597 302 2319 8845 3585 6834 5328 7828 4638 1731 472 4567 8394 4019 3557 6567 8071 2187 6985 1697 5942 8402 474 1382 8633 7206 691 2769 9085 6630 8887 8559 6342 5384 3941 2997 5450 2312 9106 2681 3616 8808 9268 4692 3911 5189 8418 882 8076 2967 6333 242 794 5037 6918 2276 3555 6951 3526 6727 3602 5657 8461 6745 128 6083 1277 669 1471 15 4725 458 8543 987 8998 9037 7325 7533 252 1676 576 5793 5311
