18 18
199 184 127 212 321 13 262 128 263 58 67 222 31 240 55 205 16 221
288 151 188 10 50 173 301 211 163 302 319 200 177 232 289 78 198 182
242 197 277 190 164 122 107 284 230 110 29 254 292 189 125 108 246 134
100 59 28 73 60 236 74 129 23 180 264 159 281 218 18 170 138 176
253 141 124 0 305 314 150 214 136 179 195 248 294 144 235 12 316 15
118 14 96 145 229 30 75 282 148 19 233 37 5 32 45 296 52 202
186 22 104 181 171 206 249 111 322 215 259 306 280 226 183 153 269 299
24 46 208 216 35 80 228 116 270 220 79 25 201 133 92 39 115 91
278 1 275 162 126 95 6 266 311 295 256 291 44 276 105 297 117 174
157 17 41 120 2 154 94 27 8 112 51 317 132 43 146 114 312 93
168 84 245 90 279 172 271 260 187 203 323 175 243 308 113 77 224 217
300 63 191 251 11 56 48 72 21 285 265 147 274 303 36 70 155 287
237 258 169 9 273 140 152 209 87 42 149 109 160 298 227 290 252 106
82 101 225 158 4 135 156 143 68 223 121 86 261 315 47 66 98 142
286 320 210 103 71 61 81 244 213 204 64 76 250 255 89 97 57 20
49 137 69 239 318 268 272 3 231 196 238 131 193 166 123 88 207 26
283 178 65 309 119 7 165 185 139 34 257 247 219 40 194 33 85 161
53 167 267 102 54 38 62 130 293 310 307 83 234 241 99 304 192 313
