99 96
7016 3024 187 6 79 7837 8945 6529 1225 8845 8139 6225 5922 2608 5581 8014 340 5141 122 4674 4159 2143 264 1869 62 9478 4251 5244 8110 6131 1644 71 3479 7087 6689 892 7482 8851 3071 6637 8826 4366 8631 7140 7372 5930 3137 3558 3162 2388 9435 9164 6606 5539 1649 5115 4944 4921 6993 1442 276 8386 6492 8140 4126 7805 9242 6844 4573 7956 3469 7376 4709 5677 8160 4450 9356 8962 1911 4244 8224 9213 7602 913 8453 8011 5823 5767 7021 4794 6476 2902 7484 7905 4567 6811
2043 7928 6362 8354 8898 1622 2139 3711 7294 2359 4318 3527 3807 5668 7605 4386 7809 8187 3642 2688 4726 6295 2995 813 8488 9130 6143 3520 4294 9142 3908 7393 6317 9091 2383 1500 6536 594 7675 4856 2986 8970 8910 1953 1065 9265 2329 6003 1478 3874 9451 5250 485 842 8092 2278 3890 6369 1456 881 3015 1429 2282 4695 3955 8232 3297 3587 402 1748 7639 4279 272 2888 9254 811 542 7037 5632 72 8707 1295 3505 6940 364 2580 2196 4040 8948 8055 4356 7314 3393 9056 4895 1922
6040 546 8775 354 4814 5332 1804 9010 8209 3398 5002 8782 6182 2613 4421 1914 8723 6535 889 3472 5220 6776 8852 8246 6758 8543 282 5542 3158 7139 9343 4019 3655 555 3033 4697 3232 206 3519 4720 3536 8342 9423 2469 4938 6621 5129 1499 9273 4131 2496 8566 6057 351 3475 3515 467 7136 645 139 1892 1970 8135 5183 4866 4958 4834 432 5389 4458 7862 7544 3813 3422 3363 3309 6378 7816 7159 155 7154 7876 3596 531 3953 1188 202 7967 3452 1962 1415 837 3646 3927 2594 4009
5754 8997 6860 2545 875 7771 7577 5299 4080 4501 3040 3619 2155 3104 9107 3237 2220 6618 6978 5319 4907 7208 5253 6220 2717 2891 5343 810 3522 8857 8608 3883 5745 1852 1392 6011 6020 1916 8093 1925 6725 3958 1978 6311 5628 4536 5449 2018 3553 1734 7990 7884 5050 7757 9053 7146 7239 7775 5390 671 2229 876 8614 4323 5929 4420 1969 9015 1862 6471 9267 6228 9074 4680 1377 3925 6896 6361 6114 94 5840 6923 5030 1517 9442 8096 8101 6156 5694 5364 5387 7593 5026 5109 3090 9141
2177 9020 7522 3882 6748 7305 9456 5023 4150 2050 972 8923 2770 6301 3656 6677 8009 4303 5602 8458 2630 1769 7000 1714 6294 8634 8737 1937 463 13 1342 4845 5480 9249 2740 9318 2161 7510 7854 4179 8995 6285 7595 490 2911 3438 3003 8800 1088 6467 4471 281 3940 8123 9473 5913 5569 6964 7398 7300 2908 3499 23 2880 9402 7126 5458 507 3389 9067 6960 9028 8044 416 2242 646 2461 3766 4778 6812 9307 5130 5051 2992 7447 3420 7443 8555 5038 5216 2203 2281 6549 5481 3437 7958
4333 8334 8703 5571 3718 2199 7599 6617 9492 6647 6947 684 2651 9104 1792 117 8295 2861 1129 7911 8114 7233 2542 1940 1260 7070 7405 685 4291 8046 3789 6981 7459 7637 7483 7344 4464 4403 4147 7008 5093 9192 263 7562 7547 4284 5240 6260 3206 682 5768 7375 4911 9173 3372 663 2828 602 7786 8169 1234 7420 1561 7654 5331 7354 4030 297 4987 9412 1693 5857 4934 5953 6929 5059 1219 7969 1112 2926 6148 2586 3478 6348 6990 8345 934 5612 5716 6223 4252 3434 7144 201 8811 9498
7448 2126 9128 7877 5399 5993 3600 6374 7873 2332 1341 4601 7927 761 8596 2966 6664 4541 7098 1451 603 3152 3754 6821 5661 519 3421 58 1756 2268 3745 4414 2062 2578 2345 9320 4594 1669 6447 9038 8170 65 4786 1024 6901 5386 482 5337 2034 5185 7597 1491 8197 6530 2878 6773 6810 9194 1718 8521 5342 6106 7333 475 6867 7932 1214 4418 4773 6840 1760 4357 1322 7116 5215 8390 6070 1996 5741 7261 4087 4948 2569 8056 1186 7991 3785 6613 7924 7791 4376 1963 3821 7120 5086 4931
3687 6819 8048 657 1503 8959 7652 8640 8012 5254 1607 397 6246 2347 3400 1623 4920 4684 5150 8671 3809 8113 7914 8165 795 4585 7237 5780 9121 5303 1010 6818 8241 5834 3109 2046 8180 2221 5693 7496 5474 9409 9210 4708 4811 5149 9243 5482 3166 2283 2082 5221 8678 4889 3315 6744 8439 5147 5847 7015 1605 4004 7007 5357 1501 834 4430 1381 9090 4502 5064 5766 2067 7416 8141 9237 1619 8314 8589 8435 2529 4509 5526 5388 2887 2949 61 2914 1612 2700 505 6422 3486 8724 7276 7467
7696 230 6198 3364 4440 8868 9284 3849 3679 4078 8786 4494 1013 85 9050 2555 2560 1043 280 7995 2641 2591 8121 8351 1901 1119 8115 5521 285 7493 7855 6138 2581 4999 3146 383 2638 8407 5782 6452 1498 279 4468 1701 6390 6985 814 9206 6240 3375 9207 7166 9032 4558 7980 2919 5349 4655 483 9247 1830 8780 5013 6835 2315 1401 2473 3756 6112 8869 6443 1035 5564 7418 3964 8546 9112 4664 2408 1753 8590 3490 2775 4874 7733 5210 4707 386 4193 1237 3258 4810 1590 5757 3383 7518
7032 8677 6974 3850 7181 3250 3377 6077 4410 2832 438 3060 6727 5290 2652 8681 174 7514 9078 2406 455 6726 5899 3547 2432 1349 1751 4190 1209 4587 4062 5062 6828 8397 4434 4535 3586 5405 6027 1813 8037 1370 46 2028 7247 8895 8679 1725 9397 9196 6855 5713 2083 5886 9097 6157 8990 320 6221 4165 7380 5968 4300 6616 2252 2980 6180 7617 4453 8328 6340 6118 6063 905 7941 1059 4398 853 6591 2514 4998 6675 1967 6299 7171 9127 1018 3690 3907 3734 8309 6517 6804 8891 3293 5822
5852 5012 5236 9132 7552 4048 6368 6196 4744 5978 1543 1827 6236 2656 1419 247 3822 5470 9408 7801 1890 5043 7275 7012 7804 3659 6806 5873 7929 5755 7629 6562 47 237 4349 3751 5172 8890 9064 7673 7848 313 733 7550 5429 6026 8833 3902 8455 6841 1847 8814 7758 7453 5166 7365 3691 8622 6289 8540 3637 5228 5629 6412 5184 1324 2953 2417 9450 6122 2957 8660 6120 1490 3561 8438 5760 1050 3025 2636 3889 8613 7388 5496 2605 3392 7566 3820 8353 4654 6668 6002 191 5178 9411 9202
920 586 6636 2516 4850 1031 4428 2431 9374 4116 946 2370 7592 8558 1171 2336 5710 6042 3877 7908 458 9488 6025 6069 8586 1264 6407 3145 1758 9493 283 3565 8771 1463 4496 5828 27 7234 9235 4589 1407 4900 4559 8912 8789 1666 3043 1839 4515 5666 103 2533 236 4266 5235 9025 7947 2644 6546 6130 9311 8778 6815 5725 7538 5368 7724 1731 8025 8692 3803 9304 7570 5520 2366 506 7076 2870 5194 8193 6486 3329 7186 8175 7681 4024 6107 7471 7601 2979 950 2515 3639 7789 8621 8118
8372 3335 7026 3077 6424 8470 6465 6625 3688 4431 5502 5058 4901 2537 7346 9205 235 2142 9446 9162 3903 1535 6719 5046 8021 7051 5995 4151 5956 3740 4149 6723 6750 5266 5981 1305 7396 8417 8792 1395 7112 4710 503 7680 8688 4828 5631 5324 205 2947 9071 6570 8355 596 7130 2643 4805 6768 3161 1055 3513 642 3391 4904 3606 6620 5560 8619 9432 7768 9346 188 8981 5165 925 3320 5653 640 8484 2438 7794 3910 5157 8498 8075 3224 4427 3319 5795 4711 216 6158 2754 2883 7546 6313
8162 1593 7760 1476 1975 7431 5284 9291 2327 1232 7010 7137 1635 4529 4688 6202 1138 6200 2072 7474 5423 9017 5506 4994 8183 4194 5269 8766 4488 4401 6681 2667 6347 7217 9433 4857 48 1080 3862 2783 3085 9309 3585 9448 1727 3554 7755 6656 5777 6105 6887 5471 7189 6854 1895 652 3516 2728 7867 7900 7274 8433 9105 3667 7105 3098 5494 8283 3278 5154 773 624 3631 4274 4158 5888 3376 8605 7717 1597 7575 8106 4765 1660 6326 5265 7678 3254 7586 326 8591 7226 53 4830 4267 2735
8358 2750 5248 7948 4437 7883 817 4445 8222 6411 9201 1068 1281 1798 9153 2103 1964 5705 3425 6192 7841 8972 4117 9333 8324 4391 4228 7022 8827 7730 5479 3296 7536 2416 5684 2460 4728 9501 6176 2101 2825 2188 8335 194 119 1989 5985 7255 2014 8138 1307 8464 8968 5363 6752 3202 8761 6663 1192 8512 7822 9170 8769 407 3394 4671 8206 240 8587 3407 2173 1304 4770 3435 7282 5406 7866 5208 5592 4846 5408 4968 9468 6256 7231 7138 3234 7505 7150 731 4696 5333 8240 5032 911 5801
5772 5647 4369 9147 97 9103 9316 4145 1288 6064 6845 1294 7580 6885 6278 1152 6608 1439 3599 9281 7236 4315 2006 3160 7543 725 2172 3048 7515 7504 222 5352 9200 5650 7449 5970 28 3757 4916 1026 3192 4692 5044 4582 7090 4913 1614 6904 5140 5900 6172 8032 9410 5132 9014 5685 1338 3461 6462 2003 9169 7531 8810 8346 7788 8030 2859 4245 7669 7981 8517 4466 6243 1713 5739 3761 436 7485 3689 4894 1057 4281 7446 3046 7104 6787 6216 2634 4924 1189 6103 5728 452 7283 1174 4690
6514 794 8928 2257 6686 3068 796 7338 3056 2570 1369 7252 7430 4184 9443 8947 2593 580 3336 8593 639 57 7858 5066 4780 5175 3706 9363 3397 5381 6856 2629 4498 8465 6884 6829 8503 6341 5304 3125 9122 8734 6534 8871 5804 84 7357 2767 5484 3775 9043 7180 3485 752 9457 943 797 4307 4478 8445 2287 8841 9475 1022 6309 3828 6816 9393 3831 938 2573 5600 1292 3308 8366 6442 9392 7645 1452 3879 7695 3099 2678 7766 7693 6168 6587 2051 7368 7926 3124 2342 2094 5896 7118 8166
9277 2713 5686 5977 4714 3500 430 6702 3211 7705 1844 4922 680 4045 4034 7901 8420 2352 4910 7525 1184 2773 1394 678 6111 9481 577 7060 7157 4321 1560 6800 3660 4553 984 5427 5598 4354 3762 6982 5320 3359 1126 4240 2520 6268 370 6836 7386 3665 7049 8986 2901 5931 1321 1109 1005 833 3876 3149 3866 4322 9428 6766 8038 5353 5432 1326 1265 8807 5105 7878 2387 1778 1981 7532 4888 7387 8126 3073 5812 8715 7451 885 2270 7845 3601 8979 4657 7027 8597 2189 865 6413 7839 1229
5637 2698 4817 9174 1199 4639 3477 4362 8153 5874 2996 5122 919 2993 2317 7191 3492 793 1976 4377 2055 2289 3356 576 6351 5106 9113 6337 6082 3511 7584 768 7770 4101 6903 9349 9075 7410 4203 8984 6084 1502 1648 8580 9439 8693 2035 9058 4008 2763 3011 4598 4086 3075 5335 7966 9089 138 5771 5350 2421 8236 7221 7444 4206 627 131 5367 9387 7035 7523 4879 836 7997 523 3966 6789 5966 7641 4363 2809 160 6594 6146 4840 3839 5678 3079 1613 1832 1739 1534 8251 108 3763 5837
7620 707 2214 5325 2498 4108 7712 5025 2168 9034 1681 7199 8952 3645 6247 4423 1296 3333 255 6203 8452 9351 1843 2340 2757 9476 3474 1898 2940 1812 8255 9100 4734 3219 4776 3537 1446 5923 6283 1601 9223 24 6343 7960 6135 8291 2505 6589 3266 2600 34 2974 8921 3235 9264 4760 7206 7534 4653 861 6357 6573 6688 1371 7065 9452 4816 9106 7902 7859 7299 5623 1822 8127 3135 7064 3348 8878 115 7259 9340 3867 40 273 9144 146 4936 1177 6250 3946 1959 6117 9297 5501 960 6121
7432 9361 3031 3411 7214 2632 6780 5860 162 7887 8460 2001 1319 3950 8897 9362 9181 7025 5640 1280 510 8002 3918 133 799 591 6086 6331 6224 140 3969 9381 8670 1118 6900 7352 1435 8988 8063 7129 550 1239 989 6801 6435 1867 838 9458 4537 5276 8914 8376 5792 2673 6321 809 3987 2660 760 3539 7687 7689 9026 607 2509 9006 7194 7499 4768 7936 1492 3164 5803 2601 3572 5446 7242 6571 6099 5844 3698 4033 6177 1746 3065 4316 2928 6989 6423 2140 330 2071 1817 2163 2393 3159
8812 2597 8137 3451 8982 2654 5806 3635 5665 1166 2145 4435 1025 8849 2962 1924 8286 6416 5192 5866 5274 4056 2762 2977 4522 5883 959 8708 9326 2293 3151 7421 7720 4127 2401 1788 8078 494 3227 6538 7463 753 4402 1032 4569 7364 8941 8017 1353 2147 1255 8171 3074 6429 8718 4036 5008 3707 8107 3403 101 8575 3182 6031 4785 7530 2595 8481 958 1101 7630 422 2031 9290 2624 1581 2528 5799 3307 2865 7058 6891 4822 6155 1668 8145 7390 7373 500 7549 1518 5856 6962 2109 8079 7271
2732 2583 5786 150 5489 1680 6160 2445 559 257 4059 4626 4863 6090 7919 8432 9436 2672 1759 5348 3816 951 5882 6738 6349 4965 1526 3791 2164 1837 8399 8060 26 1547 3801 8511 1474 4647 4746 1432 1141 6557 3 746 6355 1115 1584 2487 1738 7400 4632 1332 4669 6939 2266 1153 7158 5959 6917 3986 4295 5508 8389 6421 3657 4611 6916 7187 8925 9372 4847 9066 1662 730 5418 8261 6551 3717 8748 2485 6481 1428 7982 8363 4042 6393 6878 8339 5594 7613 118 9080 9464 9480 8022 6673
1323 939 8219 2264 1151 6007 2357 8561 6308 2959 5558 1274 2058 4253 4340 840 860 6384 9134 1988 3045 4255 7358 6259 1113 1795 7635 7114 7735 3386 2945 3699 871 7080 8881 750 1615 5935 1000 812 5309 5533 3991 3806 6242 9145 2457 8762 359 5662 5167 8510 1806 6986 7413 6018 1549 8803 4068 9146 8746 3018 8282 9401 2795 2491 377 4371 1723 7412 5256 5877 7039 696 869 7684 7560 8276 6709 4067 3432 7465 4160 9108 7489 3916 6419 301 8178 2521 5090 8504 6703 570 4918 6110
1472 5271 4609 5334 7445 98 8885 2441 3938 3959 4368 5103 6865 3810 6539 418 341 3295 8155 6038 1030 2679 4311 4328 903 5833 732 9479 3661 4896 9406 4902 1735 5536 1942 1763 7542 1965 189 3680 8318 4793 4242 9004 5885 7996 9482 2458 4215 7142 5941 7019 8341 8998 8067 6635 5870 831 262 80 8472 8856 4320 2640 6930 2764 8927 1952 7559 3284 1861 2747 8955 9345 3912 9337 3962 6996 1768 1015 8794 6188 2116 970 2455 3344 2249 7258 3447 4343 874 3423 1656 5152 3914 4644
8194 3243 619 3845 1083 185 7050 4216 9485 8551 5431 375 2680 3870 2918 6288 9073 5544 7 5439 675 4455 7475 437 641 2834 4821 928 1554 4914 3208 338 9353 4474 1217 916 4685 9152 981 1062 1630 1994 4103 8773 8954 7556 9500 1105 3666 7742 7414 5377 406 9183 3267 4000 2475 7207 2325 7078 1306 5742 1594 7714 3117 1137 9463 2064 4479 8199 1764 8506 3608 1408 8235 956 3069 8788 1833 9191 4915 857 3026 2077 940 2907 9120 5285 4982 9109 7773 6480 1170 1155 7251 890
3405 6218 5176 1084 196 6081 6695 8378 1156 4254 1762 210 2247 4001 6325 3677 4157 1888 6125 2765 5692 5354 5784 562 5048 4824 4144 3340 6201 8695 8683 5068 2753 7650 6039 3793 5072 5199 5649 767 3245 3051 7370 7254 8370 3014 8960 5313 3501 9445 7290 8479 1072 198 5676 474 67 2217 3992 2899 1380 3120 3535 4185 163 6692 3954 6968 8179 9140 2358 2531 5218 5681 5189 2095 7014 5310 2254 3080 514 6490 1972 698 5862 1564 2308 2179 4858 2394 164 3022 6496 1416 1558 1036
8485 4851 7347 9214 9380 8272 169 8709 5854 5943 4957 7975 3777 8413 466 2909 244 1834 1228 2684 1720 6041 8418 776 368 6049 5911 428 6187 9447 5587 6550 783 3577 5503 1347 4678 4448 5161 4829 7853 8666 717 3458 1308 100 159 9270 4334 3156 7210 3027 8728 4107 4651 8364 1634 4527 2837 628 3016 1479 8710 2097 3136 1087 7288 3651 9314 4015 5967 3644 3467 6060 3841 2663 1061 7096 2695 3824 6626 9070 5341 6271 2086 5169 5582 9182 7644 376 5443 839 3604 7649 6826 5808
729 1858 7904 832 6436 76 896 4763 5193 6555 1651 6605 8553 3525 4473 6714 3343 99 6440 7545 8911 5168 9187 8396 5318 8172 2546 5121 6575 1227 6519 3881 6890 898 8071 6769 6491 9491 7731 6336 7071 2522 6941 7596 8451 9338 9407 5904 977 3037 4633 3445 2694 5664 3891 3647 5635 5380 2453 7945 1293 1425 4660 1413 3263 3921 1646 6004 8000 8741 3838 7219 4142 1023 5116 5679 3678 4733 4200 2225 417 8544 6739 5123 1979 2427 6152 772 6741 4481 647 5749 4248 8359 5878 2156
7810 4064 1542 8303 1936 8124 7094 3622 2486 5255 613 1679 6267 2476 2943 90 425 2707 145 2543 1037 5902 4648 1414 9244 5817 4238 6977 7509 265 7612 6909 8918 5114 8312 8340 3544 1176 7184 5498 3173 7067 3722 8776 1320 6050 9390 1928 2780 8091 380 3440 7371 4909 3269 8840 2567 1132 1097 5835 4006 2803 1585 6541 5706 567 2267 5231 1910 5861 1093 4305 123 495 6649 4002 2948 1523 6463 2620 6212 3580 5802 1159 1042 7554 1482 4076 4906 9497 2541 2017 4612 9352 3975 1391
3482 6116 3885 670 1519 1127 7931 2302 4134 4072 2085 6498 8819 1689 7769 8207 8491 6233 2324 9149 8860 2167 4120 6290 9023 3205 8436 1918 7061 5278 6892 3852 3427 4693 6897 4422 211 5074 5015 1150 801 2025 3884 158 2466 9216 5468 756 9125 5135 1161 3686 4622 6775 9384 2776 2411 2272 6217 6327 1146 394 7156 8626 9220 4581 4673 5871 3933 4752 2743 2744 8415 113 3997 1716 7030 1481 8142 878 7780 7169 9335 617 1108 5910 2202 719 1875 1117 4299 4037 5504 1899 3901 1363
512 3221 6757 8653 4189 4892 8754 9101 2922 7470 8554 2434 1691 5522 3187 9085 2465 2271 7253 8770 6969 9431 8231 3093 8822 2674 5045 511 1021 7205 1318 2119 6678 7165 3416 5420 3143 214 2044 1944 947 571 2391 1282 5225 8061 7890 5091 6305 701 9328 4782 2704 4243 1529 4235 5926 9294 1328 4202 7741 4767 7377 7603 8132 2141 7273 3796 8522 6352 2171 5211 4996 4426 1896 1286 8753 1213 5422 1313 8192 3612 2818 4724 3694 3415 8469 2607 7335 8532 5672 7972 8337 6882 1647 822
8284 8625 1736 2124 4928 6391 8745 1496 2250 9327 2036 1877 886 3127 4077 429 8809 2355 6717 8701 4212 6624 7003 8733 4706 862 1673 284 6880 9395 7456 5990 5056 2910 2958 4953 5765 1110 1315 2623 3107 4967 2734 870 4239 7747 9042 5107 5117 5552 2504 9233 2341 7122 9414 4511 1144 5523 9317 4310 2251 4917 9268 8711 9466 2813 2482 6560 695 9160 6764 9347 2045 7397 6193 1086 5370 4465 5688 4606 2295 7701 7127 691 6263 518 7327 7688 4772 5297 2314 5928 1230 2208 384 650
3218 328 9148 200 6205 6409 4005 7811 6276 1455 816 1842 7576 8045 5906 6614 2068 3795 2275 999 4419 5416 3008 4296 96 7977 1941 3735 5619 3091 5540 5316 209 2056 9203 1749 6774 413 4779 5126 5549 4574 8218 2471 5707 1956 4276 329 2079 38 7020 1805 1608 2758 987 5590 5937 788 3223 8859 6142 7590 7647 4031 4091 540 7164 219 6596 1003 7424 227 1202 7240 9403 3610 1912 7978 5238 1661 8601 7293 3669 6609 5859 2256 1409 4561 7228 593 9454 7526 8935 5260 3138 841
41 6219 5697 3649 8652 5740 4325 2626 7292 6454 8365 8016 9416 8023 4679 1262 7501 6683 1049 4505 6592 3529 5658 2410 3514 6209 8500 3199 2988 2814 7827 5641 7627 2676 2665 4610 1169 2464 6008 215 415 7987 9278 4731 7135 929 8369 6792 2258 8697 2207 2961 5654 6831 242 859 7149 2277 4992 6777 4262 8951 7802 988 2946 5927 5824 4799 520 3324 1582 8685 1378 504 7642 2337 6282 7581 3588 3493 3983 7193 1198 3530 7024 4277 7054 8059 2157 6642 8739 9272 1664 5460 2248 6273
6586 229 7959 1897 4703 7608 2404 7392 9453 7341 7382 8721 3163 9487 9005 6825 3247 2449 5991 1357 5578 3696 290 3089 1242 6215 1815 4919 4013 8343 9499 9239 4404 2756 3837 1194 2024 1870 6708 323 3436 2386 1444 4348 87 2535 2326 3450 6651 9037 2712 6638 5217 2414 6713 7953 3380 5811 4361 6302 8072 5268 7462 5291 2873 6449 2903 0 2235 1002 3487 8735 8371 4543 2096 6287 5493 5756 1147 4172 4831 3559 2197 484 7872 1107 935 5720 4113 835 6241 1390 8029 6795 9219 9415
8684 4081 1992 8258 2084 3229 1461 2260 9195 3100 5893 324 2801 7625 6414 804 1786 6032 4705 5634 1243 9054 6687 2129 4718 4592 6388 3213 1195 513 6951 5186 1957 499 7425 599 882 2193 6861 8676 8329 2433 3305 1536 7825 9399 4532 7185 8958 6154 2860 6966 3584 7563 5986 7957 8422 823 789 1078 3406 7662 1935 2015 2738 4544 6354 1603 5237 6802 1521 4335 8262 9260 8237 3589 7633 6013 4462 3005 8999 5398 3021 363 2209 2080 2321 9394 6912 1284 2987 9062 4089 2519 498 5330
9052 8411 8876 2683 3253 6760 1580 4051 165 2856 307 4385 3191 2241 2845 1504 904 9076 852 1559 1143 5282 9111 8064 4327 7591 2790 8273 3579 6751 2122 6743 2724 6869 8134 2510 1240 2619 1250 4447 4070 5296 4813 6080 6418 3715 464 2301 3564 223 2781 9417 9302 1715 9289 6394 332 5409 8502 8942 2478 3869 3212 20 1991 4753 554 1467 8765 1578 5148 3613 8525 1421 3009 673 8248 2228 5774 8729 7752 7974 971 1881 8294 884 9114 9375 6056 5277 3730 3039 5984 9296 8505 9000
3172 3273 2192 7175 6894 4365 1950 4568 1437 5355 8564 3621 1800 1290 5955 291 9177 2218 4128 5444 3112 3960 2061 1103 2554 4161 9315 5673 8332 4214 3300 4579 986 3302 3594 6137 5585 953 2746 7767 7162 4169 7676 6602 1665 6386 3076 3542 6170 4876 2506 1845 7668 6870 1193 5680 8992 4416 2288 1985 3374 4972 8430 2540 653 8159 8940 2587 8457 2127 9068 3122 2854 3066 7102 7268 6701 2395 5340 3217 7897 5088 2392 1531 5314 295 6150 1048 69 4844 1699 6318 694 3442 8296 8270
4712 4732 7640 6033 8414 1098 1175 5702 1779 8570 2138 899 545 9298 321 37 311 3835 6066 17 489 1995 589 5049 6371 8717 5645 3476 6059 7569 6682 3755 8103 1362 3301 8094 821 4542 2244 5962 679 2733 2328 2739 7004 3169 5561 6807 9413 1879 2232 4749 7537 606 6161 8368 4313 6879 502 8215 8200 1172 7698 1849 2263 2642 4530 337 5512 4271 6952 1742 6297 9119 5939 1339 1949 2397 4927 3802 2954 8783 4137 9365 7491 5987 8380 2939 5825 9086 8883 1079 192 4079 4618 2920
8267 5597 1617 8875 1527 6206 2444 2088 3457 5351 4372 687 2701 8817 6016 2823 6597 6691 7533 5160 8292 4745 8933 1799 5830 9471 1866 6526 8408 6864 662 8939 3508 6140 318 9 710 6998 4875 8263 8592 8321 7121 2472 5518 3753 9440 5142 7572 742 4955 1008 6755 5223 8393 7899 9323 2489 6482 4880 7864 8161 1637 6089 3716 6370 3207 6235 460 5385 1811 4833 2165 3362 819 751 7631 1051 7291 4838 9131 6113 6021 4026 8636 2562 8801 5366 303 8654 9383 5379 9139 8431 5491 2073
144 9251 3038 6402 8281 9364 803 595 2470 7670 5657 9158 4865 8122 7666 2525 25 3194 1587 5119 2849 8036 3996 724 7643 4392 8567 8462 2502 8732 2655 1631 766 8657 2693 2131 8076 3540 7865 8704 7659 2106 4523 1653 8020 5703 5515 9483 4346 6426 4088 4442 6377 2512 4815 5035 4603 6734 3047 3752 6023 3371 8712 3971 5670 6898 1625 1383 8740 5264 3748 4681 7209 7828 3013 2069 782 3491 1770 7943 152 7907 5735 1865 2875 2839 7131 2960 5669 9321 655 1375 6109 8249 7754 126
3628 668 1567 5607 9099 1586 9133 7800 6001 9115 5644 212 4676 2353 3433 5461 1134 9082 7920 1348 996 6381 1621 7374 6632 54 5579 1702 2553 4635 8116 5867 3332 1493 1655 5809 6629 7174 8041 4985 2649 3000 8572 116 7922 2269 121 7248 7440 9359 879 1750 9197 1142 4133 6577 8253 379 9429 4023 3283 3175 3378 31 1766 9016 4409 1358 6376 9046 4806 8752 5400 9274 5925 1712 3215 4891 3352 1791 4941 156 5075 7385 1694 6024 8964 8641 3963 5575 9253 4555 5308 1340 6226 702
161 6706 3512 933 1610 3270 4887 1540 4656 8392 1211 2898 8843 1772 3704 8610 7342 1487 723 2060 1183 9370 3943 3797 9041 1092 7763 7213 4990 632 4154 6269 3952 3334 8117 9222 286 1859 5190 2872 8884 4602 9117 3658 770 6363 4207 5960 2821 2884 9072 548 5909 5816 184 4754 3614 2851 3853 3567 3373 9246 2413 4217 7500 8966 8906 9437 690 1785 5434 8325 4129 4628 1878 8854 5346 6094 845 5312 9282 2692 3494 2791 8198 1238 7316 5711 6911 74 7422 5358 8204 6920 622 5099
4751 8006 9465 4983 343 8663 5779 5060 2133 6087 8068 1454 1090 3676 8018 864 9039 8356 4649 2997 2290 3410 1557 7052 7588 1530 1703 3913 5589 7655 9184 8108 6323 5562 5733 543 7246 9331 8649 1412 692 5624 6574 7835 3764 4460 4304 3917 967 8125 6925 465 1458 5010 3697 6387 4050 6144 3782 3346 5085 8894 6280 8375 2994 1803 4171 9166 2727 1181 8239 8105 4375 3972 3110 1583 2841 2450 1810 8650 1782 5233 8033 6095 4591 4302 2026 8035 9009 5024 9022 3189 4121 5476 2029 945
5858 5478 2384 2198 8599 3641 5933 952 3999 3846 1874 412 7868 7321 6373 8953 615 8659 8027 4491 1464 8146 1285 9386 1611 6956 1982 4053 6736 1966 5047 517 440 4210 8400 1856 5759 3092 7824 5948 5007 7460 33 2049 6660 2200 4222 1277 3323 3413 6888 4196 4908 6980 3292 7303 4571 2616 3504 6763 4528 19 9180 9231 1876 5721 3489 1724 1700 3007 5611 3557 7262 856 8985 1197 8651 1528 421 2020 182 7367 6403 8842 6833 7215 5875 2905 2334 7553 7190 7679 7745 4397 8316 7494
8287 5118 306 51 3780 3920 2063 8191 2118 6924 2831 5947 7089 1706 6528 9358 2499 2210 5819 4258 5378 5855 9368 8816 431 6716 8441 8181 7661 7360 7249 5293 7874 5029 4820 1494 4570 1659 3626 4405 5262 4463 4791 758 8595 4700 777 112 3228 4109 533 4691 4153 7555 5257 9276 4237 2166 5796 444 4741 4166 4843 4625 8456 697 9366 8936 1657 7029 7408 2915 1099 3675 3190 3865 2344 8691 8787 5989 374 6512 6612 213 8357 6846 9137 2178 8638 4788 2602 2030 4278 7334 2227 3200
1089 7807 7664 5572 1106 1350 260 7623 8404 5307 2273 3096 9035 2070 95 5901 3640 6568 4758 631 779 6537 1515 6554 8880 5580 4261 6770 3942 4979 6834 3142 7426 6178 2589 266 7437 2286 7683 8563 1075 5884 2868 3430 8539 830 1291 1343 6096 5433 4125 654 4093 4338 7438 689 3574 8244 4636 4873 718 2968 4616 2319 3682 7124 4524 748 1123 1462 521 3817 6460 2879 6222 720 4259 2792 2572 774 6392 5104 7621 7192 6405 3939 3094 6790 6915 2544 1710 7476 6843 2706 2440 2867
2637 2969 1283 6097 1752 549 6189 3030 5894 2019 8896 3168 2782 7101 4359 8348 1933 1571 5371 7726 6254 8542 6277 8583 9061 2224 7985 3705 2817 151 2182 7516 6857 8777 8781 3638 8976 172 515 9342 7702 1809 1182 3576 4798 9188 6601 6035 1915 6165 4319 8310 3924 2931 5800 8946 2742 2303 8635 7667 3023 5033 1663 713 2723 8668 9154 3282 3446 5814 2628 4757 5376 4461 7001 4827 3814 4951 998 8405 8742 3878 3241 4650 5076 381 199 8853 408 5457 7235 2816 1418 1272 4507 4533
8667 8749 3289 352 1745 6902 8419 8929 395 2615 4132 2382 3255 8315 7125 1902 435 8164 3185 4960 7521 3583 4269 5182 1525 7829 4652 1200 5004 9019 8565 6583 557 4641 5973 6669 149 228 1508 2720 3759 805 5485 1302 6948 1721 8847 6875 275 2040 9096 1016 8584 4122 8086 1570 1572 847 316 8010 3276 5554 35 1148 5625 3560 392 3710 5009 1190 1784 8437 6817 353 6950 2721 3268 6185 7759 4374 2731 2690 8694 6513 2022 6720 781 7834 7619 1538 6372 366 3216 4143 2349 4399
941 3747 8087 9224 620 6906 8731 8496 204 207 2312 4566 446 8617 4106 442 2539 5529 1440 4766 9150 1136 8058 6335 3249 4869 5243 5513 4014 4337 5965 5170 2585 7743 3578 2696 3742 3204 5942 7762 7006 1351 688 239 4593 6136 4084 4497 175 4293 681 7776 792 249 16 5712 8576 2362 1522 4520 8047 9003 7348 308 8391 2107 612 5095 6976 8001 3783 434 8646 3140 3948 3974 6937 634 3787 2162 2136 3064 1179 8034 8569 8102 6350 3183 1241 8607 1574 2304 2779 8467 32 8915
2671 3108 2033 9295 6645 4984 7578 7345 3843 7723 2722 8402 4997 1562 8802 3165 6914 5671 5698 2108 4580 2588 2497 9236 6065 2793 588 4065 9234 8858 9336 4871 2412 6266 4689 7751 3318 7117 2213 1777 848 9484 1317 336 5568 7324 6499 7111 2484 4771 1082 2709 722 9204 5613 1352 3028 6679 5063 1871 2112 6521 8598 7203 7250 3769 7646 5881 410 82 3726 9301 7363 3238 5642 3798 9168 8234 1984 5499 4604 1883 9123 5289 2618 2087 6227 6556 2285 5402 1256 2557 5818 1853 1400 843
2160 4808 2117 8862 2065 4614 7951 8698 4588 2405 6483 5980 1397 2923 5979 4412 8434 5464 6753 1330 7561 105 9398 4737 7817 3856 1431 7992 1114 4686 2104 8991 6495 8920 4740 524 9306 3230 7133 6190 5704 5736 7880 7888 2463 6184 7986 2378 6707 3893 7539 1402 3058 5548 3310 1046 5889 8873 8515 3248 7949 1907 6292 5249 7167 6338 1470 4991 2990 472 5691 5903 8545 525 883 743 3684 9305 7830 8352 1149 8727 1329 6958 8077 3257 1505 3019 6047 6926 6296 4432 6051 7571 5487 8054
1019 6129 8758 9262 2944 3872 6406 6133 6456 4263 305 9449 4500 666 4769 6552 6694 7765 1480 6173 2456 1836 6905 5144 3812 5382 3506 8805 6771 3591 790 2351 4832 2255 4698 1028 7435 7308 2736 6908 9280 5403 4476 1781 6798 4175 3210 8611 7882 7343 4146 5003 486 8937 791 8269 6838 8961 3859 2187 3017 914 8144 3868 7968 7411 148 4469 891 7548 7915 358 3709 3928 8473 5851 7564 6781 6765 7331 1629 8627 5722 2396 1743 1403 5868 8395 3294 9175 8931 2614 4406 3618 1044 5375
2685 1449 1236 6984 1122 4168 3664 4110 4661 851 2402 7648 4265 4324 7461 7088 3063 9261 476 798 6119 9344 7913 2363 287 4382 7756 906 3556 2893 4257 39 5034 5714 6823 3970 1203 1880 1436 4394 3957 1906 8582 9325 3805 8618 3582 1337 7615 8825 6448 3951 8865 8669 7466 4459 6630 409 3354 3181 1671 5829 6839 8864 955 4370 1704 535 1245 3581 4380 6585 2892 2682 6623 850 3177 5120 2658 8493 6091 5179 4390 6310 5302 1410 4597 8637 5976 3949 5576 8519 6034 3231 5283 2053
8085 9367 398 9430 1639 4925 5322 2896 6785 4308 5541 2407 92 2459 1130 2894 468 2981 2590 8673 5036 5964 8527 7313 5022 1299 6803 8377 1247 3842 6935 5017 8830 3737 4725 3503 493 7607 8225 8066 8062 982 6680 6433 1908 4687 7287 818 7270 5131 1258 8547 2686 9167 7383 6522 7737 2423 5394 5865 4861 5164 3285 1553 2786 8483 4495 6761 4256 9083 271 7106 5016 277 3150 6439 5281 6005 744 7048 2612 2759 3857 1835 6666 3935 3523 4487 2929 8323 582 1775 2804 3732 7849 7361
2276 3419 1160 1954 5040 2930 2697 9211 7912 5951 9044 6067 7850 9215 1824 820 6441 8916 5213 2170 77 7660 5454 1905 1885 4739 5187 2279 5869 3819 2532 5079 6151 4246 1248 7310 664 2041 7520 8655 4022 371 6312 5748 8834 2566 6316 6231 6889 8421 5246 621 1986 2234 1551 3829 4663 2703 4510 2002 7925 5414 712 5125 4225 3811 7820 6274 7328 4837 7923 1095 3685 745 1828 1336 5224 8530 9040 3387 4287 918 9293 1466 1167 9049 4373 5537 4446 4723 8664 9427 4100 6580 2530 1259
5588 9257 1201 176 8373 8487 7063 5601 3741 2836 2549 5077 1929 8713 3729 3555 8228 5054 8969 3517 6164 765 9420 5263 8243 8609 9018 5295 6115 6949 7265 2501 6607 3349 3794 9426 289 5067 7796 9024 4704 3541 8930 9217 7113 4449 6604 8003 6329 8919 5019 894 7856 243 3462 1488 3973 157 4350 616 9503 5475 677 7885 3261 4092 2292 6759 6933 8229 3897 8083 963 7812 3114 7455 917 9047 3176 1698 4989 1771 7906 1917 5998 3994 4041 8130 8471 4486 8967 6558 2300 6782 7473 270
5573 8482 8013 3847 1719 3178 4135 2670 4297 5455 4288 5111 957 1934 7893 3833 994 449 6029 2390 5708 4074 5838 8838 9012 346 1473 8285 778 912 5550 1592 1717 9171 7040 2298 4642 8790 2047 1641 2633 6015 6417 8111 1038 551 403 8509 6671 4272 2369 5438 1801 3128 8983 5134 1514 8401 944 3326 6364 665 529 3083 8507 2985 8887 8552 8665 1887 5500 2137 1040 8965 4599 2335 4882 9161 4393 9285 4102 7840 558 5294 8100 7933 8799 672 6972 2984 8980 5751 7093 7815 5663 81
5101 7722 5538 8223 5798 3998 203 2921 2354 8600 1737 3510 2924 6999 1020 7686 6749 6778 649 7784 355 3590 8899 433 1676 8425 362 3256 6652 7081 5229 5212 2039 5055 7909 5467 6746 3439 7278 764 190 806 2230 5747 2622 769 6009 5315 6073 980 4470 7399 8216 2462 5606 6503 2223 4727 3818 8738 4584 8917 8254 1453 1552 4490 4035 5171 8227 7211 1840 3788 6270 7074 3281 651 7013 6506 9172 6320 7097 700 3388 5845 5360 6501 5510 6330 1774 1246 9329 8574 2787 6171 89 6907
9292 6159 6489 7585 1556 2420 5535 3671 6582 2886 3815 3899 8260 5949 8313 5944 2211 7694 4755 3956 644 4886 21 5565 8311 4738 141 5392 8039 3929 4658 8624 278 8214 5001 8971 7946 1819 132 6356 6508 3609 4884 8031 4807 5042 7439 4384 6704 2725 736 2371 4796 728 1640 7836 8499 6954 4115 5306 2802 3909 3919 2016 2076 3042 8987 3365 3468 6472 3915 7665 5196 7832 9419 2972 1904 5954 975 7950 4795 8057 3550 5832 6576 3625 4011 1081 9459 8764 4849 3976 1027 1270 6922 4701
1728 3379 8278 2639 5492 5593 5206 5974 579 8674 3773 726 9225 4347 2377 7356 2677 9271 8529 3347 4713 4747 4066 2711 2745 6145 4933 127 605 9063 1483 2100 1638 578 7713 5583 737 2751 997 6179 1516 7339 1884 5181 8892 248 705 6210 8252 7230 8848 8829 8440 5490 4608 6659 6619 91 5242 1882 2538 9060 470 3299 1626 7699 3004 7404 1855 4156 2074 2826 4964 6014 8690 5448 7519 568 7785 5914 3088 936 5773 1158 8098 7638 6333 2973 6559 6542 2364 7871 626 6457 8444 9377
497 5659 2942 400 4492 826 2105 2752 2318 2430 1145 4061 2120 2474 5531 8301 8774 4493 734 2048 6071 3683 974 5791 6862 5156 3905 2194 9218 6123 6946 7971 3312 6054 6928 4477 4643 7355 5849 1204 2714 177 4617 4197 373 6258 6943 4862 8870 5879 1001 8562 2675 9310 4848 6877 1070 8573 6284 8195 451 292 1249 3708 288 9199 3858 3779 3313 9095 5717 7634 4986 4962 2191 908 3808 658 5775 4425 7798 3844 3597 2864 3712 3592 3911 18 7325 5127 2259 2807 1632 3767 8475 6012
1825 2184 6700 3733 8 4063 36 8442 2812 527 5113 6385 3532 6076 7851 5084 1064 932 3353 6245 1116 7309 3784 4629 4519 1977 598 7077 3695 7036 4413 8541 3050 1168 5750 4178 6919 3936 1196 2681 5328 7340 179 4662 9094 391 3978 7053 3904 8700 304 5163 5700 7320 6303 4774 8289 3633 5251 6093 45 2568 315 5258 5359 4619 9013 4973 1604 4352 3497 1652 6518 8714 1672 4783 492 9098 3368 4017 1600 4090 6754 7302 5339 4627 1345 9396 6872 2716 5197 2936 2175 2571 8410 6334
8785 1687 6214 7831 2400 5843 7843 780 3086 8008 2008 6074 2662 6346 721 2436 5618 3418 8994 7301 1154 1589 8846 1163 3985 1569 4974 7886 4551 6921 1511 2374 5919 7895 6380 8446 6690 4818 7749 3102 4060 5655 522 7573 1012 6814 8874 5230 9502 1943 269 8932 5483 1831 3673 3113 7606 5014 3456 8173 2066 5701 3361 197 4939 4186 656 4429 537 1900 9057 8279 2897 44 3179 414 8424 7761 5374 129 4007 6058 2148 5436 979 5783 259 6510 4211 4630 1014 1537 6186 7488 991 3981
5267 5 7227 1162 6578 6360 1096 8210 5041 3653 3233 8798 5497 4141 2144 5781 5505 2970 4289 3225 6567 2777 5805 15 93 8882 2419 8494 4715 534 3471 3605 6079 3648 9189 7179 3531 6432 5204 3931 1426 5958 8793 4163 3713 7497 8233 2320 2534 4531 3252 4499 4638 5898 3220 2771 3044 4883 9232 8398 9241 8004 1596 7750 1052 7973 8689 3534 1609 5610 3693 5842 2635 2323 8571 4280 4345 8015 8265 3049 8702 2648 5410 5605 771 1063 1926 3275 880 4124 3084 7492 1053 4038 738 5383
585 1983 8447 130 4130 2866 7011 3012 9110 1424 6037 3214 7574 1667 7264 1477 4870 4885 5763 378 7082 2130 3873 2467 2154 4247 2081 2004 6213 7045 5426 6799 5292 2428 3562 4801 2381 8975 3384 3222 4273 1356 3057 4855 8277 4735 357 8719 1920 8326 4912 8820 6515 5675 7498 3654 3832 2699 1251 110 1707 64 9472 7256 322 6253 3861 488 401 4940 3934 4234 1939 2833 6420 6697 8190 1368 1220 8307 3328 2904 2451 2857 5089 6809 8266 3727 6824 2847 3131 109 8466 7083 3330 5452
9116 1367 2037 7263 8152 9460 218 4645 6524 8578 2895 1697 7738 6324 3129 1767 5488 3568 1682 7748 1588 8490 5097 735 741 344 9354 8996 7495 3029 990 8755 4620 456 4932 3061 8409 6827 8633 2819 4792 7427 8327 2627 5627 3551 1848 763 387 7044 9405 2726 6389 5924 1945 2938 4111 7604 3167 2186 2582 3674 2090 2772 8743 1722 5971 8747 2054 42 5785 4204 2794 6853 4452 5738 3429 3226 1627 962 6427 1568 3786 3055 5252 217 2576 4457 9496 1029 4825 1252 2737 2443 6737 3692
1067 396 8474 3272 4961 4930 7541 4716 8550 6487 6458 7381 6640 7857 4326 4665 8557 8978 5514 8052 6404 6918 6927 4219 2708 4789 5516 4946 7734 7212 5450 2647 1100 1422 5507 715 6648 5753 1058 4054 5000 6083 7697 7286 7940 1948 7917 8606 8720 2306 6475 6767 8388 1628 9299 4878 637 3719 1178 6055 3174 6053 6657 6046 2552 3823 3105 7692 4417 7508 3443 4667 1755 4309 3059 6527 800 5636 4702 2668 924 7260 256 3351 6631 5848 7304 5158 3552 6644 8536 6072 8772 3900 3495 135
5005 2625 5770 3593 7979 3533 7892 8189 7487 6971 1674 3274 4312 5469 4646 1205 1133 1157 8338 7503 1 7718 7123 181 8903 4802 1789 1269 3993 5957 2691 6194 8516 7952 3197 5288 3888 4047 2551 7066 3322 5151 333 3947 6665 2609 52 8831 2606 1620 9001 8632 4683 8973 2561 1960 1485 1913 6871 2885 1489 7651 4503 9008 4085 9092 7984 7844 388 3035 7860 4595 8682 5769 5037 4803 3470 7540 3303 8154 4148 3989 2201 2365 2730 3825 6992 1829 9263 5821 5794 5069 8383 5425 6603 7551
6595 1524 6842 3473 6075 7204 3571 4177 5952 7196 3321 1692 2702 2829 496 4003 1289 930 8661 2322 4123 4329 7808 9357 9494 3460 5195 6286 931 5836 3236 3854 5639 4905 1433 6963 5356 4881 2563 6257 137 8629 5938 5963 3736 7378 5459 6548 1071 1495 3355 563 966 4332 147 6813 8119 5807 566 3894 5412 4675 7442 1550 4980 1909 7826 5891 1851 6851 5437 6729 2368 7108 2075 9059 5247 6747 3279 976 3242 4682 6653 4181 6062 7656 4071 1346 4400 5543 7610 1850 7998 3264 5395 3480
3804 1709 6367 2621 3632 8603 573 1838 9288 3731 4096 1212 1180 9385 858 2863 5887 6459 7567 3006 2135 8147 4344 711 740 1726 7084 9462 6396 487 1807 9382 7632 221 5391 3184 1066 954 2012 70 5724 7351 7565 948 9088 9461 6232 9165 2741 973 3768 8299 4018 1618 3141 3634 8156 2110 7038 676 2916 8412 564 7846 7257 597 844 7626 8513 7128 3670 6643 8065 1373 6166 4565 2778 8535 66 1987 9438 2346 6477 4052 88 501 365 7099 9322 3239 6494 7861 5630 4764 3119 6451
6883 1475 2507 6599 6531 1173 7622 3188 2603 8823 6563 2297 8602 3306 8426 5011 1740 6588 1398 4659 3401 6272 6805 153 7329 3070 6913 7394 610 5936 441 3906 2503 9474 3036 6735 7436 7744 5620 6611 2102 4444 2294 5280 6979 9030 1459 1011 6169 1497 1507 8177 4046 1054 5162 4058 6265 4298 5744 1033 5384 423 6685 1185 3171 2811 969 1278 6052 7582 6731 7055 7075 3111 7795 6400 420 3961 1684 6676 427 78 2373 6431 3396 4575 2848 1374 9045 7366 2153 4285 4975 3923 6674 6473
4187 827 4314 5435 7955 1894 942 3977 4797 5442 2 4012 9324 7177 1602 7152 3404 2760 8026 9077 8612 4351 1624 5061 6646 8686 4114 1520 5027 334 553 8184 136 4506 7402 4032 648 5083 3366 3203 5787 4935 6569 6724 1224 8205 3072 9124 3198 1793 5472 3444 3746 4286 6553 8384 8879 6453 6461 6991 250 8656 2206 1187 7918 1688 5730 6191 7478 5841 3570 9269 6997 7970 4577 3607 4872 6497 6395 7894 1544 8963 1990 1730 5232 2488 8662 7033 2518 6634 5920 7092 5445 6430 2548 1677
867 6715 1125 2835 6088 3115 1946 1468 7618 4290 6167 8247 6446 360 5039 7241 1235 699 7963 1873 4176 8257 4484 5205 3148 4183 3121 1864 2729 7944 2788 2982 7220 7746 404 8730 5586 4152 1111 367 317 2495 10 3720 5273 5261 8924 1457 1951 7109 178 6141 1404 9229 173 4292 450 3771 4489 6975 2185 5173 6307 3339 2479 8220 5969 1563 405 1575 5764 1406 7583 4508 8349 2159 6410 2650 3944 4367 6615 8922 5456 2190 4736 8176 9275 5202 3549 625 3739 4408 6044 253 9388 2280
2180 7787 1606 4525 312 6162 6533 6132 345 1919 3459 9444 6732 9418 3650 2853 8448 5616 73 6504 7783 6654 8620 9002 2350 2999 2799 4784 9404 565 965 1434 4512 7879 8750 6098 5098 8080 5916 2955 1386 7359 9400 6858 473 3311 1365 7417 1927 2343 2766 6322 5065 8290 1165 6561 7197 9240 4016 2403 2151 7160 8468 4467 4415 8097 6610 3980 4180 5430 7384 4893 897 2226 1124 5945 6579 2971 7513 4557 7046 7790 3770 995 2481 6584 3615 5298 8716 4227 4640 3369 3623 4809 9031 8304
68 4959 1441 8643 2559 8486 5234 3758 9230 8406 8104 6468 1675 4613 2372 7041 5890 170 6464 6319 3860 608 9334 7799 8280 2113 8501 6229 4672 2078 471 581 9424 3133 2657 7729 6859 2598 43 541 234 339 7965 9389 6408 1091 5421 6478 5087 8090 5622 2855 1355 310 5918 8217 4 5300 8687 9300 14 6108 6028 2000 1616 4521 8675 2176 8977 3930 709 2038 3402 2862 3624 3147 8331 350 4790 2243 372 3546 6342 828 453 4756 4094 3988 7502 258 5545 8226 1077 1085 5790 4167
5778 2477 1546 6344 8904 5656 2941 2238 4631 7838 3001 9477 2989 4173 6175 29 2429 6710 5311 1650 2840 1335 8019 2011 1393 3864 59 8186 5241 7047 8201 7842 2057 4976 4836 785 2789 5652 5329 3848 1776 8069 8760 4988 3180 2093 2882 5200 8344 2596 2219 106 2313 7429 6783 968 5643 1860 6849 1267 6848 2158 5052 749 2956 6043 7134 5214 1417 4762 1732 868 8382 6873 2556 9348 7028 2575 978 8131 686 7279 5345 4358 8886 7369 7939 5982 6532 1471 6953 252 9226 1300 4730 8347
4943 630 5301 4451 2222 7774 6967 8007 1376 2437 5907 3702 55 8259 1903 5983 3424 8779 8560 5758 3271 7964 9069 9185 1438 4677 3317 1139 193 8726 7910 448 1009 8568 6520 5591 7875 807 4548 3395 1821 8744 1599 8548 3629 4195 5028 7711 7172 5495 7896 8926 8129 6932 4209 1765 2425 3251 5108 6756 3286 6255 4233 3441 1823 6525 7457 1974 8136 6314 361 5094 5556 547 2664 3611 2964 294 3357 5415 1276 2348 6507 9208 5100 716 7091 3548 30 3524 7281 2715 6661 4970 4554 9033
4621 3201 536 1131 4852 6994 6006 7535 5124 6092 6988 7332 8844 1579 9489 7337 3132 7312 8639 2579 5021 2998 7653 6516 2409 5326 7707 5073 6328 4170 5174 1780 3052 538 7330 3750 5102 1287 8196 5188 6149 2333 2099 1076 7614 3984 8167 2376 4971 5577 846 445 8361 6248 7657 4388 539 2204 1445 2089 6428 8463 4995 2718 7056 4562 4623 1073 4341 1696 8120 4095 2010 86 1102 1642 5321 8350 1465 6863 8644 8497 1931 233 8699 1017 2494 102 4441 6174 4282 2508 1796 5053 6705 8863
296 9221 419 4306 4977 325 3575 166 5219 2611 2169 5153 8938 5797 6784 1761 4969 4835 5078 5660 2311 4717 3760 4624 2442 4748 2838 2806 6945 7740 4218 9376 7818 703 2547 6693 6762 4867 6279 3153 1643 8288 6547 3895 8944 5239 6438 854 128 2091 2454 3454 7176 5584 83 8949 3863 7685 2755 5275 4552 6820 6581 1298 5451 3892 8909 171 5815 6959 8275 7587 2356 1573 7285 8149 389 8630 1303 8751 6230 2912 1993 8526 6207 3681 5934 7042 3455 6359 7277 469 6543 2769 5975 1747
5776 1670 7821 3496 757 7481 3240 5972 808 8495 8797 9118 8900 8957 7009 7935 6399 5396 7898 7792 6045 2749 8901 4162 348 6786 4777 6332 6696 3990 5596 9486 6208 7709 274 1331 1889 2653 4020 6147 9369 4759 552 6195 2710 2876 1484 5222 4021 3967 22 3543 1226 3367 8082 2121 8934 1261 5530 6505 2361 1998 3304 2415 964 331 3569 8109 7163 1509 9287 6852 4057 208 3157 4378 2932 3358 5617 4330 7322 9319 3417 3316 2937 3288 3502 6102 1135 1271 2874 5407 1891 4436 1591 5401
7018 6938 6455 7988 4043 9126 6698 3101 4098 1686 3130 5864 9151 3265 2492 2661 8604 261 5466 180 4550 7727 7781 7017 8538 6745 5932 4540 5940 575 7232 8559 5128 8084 1207 1411 4842 2881 8053 183 5603 1711 3886 6085 5734 5226 3880 7201 8043 7458 4826 2150 1654 5648 6965 5695 7002 5462 5082 3067 1854 5850 4353 459 877 5344 6048 6944 7423 7989 2951 8040 2785 7671 267 4268 3922 9178 8050 949 922 5715 8330 633 7297 6249 4270 2934 4841 143 4877 787 6564 6445 4804 1450
186 3714 4860 9467 8974 6718 7881 2261 3465 2007 8203 49 461 3186 3937 5397 5761 2963 4138 8005 4099 629 5191 4230 8300 7107 2659 2599 907 4260 6772 3725 7863 7353 9036 2422 2784 9143 7295 3466 6061 2246 7170 5961 6847 1971 556 3663 3082 7407 915 3982 7238 2527 3287 8757 1565 4407 8208 2843 8889 3979 5559 5527 2646 2309 1863 6794 225 1405 2253 7558 1841 8795 1787 224 3291 9378 232 6808 7289 4075 7847 7034 1208 6199 7672 8256 6881 6101 2536 8950 6850 4670 8042 4480
1275 5839 4482 7198 4264 2125 104 5892 6699 802 4947 7490 2128 9093 1577 1802 7579 2426 8518 6078 3630 8594 5517 6832 5336 4634 4331 8533 7823 3617 5621 1216 8381 9157 3827 7284 8379 9186 6345 6572 6942 9163 9027 1309 3701 7245 8157 2558 6304 2265 3528 8213 3526 3521 1361 1297 8784 5528 7568 4539 7223 4383 3545 2181 7452 2183 6252 2240 8174 5081 2032 3106 2565 6237 1539 8049 134 983 3840 7961 7469 8394 5279 6019 661 5876 2331 3662 1128 4607 8585 7161 3896 4903 5365 335
7512 7999 7480 3595 5532 7043 6910 8616 3602 1566 3652 8850 8158 399 9029 7719 8185 4182 7983 1420 4564 7942 6893 3399 9248 6511 9313 298 7349 6886 4954 7103 3196 5207 4694 784 3054 7086 8647 6868 6957 2952 4336 4546 635 1254 3338 3728 5155 3855 1056 7517 6730 6934 6488 3331 2871 7225 5112 3573 2385 8672 6627 4775 4937 7401 8531 8837 4952 2526 8143 7486 9138 7147 623 1932 7472 8736 895 5424 9245 3875 1868 961 1973 5726 4898 7600 1140 4174 4044 2719 4241 4055 3010 600
4890 7628 6822 3672 993 5020 7524 9339 5323 508 7389 3428 251 309 3464 3481 516 2205 7068 923 2439 9176 2233 7814 4899 2513 7616 7391 2810 5110 7350 4950 3749 5831 4942 9355 1069 6628 4981 6545 5626 2236 1206 8806 6068 6010 3118 2666 674 5270 3170 5287 4224 2574 8182 342 6383 8454 2447 8680 1257 2610 1366 8623 8264 7764 4439 7141 6127 3126 7178 1399 4897 2339 667 1094 6670 5338 5853 604 5574 3723 5440 9441 6000 4993 2389 2367 5404 7813 8024 5553 7598 6469 1447 8245
1548 8645 4596 8387 7682 863 7962 3032 4781 9256 168 6204 4556 1221 4578 9469 1999 6415 7318 1541 5509 1385 3603 5682 4615 4155 7677 5988 6565 327 528 5946 3627 5732 8099 7306 7168 8374 2991 6126 544 5524 6797 1263 4854 4839 3448 1814 8250 5372 1820 6667 754 5905 6474 6197 3826 9007 4547 3463 2115 6437 7218 4719 6876 6493 2398 9011 2042 6788 4073 1757 5719 5895 9455 6366 5551 9081 759 888 4590 3598 8867 8706 6987 5138 8367 9055 3041 3123 2524 7395 1460 8429 480 7869
3636 1231 7403 5327 2134 3774 5743 7183 4226 9470 5428 755 7528 1678 3260 9198 727 6134 6244 8579 4978 926 7511 2869 2296 7797 8835 2967 561 4283 3414 5519 1311 478 5996 7317 75 4761 6104 762 4605 5511 1486 8767 6600 1961 1744 9350 5203 8821 7269 7793 909 1513 6791 349 3097 887 462 6291 3246 2493 8461 2796 5286 4201 6293 1636 7062 6100 7782 4454 1980 302 2146 50 7434 6593 526 4424 3154 4963 8508 8696 6128 2927 2195 7454 4379 901 1808 4411 7772 4082 2500 4966
8163 9021 1733 8112 241 1047 6017 5413 6728 2216 1633 4572 3034 7527 2900 6379 3382 4231 601 3327 614 6036 8428 1923 7057 3799 7100 5723 7095 8188 2123 1210 8993 5209 8804 6641 2800 8648 2005 9371 6633 900 1164 3995 5595 5145 3498 1826 5369 1930 4029 7753 4232 7148 4721 2815 7243 1893 1741 2564 4140 8320 8989 6251 5447 2705 4105 4118 9135 6566 7507 4438 8489 9136 1533 3244 2360 9065 4139 4666 5393 4249 8074 3765 8362 2889 3195 7195 9332 3871 2424 4586 2338 6466 6264 393
7506 7023 6740 509 1685 2774 2877 5992 1695 1448 4576 4949 1510 4025 7819 7224 8893 4188 4485 9193 6434 3342 4600 6722 1469 1783 5419 6895 5317 2114 5305 1846 8360 1886 5915 4220 5071 7852 8588 2418 8549 8477 7409 992 8907 611 1532 574 1645 3898 167 4097 1279 11 1372 3743 9373 245 7976 8913 7993 8212 7298 4208 2517 8148 6234 8271 6401 6239 1955 5201 6470 5690 2111 714 4381 866 5453 111 643 5567 6650 5018 2822 4926 8514 4301 3062 6211 3778 9048 5465 7031 3103 7934
7296 5441 6163 7715 5813 6540 6022 2262 6931 9279 8808 8317 5718 447 5651 5534 1708 587 4800 4433 6315 7663 5863 3538 8308 238 7073 7464 3078 8133 704 7379 7415 2820 4119 4229 9421 3724 2689 8336 3116 4136 7703 4549 530 638 2490 902 5070 481 6365 4722 1545 1104 1816 4164 2768 3484 8319 7441 5137 4317 2797 7362 2748 8088 7173 4929 254 1794 4545 9303 1997 693 7155 356 4945 8658 3851 2631 8768 8824 7143 6444 142 1598 3381 7833 2925 1244 8427 7153 3262 7115 3408 7937
8839 1045 1325 5599 5177 5872 2950 7005 6261 4010 314 4743 5057 1333 824 8449 9129 4275 6275 3507 9252 7636 855 584 3932 3350 124 9190 454 3426 7930 8298 1921 8872 2092 4812 3834 3616 5411 2852 7267 385 8815 2592 125 1041 2274 1316 9425 8759 6353 1007 1253 669 2231 6995 3453 8322 8520 4198 5994 5570 3002 2452 3290 1327 8756 9283 5227 8642 9051 268 6796 4039 2013 3095 7891 590 5006 3620 6970 4742 3700 3721 8151 7307 8293 5709 7658 7777 910 457 4339 9360 2983 5633
5615 6300 5638 8230 424 1818 1359 4819 8168 154 7079 6779 7736 2399 7594 7739 1387 5762 5921 5139 4395 1506 5563 8443 592 6936 7222 9490 6124 1968 6899 6622 7433 1576 6425 1423 7468 7200 2299 3483 8333 6658 6509 1872 4750 5143 2917 2052 5746 4868 3668 8791 479 5687 6712 5525 5826 3518 1223 2842 4699 3431 7315 8403 6983 4472 5463 7870 226 6450 5362 1360 5347 7085 1034 2375 2132 6711 8888 6485 8492 739 4859 815 2824 9266 2446 8211 1384 873 4516 3412 5031 5789 9434 2316
6955 2009 2380 2978 1310 2808 5897 2850 4637 2021 3341 7182 4342 3509 3209 4443 659 4027 2435 4112 2330 4223 1268 2468 2687 231 9250 107 7806 7202 3941 8480 8861 4205 7704 4483 7803 7938 491 8268 7151 4236 6030 927 8221 1354 9308 3325 1690 6479 2027 7069 1074 6358 5486 7188 6500 9379 299 4787 8459 63 4083 4563 120 3800 7145 9330 3087 706 583 2212 7406 7479 1266 5417 2379 8577 7674 8073 7916 7119 8385 4387 5731 2483 6733 6339 8242 2830 5917 114 1443 5614 439 7319
1120 7728 3563 8705 9238 1555 2307 7779 6721 4191 8150 5473 2805 8866 4823 1773 5846 7706 4923 8128 6139 4513 1396 825 4199 8081 8302 1060 2245 560 3965 6742 7266 4526 2846 872 2965 4456 3926 369 9159 4864 443 7609 4364 319 9341 6655 8070 2827 4389 1382 2284 8534 5674 3744 5810 7529 8763 7072 9422 4668 9156 9228 56 849 9087 6523 3643 6793 3193 5180 4360 3277 6837 1938 5609 3703 2098 4853 708 4583 9258 3298 3772 2858 2798 3887 1595 9227 1006 8902 4504 618 7419 6397
6973 5546 6672 7721 9212 8306 2975 9084 5080 3738 5555 8478 1301 1947 4250 5272 5667 293 195 5198 3020 4514 3390 5788 8524 1344 8956 2584 1797 3337 4104 3280 2844 5727 7691 1379 7716 3134 8416 2645 4192 3144 5159 6484 8581 3488 5547 2761 7336 2239 5361 2617 532 2890 8450 5689 1312 7216 1121 3385 775 8722 6375 2669 5793 2550 8828 7889 3792 8855 5133 5737 8537 609 683 2059 3836 3790 1004 3259 426 8202 8877 4213 9391 7110 6398 1512 3345 8818 2933 7229 7557 7708 1273 5908
5608 1364 8089 1314 390 8051 1039 937 3139 5752 6830 1389 7611 6961 3945 6382 9286 3370 5997 246 8238 5259 2174 6590 2935 8905 6181 2448 5096 347 9259 7903 3314 893 5683 660 8523 5950 2511 6544 3081 8476 569 60 4396 2913 9102 5146 5699 5557 4517 7921 9495 7326 1658 5999 5373 4475 8556 7132 3360 8908 12 636 6306 5092 220 7477 4729 3968 7778 8832 5880 4221 9179 5696 2604 921 9209 8943 8297 9079 1790 1857 5729 6298 5820 411 3776 8628 2310 5827 3155 7954 1427 985
8836 3409 7690 1334 3053 4956 8528 2305 1388 6153 382 4355 8615 1215 5477 8274 2906 7994 6866 8305 4534 7725 6874 3566 4560 1191 1222 2152 829 7700 6183 5604 477 1705 7428 300 1958 6684 9155 4028 7323 9255 7450 7311 4538 4518 5912 1754 3781 7589 747 2215 9312 2480 6502 6281 2291 7272 7624 6639 3449 6598 8423 2023 2237 2149 5566 1233 6662 2577 7710 1218 2976 572 1430 5245 1729 8725 7244 4049 7732 7059 3830 2523 8813 8796 1683 6238 8095 5646 6262 4069 786 8028 7280 5136
