20 19
337 38 273 317 6 345 226 350 297 371 145 189 8 191 329 220 272 159 229
66 47 340 245 100 284 283 199 375 21 197 308 2 179 125 117 182 354 208
361 127 210 22 78 253 118 225 213 187 152 129 277 68 301 72 99 237 162
65 55 359 142 110 115 320 53 79 198 242 224 316 352 293 13 89 82 234
247 281 295 42 311 161 300 49 377 271 267 378 318 263 41 60 353 370 215
150 167 12 355 321 307 146 313 290 98 4 303 112 254 211 305 16 235 71
195 190 218 46 81 339 3 48 288 298 149 120 207 90 34 364 35 276 138
243 209 193 251 70 194 363 306 83 258 292 31 5 92 130 33 328 330 17
299 201 40 93 205 244 334 7 204 80 223 84 372 147 343 116 228 160 325
246 87 376 291 119 184 357 54 335 180 346 170 327 188 50 323 369 312 163
10 314 256 174 175 338 11 310 101 178 44 57 241 140 137 9 214 202 1
309 155 250 45 186 262 351 362 255 172 270 97 113 153 331 105 121 266 95
216 156 168 326 236 86 104 67 19 136 217 151 61 108 32 85 103 158 23
133 240 287 25 132 206 24 348 69 304 260 30 333 122 261 341 135 280 232
157 367 230 139 164 238 322 173 356 102 176 76 59 203 196 143 20 26 231
374 29 39 365 248 0 141 239 296 252 286 347 114 171 154 249 166 222 165
52 106 212 268 73 274 123 368 96 58 336 221 51 62 74 219 259 275 332
278 77 126 128 227 285 94 43 264 64 109 315 302 15 181 233 88 344 37
279 18 200 14 124 349 294 183 269 366 192 177 28 36 27 111 56 342 144
324 91 319 289 265 257 379 134 148 63 169 131 358 75 107 360 185 282 373
