96 98
4161 6461 5722 3078 7566 8654 1308 8419 4375 4414 6603 8931 8746 7547 2431 452 2469 4538 6695 566 8606 7340 7657 9349 2306 3596 4697 9179 7441 4026 5415 6336 3609 1825 2683 2148 2254 9180 5321 8799 9323 3946 5583 5611 5888 7747 3317 5760 8353 6367 3149 7021 3556 7837 7195 6792 1067 7397 5785 6318 5077 6981 9188 4899 3728 4021 3571 1305 2292 6047 6338 2634 507 4534 4756 7422 7893 394 9046 5300 5295 8664 2734 6602 8056 1474 7933 4224 2507 2015 8814 5297 158 6801 1671 3251 6690 4873
9393 745 3944 7756 3254 5768 3560 2405 9194 1866 1512 3938 2618 1280 4735 7088 4428 4830 4156 1111 6488 2728 8618 6964 8337 4780 1963 881 9255 5628 5082 1475 1621 6837 6408 1109 5617 7196 3146 6006 9159 7586 5206 3248 9211 714 9011 4871 3035 7882 1016 1697 5187 356 7135 4277 7608 506 5164 8800 479 8061 1220 5223 4721 3382 1738 1089 2188 7701 366 3265 789 453 6691 5018 8098 4867 6718 9313 3749 9048 1928 4877 259 4491 628 5003 4325 5889 3410 7001 1526 2802 8521 3157 4691 1611
7683 78 1045 520 3632 9146 205 2888 3511 8309 4976 3470 7664 8317 8255 2442 7903 2046 5862 8470 7054 9332 2902 6016 9195 8096 8085 1719 2895 5322 7485 1717 7556 3141 3956 4140 2999 680 6217 1698 4125 7603 556 7912 340 6252 8573 2106 4423 6238 8562 5846 8551 8168 2890 4876 6572 6560 7840 2843 8023 1330 5151 787 6108 5405 6227 1831 6222 365 269 1369 7112 6501 1076 7918 9124 3895 1620 7915 2370 7234 5031 1551 9003 7399 2681 2932 1988 6542 2756 4681 1888 1525 60 4385 5506 6403
8972 6009 4283 557 5306 2182 7835 3162 4796 7404 2475 6487 7220 4122 8058 3735 1197 7891 1196 5528 799 7766 4706 2142 6914 2439 6395 4487 9173 6041 1541 3277 4331 931 1582 7232 2356 4045 4322 6856 5498 4328 1957 3810 6148 8673 798 7286 9251 3513 4690 2945 6377 582 8729 2242 1282 5613 1997 526 2022 722 1227 8260 3492 6310 2203 4920 5327 2174 1673 5088 363 7679 6276 6534 3840 2226 9324 8163 6781 1550 9061 4196 9220 4466 6554 7887 3173 5087 3920 5582 3043 6173 1754 153 21 2297
4737 4910 6356 484 8440 1456 2267 2500 8956 4447 6942 1702 4847 99 932 5215 9228 2568 383 6344 3186 6025 4924 6136 5784 5352 8662 3292 9153 5938 9121 9250 5363 6917 8429 3782 5739 4496 8897 8549 5656 1018 1670 5361 2486 2377 1438 9150 7264 417 6702 4335 5738 5688 905 5612 239 7667 3333 780 8223 8977 2869 1586 5162 3888 4343 7216 1349 7815 7127 5125 8853 8899 5236 3346 3072 5020 8917 1844 2924 6585 7097 6484 834 9403 3510 1710 4649 8013 9185 9320 5856 617 1383 8068 7354 6716
5700 8209 702 7895 5110 693 4855 2428 5899 4261 7927 8742 7896 5680 4074 8014 2375 4759 7370 1153 8021 4174 1236 7012 6375 4889 6110 5315 7814 6944 5629 1937 5106 2468 5090 3656 957 1778 2163 1714 6607 8996 8884 4134 1344 3534 3536 5419 6835 3498 4113 4008 4861 6496 2982 4170 3899 1905 7898 7250 7284 4289 9059 2310 1939 7628 4528 2098 3223 151 7796 2249 8129 8443 1104 4806 371 1205 8238 4644 8194 4928 3578 397 8213 3841 1232 6134 5648 3384 6443 9247 8616 7152 4505 5931 3003 4651
1925 4778 7831 3903 4013 1946 8763 4050 4992 1365 5471 6263 7792 1815 6473 8721 1354 9346 9302 8165 8489 4099 3266 3106 3019 4080 7514 97 4825 7760 8964 404 3428 9361 705 1250 5432 9353 3633 1192 3592 6172 1434 5133 3959 5509 5592 5923 6971 4545 567 8020 124 3434 2303 1954 6088 3836 8306 7147 929 5368 2299 8017 3387 2944 8640 8568 1995 3781 4543 3789 1395 1959 7322 1695 1020 5970 9327 5251 7240 5067 6129 6030 5597 7325 8764 1859 6544 5100 303 7636 8091 3234 3045 3590 2519 2590
5326 913 6517 2257 6070 8341 6021 8445 9070 5652 6573 2753 2440 7593 8298 3979 6080 7931 5194 8649 2736 2233 7199 7356 2690 8364 7062 4994 7051 4022 8624 3049 8918 5466 1004 842 5744 8236 3466 1733 1809 2044 3997 8300 360 181 589 1769 6468 4865 8283 207 144 8492 4499 7372 4851 6156 1200 9076 6522 3774 188 6275 8955 662 9318 6357 7532 6908 4238 495 4313 8712 497 2937 6604 7568 8775 4286 2670 3882 8582 8940 6548 8187 8127 7911 2804 5036 6910 3041 2872 1052 213 2962 7244 1221
4827 7433 4303 2836 4332 4292 4214 2527 2807 2323 5530 4151 4895 4190 9066 3791 832 1482 1211 4685 3069 2425 7684 1824 4020 3471 8846 6089 9276 7102 4310 3344 2884 9202 1238 9252 308 2368 5240 2438 3631 3257 3545 4422 1689 7285 7634 3023 8301 481 3495 5687 7845 1497 9042 7794 8667 182 9311 7901 3064 4729 1726 8700 5290 6599 2183 6418 9212 4347 8063 4257 5437 7771 7685 364 6363 6203 6019 6062 1361 5051 3151 7819 756 4315 4185 2149 8338 5012 4248 6883 82 2009 215 2025 4136 9310
8018 6611 3627 352 7950 3325 5193 8874 8387 6120 2604 7025 1320 7846 2684 2237 3222 9054 2660 242 2019 1248 3913 8195 178 6248 7031 3430 3572 5653 5818 8285 7674 7214 8883 1617 6513 7296 313 8798 2841 8198 641 4627 7453 9140 1533 6508 4944 7803 6609 2864 6467 7614 2983 8228 733 2211 7745 6 4864 565 6891 6270 7105 9328 4881 1086 26 5607 354 983 5130 2325 8747 3904 6634 8645 7353 281 3824 2127 2544 7149 3136 5224 1193 5727 4199 4755 7351 2593 1460 3493 2629 1288 6852 2630
700 8326 7468 25 4406 407 9152 9216 7078 7473 247 1120 7429 3546 9013 4182 3228 2154 9207 1705 2316 66 7855 2950 866 6324 7339 8076 5362 2024 4210 5231 2523 1537 5338 8660 8011 8828 5102 6436 9380 64 1991 1980 6100 5244 7703 6245 8229 8093 7753 4251 7478 3400 2974 7973 6111 2011 7144 3850 2422 9267 5921 8128 5959 5618 8623 3057 8933 7198 4155 4394 7043 3119 8981 444 2635 666 7934 32 3273 3653 8807 7728 6710 312 6709 6962 5731 2742 901 1408 4198 2459 6845 5563 8984 6460
3860 3289 4912 1441 3443 8240 1231 3051 7723 6502 5777 1008 6880 1837 7660 9398 5655 6746 7530 553 469 1276 2481 5070 7061 451 6420 8597 975 6155 4782 5263 7160 5505 615 4698 7781 7884 5929 1967 3218 8633 4846 7169 7666 8066 2973 6043 6303 2167 3125 4832 6448 7427 4078 6666 4668 6383 4592 8178 3538 4744 1277 6768 8683 5230 5674 2383 2003 1059 8732 4246 7125 5875 824 5079 8973 7323 2673 3866 5725 5538 6982 8681 6923 9242 6260 2581 4821 8878 4943 9111 5183 8494 8701 9149 9283 5733
7335 4875 3478 1623 8449 8041 4655 4065 7830 3807 4191 3145 5268 386 1989 7192 4159 3834 4157 5721 5571 6934 4571 4551 13 2701 4870 3239 4788 6712 1357 2361 8438 6663 8394 2000 3989 778 1144 8131 73 1081 8563 6740 2204 4000 961 891 2553 5689 7502 850 3662 4817 9078 7174 4051 7990 1310 2366 8147 2503 5348 5451 503 942 179 1427 4405 7140 302 4733 3172 2995 8691 5489 1966 8459 7224 3164 5661 8100 2295 6414 5635 7253 4579 9219 4567 4923 6672 420 5456 5567 9339 5256 9097 5791
1873 5859 7659 1222 6635 1328 4493 9084 6031 6799 7364 5587 6478 6061 1545 6115 8766 8842 8392 7710 2357 6988 1960 5979 5169 3318 1964 8553 6656 3940 4431 8585 6066 8037 2718 462 3450 1285 4667 596 3648 8388 854 7172 5027 6307 6931 2758 5865 465 7776 8108 5717 1975 5514 2835 1536 6552 9130 4666 6859 3044 8305 8079 7798 1842 8329 3150 348 1202 3838 5383 3614 6114 590 991 1961 3758 936 4330 5554 5541 7807 937 4103 3916 3859 7015 4144 9080 8782 4703 3803 6987 771 2679 3894 3881
6902 7387 1908 7770 8437 522 5156 6175 4323 8756 2171 5908 4787 5196 8501 9029 2689 1904 3704 1170 6353 859 6503 1186 2362 7655 5742 1184 6231 8263 2596 2692 884 3016 5903 5705 7117 1204 3468 3817 4163 1152 8362 4777 212 8115 6003 2991 1112 8377 349 2784 3463 8258 8707 8988 1773 8016 5537 5229 6738 4389 6451 4849 84 5985 2271 8045 6524 4221 8137 7073 8789 5042 2678 9094 5637 6922 1970 3761 2745 8735 1321 2611 6764 9183 6024 6144 7531 1599 4337 9326 6836 6439 7615 3890 9284 4725
7525 3060 2435 392 4769 2402 1920 5880 2994 6279 3842 2548 2682 3647 2595 4629 267 5930 2135 541 676 6437 3839 1799 3742 2851 865 5411 8369 1854 1446 2560 6751 2027 9401 1043 9064 7287 7553 108 813 441 6042 8734 6126 4102 6239 3037 4187 6892 8611 4903 2725 5283 8049 5115 4656 5126 3719 4642 5855 3010 4066 2133 6358 6936 6822 8271 7894 4395 5951 2165 8109 8771 8525 5704 4427 873 6615 1524 2315 8953 6052 2534 8207 2857 4492 6143 8441 7279 2107 5091 9377 2573 5814 2926 6452 5483
2266 4664 1255 2231 8499 7501 6493 7211 3278 6626 4107 1561 7862 8432 2552 6505 7890 3368 9208 4626 4983 1068 3142 7260 6655 6015 7143 1468 8077 6365 7371 8912 7656 1101 8531 2216 1335 2981 1943 5211 4974 9300 682 4595 1135 6049 4712 4809 4359 2109 5590 7668 2053 5320 2184 9117 6920 7729 9392 7447 5975 2886 4498 6085 4404 818 8090 5239 6334 5376 3039 2185 5657 758 5424 4479 768 8609 4334 1821 9035 711 1469 4349 2541 2947 3334 3378 3002 5313 2240 1829 2669 1538 2606 5990 962 9372
6847 6802 2783 8224 4012 115 1909 786 1786 7085 3837 3936 8299 6776 6873 6077 3177 3432 2164 5787 8473 5840 1071 6034 1206 2646 6831 6255 4115 6265 8713 2241 4361 4569 300 331 1028 8990 7715 6072 4365 1139 7956 2114 1622 8646 4341 6619 6429 9299 7790 2638 7554 9096 4016 6819 127 8050 6907 9279 6153 4869 2942 1921 7577 738 4980 6261 8099 5476 4906 1893 316 9234 5798 4954 4072 2557 7778 112 291 1494 8961 6989 1457 6215 1530 8112 485 6159 6132 8722 4158 6958 647 1604 2933 6288
2829 5707 8980 1552 5743 1614 1878 1740 8547 2919 3328 510 5078 8177 5788 6535 6905 3509 879 8357 4731 5503 19 2867 8047 8455 996 517 2089 4087 2232 5150 7570 6390 4168 1022 4605 3937 1188 710 9218 1046 6004 7861 2968 4300 7121 3127 4966 6040 5442 4388 3595 515 6632 1884 193 857 5235 7773 7153 5412 6997 6199 1406 755 6930 5916 4661 7517 8784 8320 4383 537 6059 4724 421 8225 3268 1828 4986 419 5965 5524 6674 3269 1927 5662 1054 6979 3129 209 1336 9120 9282 3581 8565 273
1665 4153 9338 2105 7203 6285 3231 1723 671 9263 3143 9105 8716 6980 4807 2964 4433 7166 7430 1292 1993 6737 8069 4402 7071 8185 8925 8791 2652 297 8930 3657 5039 2574 5061 4450 3452 4440 2055 2938 9012 3790 1098 4108 1174 619 6721 8908 6220 7191 5329 3930 8227 7624 7696 803 6370 2355 5292 2619 7168 3759 4266 3048 7780 1425 8772 3714 9354 3857 3738 6116 8876 6864 7590 5140 4621 5518 5147 5884 1421 1972 3340 1233 1168 1210 1108 7382 1633 3995 4839 1900 791 5580 7902 9400 657 4679
2360 1034 9 9281 8065 1179 5966 689 8179 3460 9351 9286 6139 8675 5232 7538 7533 222 585 1784 3745 263 333 5166 5473 4786 5121 2777 2206 2664 9050 3130 8035 5004 7905 7705 5330 3740 3097 3666 4600 4783 7800 6865 6749 966 971 8879 5128 6229 4945 196 5393 5472 9358 2592 2529 6541 2449 8371 5609 4213 5765 6912 7595 3809 7337 9110 6013 1279 1643 7886 7491 785 3663 8637 8345 904 5332 2959 8812 5060 6262 8008 5289 7100 5163 3813 7274 5190 8697 8417 3376 1520 9139 27 1840 8552
4009 4606 1113 4562 1229 2415 7698 673 317 4046 5539 2838 2268 7154 3727 1275 1373 6329 2940 4024 7455 7579 8 2144 2904 5993 1069 1730 8120 6107 8966 7375 7014 1486 5120 8505 7327 5482 2909 4770 1048 8658 5973 6406 1265 6714 668 4398 1736 8087 4082 50 3210 4304 1588 1765 6396 3991 4936 1201 7055 9225 4888 8254 1779 3573 5651 4648 4295 2372 2448 4771 1743 8600 6398 9205 3554 8311 2965 2699 5977 4442 8935 7843 1578 1926 5750 6671 7151 1768 941 8548 3227 8872 9244 5552 765 8761
7585 1581 1137 2572 133 8183 7141 8270 2744 9294 3918 3691 815 6273 8962 6581 4682 741 8794 5952 7236 5786 4687 959 7460 3561 2739 8608 1099 357 5449 7104 8870 6076 4176 9119 8251 3686 2117 4887 9395 174 2238 9193 1555 5847 2577 997 810 5279 7635 1141 9222 3294 8410 667 6189 345 2016 692 4095 5783 5008 1651 2258 48 4884 8769 1479 4886 5869 3785 8856 199 3152 7561 5633 1886 5596 5467 4643 681 9056 5148 4274 4177 3525 232 87 4789 875 1501 7302 3566 4639 8485 3485 2542
2307 3862 8101 6639 4792 2525 3773 7180 6853 6469 6757 5048 2970 8560 6857 5540 6683 3252 8488 2727 6224 7848 7329 9199 1345 4267 6970 7642 531 8831 6058 7106 6561 8680 2977 3911 4857 1919 7604 9021 6858 3435 2751 2223 5911 3369 2637 4231 1998 6163 2115 2762 8190 8294 1127 5603 5336 8257 5141 7851 6998 7995 4193 521 8580 489 4926 9058 6767 5314 2396 6523 9296 129 4858 9292 8952 7369 4965 6319 8774 7334 47 3702 3908 2741 3490 1688 574 7622 7314 8307 2691 3160 2787 8728 442 575
3187 2190 8196 7368 2031 7672 1903 1554 5379 8102 2900 8434 1453 6160 2111 7709 2365 7292 1722 4635 5097 4874 3505 6492 3820 3623 18 8834 806 3507 3958 5935 2 3710 1669 1385 261 592 3990 4533 3793 5122 7765 9102 8426 113 8969 6975 9237 8491 847 8653 7812 7024 8801 2695 855 6078 7852 1758 9273 2536 843 6427 5391 8423 8314 6188 8512 9131 4779 4110 3188 6681 4152 1246 9356 2352 1171 8015 1313 1653 4630 7423 7487 8409 7713 3906 6539 5581 4225 3917 2225 5237 5932 2328 696 7398
8476 2005 4317 1619 6091 8277 5593 211 1724 5351 4412 3986 4135 7946 426 167 3270 5772 724 8143 1225 4478 7229 4692 100 7317 2330 4958 2696 9053 559 2138 1488 3849 6972 217 8827 7129 1493 8886 853 5246 900 9243 5460 8138 9049 8629 2056 2530 7126 6803 150 8380 9043 3531 8325 1142 3256 7403 75 7300 3176 5961 979 5679 7443 988 7897 3697 5480 2453 2389 5963 8291 2505 7415 2220 984 2812 980 4393 428 5049 7941 3401 8810 3942 3646 5918 5204 2400 7652 4701 5947 2723 838 2615
7961 3296 4308 4411 4973 3148 7621 7731 2740 2636 299 295 9057 3408 3403 3191 6400 9154 1826 8718 8804 2526 3377 8411 4179 2997 9115 2914 3616 509 5630 697 7842 6304 8839 438 3281 4984 8024 3203 3587 5794 7428 9136 1812 7490 8994 8987 4354 1165 6763 1597 5185 2008 5940 4324 7711 3195 2291 4719 6187 5248 5825 3887 5454 8272 4010 1413 184 6886 9201 169 5308 6028 8395 5933 794 3474 279 5623 7463 3670 9151 2786 2388 1150 2705 6919 1088 6246 2343 2484 1397 4641 602 2091 8808 4100
632 5440 535 8181 3527 2868 532 1160 5249 7589 9290 1910 4471 2294 8641 180 9280 1259 7542 6069 8052 4856 8880 5425 3283 7707 123 6235 3124 8820 7700 8965 6965 283 1528 5072 812 4228 5827 1649 2321 3699 7484 8059 6280 8948 7476 7006 8134 4801 7099 7417 4042 8339 1568 7470 1517 8832 496 3009 430 2358 7177 8274 2954 5646 4619 4232 1074 2263 6170 175 6884 7276 3046 9032 3503 7027 8176 6369 5837 6240 7444 1060 1337 8173 2806 9368 4029 8425 3804 478 7824 4989 863 1709 8092 1195
8210 4476 5005 8133 9325 3409 8954 6376 3299 6417 4531 8474 1240 9017 122 7182 8496 5281 2124 4497 8677 2625 5713 2195 6778 5898 6724 5610 2112 7020 8356 8860 4262 346 8942 1684 4734 5805 3792 7906 2344 2871 9357 8022 990 764 740 862 5781 1158 6771 8516 8149 260 2715 6454 5408 4662 8749 5589 3211 1983 1091 4933 3523 2821 38 5666 1979 7521 1789 5649 1637 3802 2491 1465 7582 9164 1592 551 6225 2150 2713 7495 8160 5346 253 2251 955 8171 2750 6769 3352 8398 4504 4678 6620 3541
1226 337 8909 4993 1674 5523 4081 3192 8779 5515 8184 5728 2155 7767 5640 7307 7993 1129 7330 3232 4842 5084 7505 3636 5043 1851 8976 4634 6112 415 5802 2569 8315 2385 6978 835 7074 3783 5948 7520 1585 8513 1323 1981 8273 1540 4590 751 2048 2013 6122 8346 968 8152 7958 2401 2550 1713 1311 9210 3835 5065 7977 2873 3 2077 6182 1977 9309 7535 2720 7377 1805 9275 7616 2877 6291 7557 6633 2531 4049 5719 3922 1764 3336 2137 3448 3685 7676 5771 2151 8172 8974 9376 2642 9407 9030 101
5894 1659 625 5478 7204 7103 7305 353 3158 1309 468 3250 3419 770 1787 166 1180 4972 4290 6800 6839 4915 3971 9367 1600 7691 104 9099 3921 534 374 4146 2512 6924 5976 1433 5695 5995 2979 7504 3431 9008 4815 55 7231 4711 3034 3286 1492 1107 4716 3216 8089 4931 2876 9345 5138 6940 7981 3965 8506 2929 8692 876 1274 3801 5534 8511 8767 7381 9128 9104 1984 5972 2521 8904 943 2626 4726 5813 4765 8248 2123 351 139 2322 1491 7962 5575 6926 8554 4160 4573 3848 7440 675 2061 6897
1228 7017 7805 7035 2879 652 6401 4381 3204 6860 2782 8239 2894 8978 9083 40 7813 540 8556 656 2346 8936 864 414 1355 103 1635 2768 5385 5227 4826 7079 8500 1742 9114 6483 7697 5874 8679 1708 4296 177 7510 773 2729 2875 2416 5041 9161 8900 1744 2764 2499 4139 95 8038 2079 9063 5681 2311 9095 6495 1716 7940 4264 1737 550 7218 3206 4507 6816 1506 1079 5671 5945 1159 8266 5021 3638 1435 6192 1721 8754 3526 2663 2168 1325 8030 7937 3612 3776 570 3341 8819 3091 4392 2837 3235
271 1785 4841 4162 8577 3316 7699 7173 7477 895 846 7081 1426 5598 3215 220 4390 4184 1281 5069 3437 7539 4937 7718 4583 7315 4670 2378 7874 2749 7467 6654 4053 1483 7947 2290 8358 6677 1368 9041 1362 1118 5511 251 2224 2878 7967 1822 8051 8012 3012 1391 8934 4202 709 8386 5259 1834 2030 3504 3676 3982 1146 1306 7949 3851 3302 109 2697 4459 391 4615 2196 7412 7839 7511 6256 8854 6811 4351 6366 9134 7259 7681 2920 8946 3733 1185 4598 7996 4838 807 6580 8867 7581 6848 4714 5887
3497 7572 6197 3416 2686 1852 9227 870 4623 2324 65 2591 5000 315 2274 7123 3131 5198 8898 2582 2737 9040 3357 389 7161 1598 4677 4079 4067 500 5968 2458 5217 2501 3544 6673 2855 8724 2668 4836 948 7464 7648 660 9157 173 2748 488 4019 494 3442 5732 6533 5766 5398 5868 1791 2641 781 2849 4977 7237 744 505 7136 1431 1414 5699 4348 5645 2032 5809 7522 3821 3540 5116 5311 840 1454 6029 3412 7970 3947 7026 5178 9303 7957 8947 6708 6355 4684 1392 1390 1289 1811 1405 3052 769
5912 1647 608 8146 6277 72 157 5175 1549 6431 4458 5615 9265 3494 1031 2247 2709 70 4420 1489 7269 2145 6589 7343 3629 4211 5161 3285 3033 3061 183 1519 6543 8762 3258 2985 4468 7344 7644 9274 5275 2413 5369 5135 1890 6135 8558 3816 7559 2261 6593 5337 6354 3747 629 229 6268 8950 760 4736 3112 4500 6644 8545 5720 1704 4229 427 1072 6748 5137 4646 1290 1802 4149 6723 7633 946 2610 691 1033 4250 1363 3298 5225 1471 1420 7004 2674 1297 4585 2041 1084 8507 5730 3347 1901 2064
3163 6705 7461 7162 8475 967 737 5698 5839 7643 6096 3139 2213 7841 4083 2028 1593 6549 7435 4223 3445 1692 613 2598 7109 4705 1169 6525 4370 1602 4833 4212 513 4462 2564 4951 2955 8218 4235 6547 8192 1800 3465 643 749 8312 3844 216 8365 6205 7283 483 4207 8540 831 1845 2369 3708 8170 776 5844 8230 7587 7942 8125 5712 6786 2100 4927 885 8053 2092 6540 6204 7258 1317 9123 1898 8156 5708 2559 4319 5543 5622 9181 2333 4038 3753 5726 4843 8727 2201 6351 8821 7811 2824 7873 8745
9176 6775 7187 3681 9271 4119 947 1015 5924 7920 3179 7663 6583 6044 912 1102 7599 8466 362 1175 4763 888 7084 2961 31 4822 2318 8833 1322 3604 4588 3549 6784 2735 4041 2010 587 6994 3200 9016 8103 7877 1247 5104 3484 7951 5255 2760 7725 8332 5208 2733 2441 1207 4449 2349 4757 8592 4401 6241 8992 6846 3992 6855 599 114 970 2587 7011 3365 4530 5555 3008 3242 2417 952 4540 3969 5274 6490 2722 6678 8567 8113 1296 7159 3864 4702 9269 2057 4444 3029 2711 8911 9147 8026 6074 1412
3775 8668 7150 1877 4800 8281 1077 1444 8593 8838 6038 5349 2363 6498 1858 3104 3115 5180 2589 8841 3533 754 6893 1514 5479 5832 1747 3819 4521 1417 4631 3224 1693 6687 7400 7787 3515 6653 435 2599 6254 1147 6885 8815 1577 1105 7036 8130 448 2086 2129 191 7704 2495 7708 4878 3335 2353 6184 5377 597 8682 3293 7954 2068 2862 2471 6433 2103 5200 8906 5034 8406 5157 5209 762 4017 49 3422 6843 6878 30 4217 1672 4165 5 6386 8890 9306 9229 5378 8570 8698 5616 5167 1895 9177 637
3896 4776 8421 1798 1458 6381 7818 85 7607 8135 6102 2859 6591 8993 8296 8888 7867 7107 7189 4280 618 4584 9336 802 9027 2141 5608 5054 1869 2367 5429 2194 7167 3799 1835 138 2074 61 7914 6675 1819 2996 5318 1782 7960 5299 7793 7138 7038 7524 164 3880 5358 8655 1535 6713 8920 8159 3114 3068 4561 1507 730 7786 7965 8533 2792 1348 2281 5016 5310 9031 655 7449 2794 9253 7992 8202 4909 4096 446 5904 5495 2554 8104 192 4546 5146 6689 1776 6933 8530 6906 8858 2487 2253 2034 2685
2508 2444 8753 1591 4593 3716 9239 491 6323 8621 2960 1162 7768 5094 3693 10 6081 3625 2169 7680 162 8204 3117 3926 4123 262 7921 2474 4991 910 4517 9135 726 654 883 5294 135 7193 5277 8587 6772 7355 9341 1990 3031 314 8983 2304 7591 5044 8064 5736 470 2515 3975 5201 5357 5301 5570 8656 7165 1655 588 8910 9190 3823 7899 7854 7064 118 7816 6286 6617 8651 8221 5171 7176 1291 6506 1464 8414 4527 6141 8674 1134 7702 474 3085 1746 1161 7326 9170 5142 2575 701 1455 1447 4576
5076 1680 8542 7612 5845 7348 7108 3280 5098 4240 4804 3692 3606 2992 5499 6331 717 6409 6455 2504 1794 4604 6008 8760 880 6960 5341 7565 2407 1749 5382 659 5724 6594 2345 4686 8360 4732 2338 8924 4978 2139 868 493 7086 3671 4469 6592 7207 329 3274 7113 1367 7462 3706 3253 5619 8688 2789 8922 1860 1346 7769 2334 5685 8313 8330 237 3948 5074 2208 5756 227 5015 3827 7164 5423 7602 1522 4336 4254 396 6320 8711 3178 6948 8379 4938 8887 8835 1940 3732 8678 7834 5388 2387 7170 8929
2545 3628 2399 6586 3279 2763 5270 5426 7270 6984 4247 2801 8644 8416 8739 4614 2181 552 8509 9071 4537 2949 1796 1817 2042 1646 3453 8268 1338 8824 8571 639 2616 4565 8759 2382 2893 8982 4166 1668 1783 1569 6652 4055 2905 4720 4723 4979 3756 2256 8665 1106 5683 4557 5678 5992 5767 5282 1149 7009 7777 8366 5526 4764 3449 4071 2639 6374 6208 6479 1155 7928 8114 8199 156 3038 8336 8405 790 3552 3390 3081 6939 6438 6131 9034 1318 9262 7496 7976 5624 919 2767 3013 9033 6841 7385 2863
5828 3988 7235 2156 3978 1467 2650 9196 6211 4525 8578 476 2248 80 6352 147 2761 8211 1095 7783 6151 600 3720 399 4047 7311 4808 432 1527 5886 6680 7228 3288 3230 3617 3306 1140 3076 6693 4835 2584 2493 5309 2928 71 471 7924 837 2518 8025 4999 622 5296 8498 3914 6739 2662 1944 2522 2511 8783 293 8304 9093 2239 4654 5046 6761 2494 1720 8031 2891 1092 7515 1612 5971 2335 8034 6692 2565 2026 830 2477 4935 8219 7452 6623 4201 1701 4495 5848 8811 2130 3168 6321 1606 4704 1143
398 7312 4552 1217 8174 889 903 5551 1151 8467 1880 6789 6391 7067 7764 4486 1398 7650 5577 3700 3589 1040 2543 4854 4203 5103 3551 1691 2116 3829 8736 3694 5221 1564 1781 5999 5668 4863 9382 3811 6428 7926 5941 2897 5711 7605 7550 2517 1388 9366 6295 9148 3479 3413 8401 1576 201 3116 2038 4633 6638 4276 5782 5557 6326 3779 8613 8433 3608 8813 4093 833 965 611 5755 2698 7537 5316 310 1712 8226 1775 6968 5588 4269 9321 5384 5510 5834 6991 1987 4753 7833 3826 9023 2464 543 5347
930 3734 2788 3027 3941 7030 6820 7838 1624 8451 2561 6610 8538 1430 187 708 3121 8921 2791 3208 6105 8797 6595 3379 7089 203 3481 5525 9197 3482 8420 3746 6564 1725 1190 7320 294 2588 5402 6613 1682 9330 6582 3874 4242 920 3219 5812 4311 1683 8060 8508 9388 165 6397 9132 8717 987 5401 4549 1780 149 3324 4089 76 1896 8139 9081 3615 5222 4192 7040 7860 2987 6949 4696 7619 8535 1889 6242 1326 384 3469 4060 9258 4898 241 5758 2986 7682 8796 336 9405 8959 7856 2452 6720 6851
3966 6301 3455 4529 6646 8497 2680 3323 2632 7675 2373 1678 5776 3491 1855 8708 3423 9374 1848 5836 7492 5759 8246 4312 2665 323 8188 8154 5542 4539 2430 544 1090 1038 1882 8999 243 9106 2609 7459 6565 5434 4897 5709 5284 6715 1639 5604 6921 1650 7267 1500 8075 7935 1298 2087 7411 8463 4620 5089 7543 4097 7910 5851 6440 6157 4683 3808 6929 2214 6046 2989 6360 3350 6082 3380 1986 5304 1339 7923 6806 8424 1448 8469 1047 5774 3063 8117 9248 8896 91 9184 1470 8850 872 5197 6834 4350
4674 5062 8067 2043 5953 8588 1422 7969 8574 8575 2597 8182 5328 6113 6453 6947 8968 554 9005 5764 3004 598 6986 5189 2952 1523 5522 3583 9014 1846 3622 2178 3259 4990 2724 6322 7986 3135 1097 7450 6658 783 1739 2624 7536 2769 5591 6456 6033 7611 3147 1664 3530 5392 5536 9127 2058 8710 6138 9277 739 3577 5293 529 9268 7044 1529 8321 1379 5241 6274 3326 9304 6526 9044 3885 2694 7304 887 3244 5400 2775 2712 1333 2004 6097 8088 3174 322 4197 7892 7053 6993 2658 5957 982 3050 851
4057 925 1307 6735 7825 116 449 6314 3935 827 1976 6854 6373 5602 2828 5250 3520 4883 375 1374 7500 8725 6804 3366 663 4998 3026 5366 5258 3122 7310 7885 2285 992 252 7529 6474 9192 2963 4694 4475 7567 3644 473 6966 8435 5303 3103 6904 4464 7212 9092 8078 1436 8626 5214 1546 7360 2870 7963 7101 5658 1000 2329 4805 5127 9352 8327 8765 8730 29 1879 3056 8885 5553 1694 7869 5011 1732 390 6178 8374 1629 626 3307 6026 6425 4260 4252 8518 1759 3093 7872 9169 612 7866 198 2547
1644 1583 9010 1096 2359 4665 561 4118 2397 6697 3411 4970 7289 6485 5734 6371 1452 3555 3535 4094 461 6676 3175 6494 679 4142 2147 1401 1410 7483 7916 9312 486 74 5312 4314 3683 7367 858 1024 4996 4997 1729 2913 601 3643 4981 4456 285 7087 8620 7389 4120 5716 7549 2809 3070 338 2199 8602 6515 2840 5800 4377 519 7248 5949 8862 8684 2576 3447 5117 455 994 5406 1114 8938 8215 7226 3071 6048 1404 2923 3407 3588 6297 5220 4106 7336 1861 3108 1603 8427 3645 1962 3777 9109 7598
4550 4320 6791 5355 5364 7293 4563 9020 3087 8382 820 3744 922 2411 2423 1949 6727 6378 5910 4436 3508 1423 558 8605 4092 125 3075 1213 1615 5333 6118 9172 1797 7003 1982 8482 7046 1450 1589 4175 2571 2446 7386 4141 2134 683 5983 3639 5276 2901 5854 1864 3910 6700 6214 2063 1505 581 7148 9072 7974 2110 3574 69 79 8107 1029 4378 8601 9125 7734 1675 4382 2419 6264 8781 8140 350 2245 3598 5565 6955 3397 499 8790 4473 1734 8836 5806 3660 5307 7445 4611 8830 1544 4133 8960 8636
4516 6817 7952 4742 4891 5531 3619 9113 276 7063 8583 1253 5019 5160 4090 4746 5331 1645 7609 4316 2472 4840 6659 1230 8914 3641 5665 1487 9295 3721 4075 7971 7740 1264 8452 6372 7746 7527 6682 8622 6411 9264 9348 2915 7442 940 860 3576 3800 4023 2567 2473 7630 6233 8264 6779 731 6423 3303 7068 6146 7759 2433 5852 8773 2585 7829 5436 8949 5632 3483 3214 8243 3731 3249 586 6605 2930 2443 372 7110 921 6152 45 5549 7637 3528 4355 2773 9203 4905 2688 1284 5159 3020 6480 5462 2975
3869 5433 1952 6758 999 3383 750 4988 7806 1594 2371 1194 437 3798 6651 6305 4043 5677 8454 401 6752 2627 4845 2033 8136 6937 4503 4256 3873 6407 7968 4104 3458 7039 8743 3207 8534 9073 9089 6576 6092 4124 933 208 2455 777 7321 7357 6341 6785 6007 5195 3701 5203 6614 8453 5386 5863 4618 7632 8253 6588 1051 5925 286 1696 7948 3682 7883 3580 1123 7156 6244 640 7693 3845 2403 3724 2084 160 734 2798 1642 5843 2706 4859 6444 5017 6616 7689 4510 1918 8777 2143 4109 6434 4306 7266
6911 4088 4820 3429 3109 3426 6094 3915 3005 2765 6519 9297 4995 4421 3962 4893 6181 292 2312 161 9024 6730 447 155 4430 4506 8310 1459 633 1521 7620 7405 4949 1875 3358 5905 5690 9369 379 8539 5288 2693 6234 6424 8284 8837 3305 4902 1948 2817 9175 3275 2579 1057 168 6874 2816 140 7333 877 7575 989 7409 5810 8986 5371 5271 5435 1700 7997 8080 1249 6869 7761 4730 8222 7779 2520 7984 8555 6084 3634 3372 6249 4268 1902 795 6462 4922 275 4616 7414 6765 8001 107 8926 5370 7120
6946 3664 5105 7651 2326 3042 3036 5040 4637 1573 8687 6569 3640 7551 195 2771 6359 1566 6750 4282 3892 2524 9091 4715 3695 4098 4490 2250 9383 8265 4868 6168 4647 3983 5697 6545 2075 704 4747 8477 2649 9259 1945 4748 8376 6202 4795 6287 6269 8072 1342 5599 9342 54 5081 8572 7255 609 3770 265 8752 4612 7142 8787 148 33 5659 3487 2170 5740 8335 7436 5634 2478 1215 2661 1863 6562 3153 4234 3161 1950 5420 5216 2645 1356 928 856 2479 6871 6491 3395 4925 7694 6313 7658 411 4608
1218 3861 3015 5792 6247 7482 2785 2594 1224 8278 341 7388 1761 2831 954 9086 6734 8941 6045 6332 224 111 7158 6664 8543 2060 2380 4069 4650 2704 3570 539 8871 2480 3723 8318 8004 4145 579 6827 7239 67 2432 434 1359 6057 9329 4455 4441 4749 134 5139 145 7251 7508 5045 3362 6185 5496 4035 7413 3651 9394 6103 6012 6232 226 3876 8802 6793 5261 5917 6518 6731 2700 4553 5372 5982 8685 5192 4307 8234 5486 6957 1463 7096 5644 7299 330 3715 4409 6162 3212 1771 2460 761 8054 6382
9098 2489 8303 4253 4005 334 1287 2426 8672 9000 1814 8768 7075 2703 7742 2958 5131 5373 4752 4680 939 2677 2602 3417 8206 7268 3137 5099 7005 4181 6221 7345 6660 4137 8875 9065 3822 4481 3425 7313 4259 4638 3519 1699 1876 1327 305 1652 4774 3389 2088 2832 7569 6756 2113 7994 9291 6694 163 4522 86 644 1183 9155 6441 2166 3884 5504 7082 7241 6500 8557 5909 9278 6872 2218 8733 6641 381 2161 5693 3996 8840 6171 4952 7128 2414 4591 9334 6759 2605 402 636 3486 6579 7391 3539 8877
2202 190 4890 1941 6932 4073 7763 3981 7130 8693 5071 4848 5853 1613 2910 8532 4793 6413 7998 7859 650 4015 7498 2514 1874 8110 1640 7438 6728 4813 5893 7419 2017 1836 1065 5532 5494 8334 9355 9230 8844 3621 8503 3661 3818 1584 378 4699 4227 766 189 34 9359 3674 9074 4745 5409 463 555 4064 8702 6068 2039 886 2462 4204 5394 7836 9399 7736 2279 4885 6521 2911 674 1372 5334 2470 698 2631 6037 2506 4117 6087 8584 1133 6272 3110 7617 5114 8847 4860 1419 6536 8737 687 6128 3329
6555 1189 9232 1667 6073 6704 8256 6010 1994 8579 3196 8939 2607 8355 4515 8483 5470 9233 8776 1411 8703 3814 4740 6472 8150 4386 9335 6742 2398 5544 4318 7645 8286 1203 874 1199 5390 35 1117 8902 7458 9240 3680 1403 2633 2347 7407 6223 8652 5132 3974 721 2066 2392 2093 6282 9133 3769 2732 2198 8590 1914 2094 1542 3171 1580 951 767 4127 2533 4707 377 6035 7544 1912 8495 3339 8699 7523 5747 5492 1157 7083 3668 7548 8919 3760 3667 266 8916 5278 6117 2546 5457 9362 9018 2659 130
6311 4025 6887 7826 4164 7870 4218 5136 3871 4523 4126 5595 6174 3532 1119 3863 6090 5507 6209 8524 4364 2808 5010 6475 3475 3879 2408 233 5032 7338 893 7178 1627 6289 583 3562 6213 2537 120 821 4514 2379 3185 8770 4076 7626 1466 4183 3371 1999 4195 9088 6499 8748 5186 7365 24 8869 9331 1329 8927 6447 3236 3134 8319 4031 3017 6918 3943 3584 2037 5508 3582 747 3169 4810 3220 6868 8214 6685 1037 4400 3464 2566 8892 8167 8720 8370 4342 2563 5264 1955 443 3891 546 46 1763 7060
2146 8517 5285 5144 7858 6774 6766 5242 3441 5942 7737 7979 7408 976 5083 9182 8153 8527 2286 4791 5247 1176 3182 1504 1503 7316 6340 8659 6347 3690 228 4371 2029 3367 525 1839 3226 3079 4572 408 1897 8292 3655 1626 3964 5092 7163 2492 6798 7474 7439 7297 2656 6621 7465 7201 9287 1035 5533 4645 5085 56 5654 197 3053 3271 1618 4116 3393 4216 7810 703 7494 616 8843 8006 9047 2528 7782 8604 1262 3696 4437 3739 5168 9402 8378 6387 5272 1595 5014 9075 5547 4339 2351 6512 1166 2898
5647 1965 0 3439 8576 8316 1630 2790 412 743 9337 1316 2020 8998 826 5439 4818 8823 9189 963 4373 9167 4130 7210 645 7262 5037 126 6123 1461 8007 8145 422 8723 298 2136 6606 7090 4953 3927 6916 7288 121 5152 7223 6056 6284 1579 8895 2866 3805 8029 2780 1156 1748 6637 725 4950 2339 8144 9360 6464 4220 2621 15 6446 4532 9249 4794 8186 4708 8203 2648 3082 4112 2934 4457 1343 6630 1064 1023 6292 7221 4751 3737 8393 6393 4879 2651 3764 3155 6717 1063 4129 96 801 4581 8200
8122 1679 985 7378 9055 7546 7584 6186 2622 2045 475 9364 1766 4700 1607 5585 2384 974 3955 7280 7048 5350 6489 2899 635 8126 6278 88 2050 5715 5112 6797 418 649 464 6976 1495 423 1547 9385 231 413 4866 2284 7712 6895 5344 1532 57 6022 1992 4270 194 606 5006 5035 4942 7775 5754 4451 1936 9085 8484 9215 7206 3591 5770 2071 8963 9406 678 8903 7425 906 6228 431 1735 4138 8610 621 6339 3543 3396 5317 2229 8282 4914 7227 9156 3784 4814 5002 5748 3689 8381 6060 5808 6838
2907 9022 7714 4738 5119 355 8589 6612 1868 2466 2036 6732 3984 3672 7975 4346 43 5427 3199 5737 501 2714 2152 7821 3815 4693 2176 3011 1557 7134 3374 8788 7695 7966 944 6669 9178 4962 4509 5891 3190 2946 7098 3385 4366 1093 9002 5548 5906 8158 6788 2640 1258 4027 2772 2655 5797 382 5928 7817 4784 2236 4344 4930 2485 7749 549 9082 4044 1066 5153 4743 4559 3787 5056 2539 5245 4907 902 2892 3309 6667 1087 4484 1502 5345 4278 3954 869 3065 3553 3304 9191 6790 5407 2623 2447 6466
6298 7261 1706 7451 4657 4018 719 4360 728 4148 2551 817 6927 8780 327 5573 5741 131 4660 1131 784 5516 8866 4111 6550 2956 5694 1304 576 4299 7827 6662 268 7230 2759 759 376 7124 4594 2845 1260 5984 5857 2128 1974 3006 7145 4131 9363 7301 5417 2209 4739 9025 4775 2454 4452 2721 7552 7139 3255 5579 2192 5298 563 6963 4077 3897 3261 3353 7588 94 6896 8907 8905 7534 5340 5745 2121 4002 4172 6364 370 2941 1516 4982 918 3522 3074 5399 143 5569 2874 9305 7943 8778 6628 1400
1449 2062 8191 5885 4465 3310 6412 772 4329 3751 7983 4960 6415 5816 3951 5922 2341 6729 1894 4713 4575 7 5620 9316 3768 3970 4811 3415 502 1792 9298 757 6342 914 3968 5025 2811 7613 8383 3847 4239 137 1080 7033 995 2069 5790 5172 9261 4940 5181 2993 3898 2927 9060 2175 4961 8615 1011 809 8647 3301 7350 456 1428 1263 2451 634 9396 3977 3673 7319 8363 7919 6557 8638 2644 651 6018 7331 9068 3184 4658 450 2796 5488 6079 6570 6828 4673 4803 5093 8460 1933 5026 8242 4955 2132
4362 7249 7041 3229 4178 1767 3272 6164 5266 480 6952 2007 6783 5463 7528 2104 2746 1657 1628 8343 1041 4956 5033 9322 6532 8594 7629 8448 4625 1485 20 6571 6183 2429 5793 8400 6296 1294 5803 3923 37 5404 1187 7059 439 7000 6121 5431 3688 907 5981 4241 2080 1315 8614 1571 1181 2672 3457 7649 1690 4426 7571 1973 2252 2450 1370 3402 8389 6951 6482 3886 4710 1978 3521 836 2348 2076 11 2228 7185 5773 2298 8689 2617 2014 5749 2969 8945 7155 7925 8216 5775 3767 159 8731 1849 6954
3083 1070 4659 5176 3276 284 4132 1443 7724 4265 8537 9314 6476 2710 3330 7907 6754 6992 3506 511 2270 8923 8418 2081 9257 3488 3245 8308 3322 7247 90 6961 7318 7868 8245 4408 6805 4230 1062 4357 1377 923 4288 7576 5746 6528 339 93 1915 1340 1451 8458 3939 318 6559 8971 2654 9288 2917 638 2160 4760 4291 7875 5826 2951 6622 9116 9126 4948 457 8009 6881 400 4904 6050 6867 8526 6787 1332 2354 1007 1026 2051 5410 1409 7904 8231 6055 3559 1601 623 6435 3167 2280 7801 1867 6149
6915 1850 8803 2600 6179 5710 5475 1751 6180 7019 3308 4091 6158 8044 6294 1358 8795 2301 8036 6703 395 3611 4488 7481 8361 2502 7466 512 5447 8849 7665 3386 2243 3025 3088 2818 1002 5154 2125 1953 3290 2844 5568 5996 4279 6567 200 5113 6913 2072 8481 1608 7795 2881 8546 5287 2418 3994 823 3613 3084 6405 2070 5343 2001 706 4058 7847 128 3868 5324 210 4186 52 8750 3907 51 3360 7516 8561 1442 4675 3213 5890 8845 4727 6106 5354 2628 4853 6011 6909 5994 8690 3388 3568 1971 7717
1795 3451 8073 7475 2118 4171 7959 8595 5939 8529 2260 7671 5389 288 4603 5453 9045 4460 2850 2023 5286 7804 4728 2846 4200 3263 6745 304 7215 8635 14 2158 3945 6584 6657 4445 897 5291 8979 4574 5165 287 8670 8863 81 1823 2476 6879 7401 3752 4004 1415 1654 3722 779 1006 7938 3040 1353 3180 603 2259 956 8372 8141 7741 6733 154 5202 607 7610 4030 9241 8726 2289 7208 3912 4513 5919 4632 7784 2754 5881 4622 280 8639 964 3658 5458 2327 973 3717 6083 3635 4766 5706 5353 7888
7115 2212 3462 6125 7562 7944 1178 7396 6514 753 993 1132 6385 4379 6039 5819 4558 2757 3264 4180 7379 2903 6520 2770 2885 7518 4586 240 3902 6445 3961 2842 2953 8852 8873 132 2006 1299 3399 7822 3852 3976 3105 5858 8295 2976 2099 6457 8648 3000 2210 1380 1167 5073 3929 1741 4617 646 7987 8528 7733 5210 5974 4056 8232 5050 1616 9036 2482 8003 9238 1473 4640 1319 5572 6699 7308 6829 2054 8519 605 631 3282 8490 4194 2752 5650 433 2978 1027 6201 8403 5675 3602 4754 5226 7257 301
796 8758 8385 805 4975 6380 1387 2848 6648 4971 3637 8086 2083 4272 5967 1478 6257 5641 2778 5559 7424 277 8825 5174 3599 3101 8397 648 3055 6950 62 5870 670 4205 4917 2918 953 7670 7116 5686 1752 8657 6064 5188 8039 1476 8932 2980 6661 1252 1648 5735 3931 5978 6990 6190 2386 7799 4601 8118 9143 7797 8632 6166 804 3905 8997 690 7489 1913 5438 1347 290 2834 7849 2434 41 2319 695 1053 4750 4036 3459 4762 6200 3067 1793 3133 1575 4396 4255 1660 5799 8792 1124 2799 3763 977
8894 1209 1302 1562 8261 3659 8252 1 424 2456 5465 7332 6071 1154 245 5459 5064 2614 4959 7028 5558 3537 3477 6236 1567 4039 665 5267 6977 4501 5778 3404 8479 822 5811 7606 3381 6823 3438 6027 270 1085 3295 2558 3901 3579 8083 2187 849 684 7037 58 1587 282 405 1014 92 9158 1703 4596 9015 9256 258 4032 8569 852 4206 2180 3073 6773 6636 204 8081 5342 4416 7175 1477 8989 4828 1082 2424 7281 416 4578 6109 5763 7596 8714 2827 1857 8487 8818 8444 3154 8523 6577 1128 7016
7022 3047 7772 3077 7437 7029 4154 1508 7774 9289 2108 1727 5028 7157 9272 3934 5464 22 5096 3312 5075 9224 1686 7653 6928 2255 4011 7002 1208 1243 7732 3684 6147 2833 6402 867 5497 5702 2675 5801 4564 23 9038 1266 7618 7406 7690 4502 4105 664 3707 3361 7945 98 878 5212 244 7631 3221 3311 3675 7978 6176 1191 8161 2421 6348 958 3018 8408 6711 6191 3831 7808 7184 4169 7486 2262 1216 3066 6005 7721 1239 5305 7541 4987 5527 2191 4837 6824 7788 6649 7246 1934 5574 6967 5878 1384
5109 5817 3089 7032 2570 6777 3558 4547 723 2556 5280 324 8324 2302 1560 6017 6315 1013 7077 1234 732 8472 1212 4415 5643 2390 4233 4844 3456 8881 306 1314 5795 5024 591 5807 2483 6844 8055 4189 3932 5063 7133 5584 9236 6124 4688 3853 8431 3090 3679 4602 5914 8082 8951 2082 3107 882 1892 6814 2320 4070 4483 1968 5901 3170 342 6507 5254 915 6941 7324 1272 9387 578 7880 6701 4610 4652 2119 5134 1534 7600 5861 5753 2293 562 2676 5252 7791 8625 5824 4340 6194 2509 4823 5751 630
1676 7558 5430 8522 7402 1762 7844 6866 5302 4245 6877 4947 2277 5621 5184 6679 6290 614 6281 2264 3828 7376 9260 5413 2819 716 8413 7878 5789 7785 235 7094 2235 3267 1663 2578 4582 6368 7999 4438 7146 6578 8328 8806 6023 5474 1256 604 620 720 1012 4037 2186 4271 7578 4294 6259 4173 3757 4957 1462 1891 1148 5892 5513 248 7282 8351 9317 9141 3181 3138 1042 5535 8407 9293 5173 6794 6546 7932 8428 6876 3476 119 1827 8559 969 9213 7007 3620 5490 7018 1518 3858 6890 7010 4470 1677
8464 2457 9145 59 7095 1641 5038 12 4524 3314 6345 3812 6416 3197 4327 8544 1899 8612 624 1396 2308 8028 8279 718 1498 3454 170 4345 7583 2275 1865 2702 236 1075 848 2153 3291 8706 1293 8169 7755 1841 4084 3132 8586 523 2278 8967 5796 8290 5108 3985 4048 8468 3209 332 2971 1632 1718 3806 3794 5779 2839 3618 9391 7380 1122 3547 1862 6861 3024 4812 5664 2657 8275 7052 3194 2052 3297 7277 2272 5013 3327 53 7469 5219 8259 1295 3865 3780 3665 4287 8901 6696 1662 2409 6361 3729
811 2774 8032 2707 1832 8302 8331 5566 7989 296 429 5669 8631 5636 6086 4439 1929 2612 5915 978 7072 8564 9245 2826 6842 1032 1634 1237 2221 7472 5883 7384 5481 5030 3111 7930 4293 8462 4463 839 6430 4297 4273 3950 6551 972 9174 8148 6463 8097 1115 8857 6165 8157 5638 218 3624 5047 908 5269 146 8287 2896 3712 5517 4121 7757 5228 6216 1386 3262 5461 3550 9162 508 4391 4790 425 775 7716 9209 6394 5956 6706 1843 1924 1439 3529 2336 8399 2222 8404 1756 4799 1223 5179 6422 5943
7294 8550 627 6095 8267 7390 4369 685 6271 1610 8676 7171 8057 4243 6169 8390 2856 2436 593 819 5752 3113 4236 2608 7383 4636 3796 249 2049 7034 9067 2193 7265 3610 3237 9333 3433 8991 5606 8817 3963 6509 4128 8859 28 7744 4219 5123 3321 3743 4258 4309 2861 7809 3356 7982 2853 9171 5987 9226 2912 1760 4589 4474 3878 5238 9223 4816 110 9009 3420 5199 8391 3502 4061 707 3725 490 545 774 1136 221 7881 6312 2731 388 6335 7677 3972 5477 9308 9100 729 6419 328 6198 1942 8661
4518 5578 3166 3337 3872 6299 6647 5170 934 5397 808 246 5519 309 9137 6392 5068 2766 658 3933 4628 6051 460 5829 5626 3830 1049 3512 5323 9217 5191 6177 1790 6449 7306 1922 1407 8344 6283 9166 1394 136 3287 2793 1932 2880 1548 8617 4281 7601 7065 1300 5703 3762 6075 6001 4676 7416 83 4454 1605 5319 7991 2562 2719 7219 7739 1005 548 185 4781 998 7623 7639 5205 4882 5714 8630 7328 8607 6161 3193 8461 7828 8280 7646 3772 1172 5365 7889 7823 1429 3843 6243 8715 3241 981 8046
7137 4052 1510 5468 4963 7917 2234 1036 6337 7751 8642 5207 9077 7692 3406 6863 4599 715 7432 542 3144 3889 8422 8084 9108 7272 2708 5521 1656 1242 5414 7519 5529 1572 1381 5428 672 2822 6925 3730 2583 1044 6755 3652 6833 1254 5946 1244 4761 4541 9204 6796 1030 8289 459 3022 4913 8786 8958 1341 5866 9390 410 176 7922 7394 7076 8235 3709 4188 4921 2305 727 5233 2090 6379 6389 8350 844 8288 2647 9019 1312 16 234 5022 610 6973 2078 7627 5182 5594 1121 6442 9037 6150 68 1445
1887 4773 5927 1472 6127 6504 3677 8105 2018 7256 3741 8995 3687 6782 1078 8250 5441 2159 3096 9165 2395 6810 6882 5823 3054 202 4544 584 7513 3238 7964 3754 2340 8352 3750 4908 9315 2549 829 4399 8719 5562 4006 5550 7309 6821 6142 5934 6316 8262 8276 7597 3099 343 1173 5969 1715 1916 2984 8591 2047 3846 9347 2173 6266 2337 5491 4653 3630 8957 257 2925 4916 4407 8340 7669 8816 4353 7929 172 5500 5761 2177 3028 3059 3225 3748 736 1382 8471 712 1056 5877 2172 9381 9142 4969 6825
5873 4560 890 2922 898 9397 2603 7879 6218 5445 7290 7939 6362 8851 1923 3713 6065 8396 899 3586 9138 4689 7358 4556 4338 3480 8002 8450 782 1164 7457 5560 3517 4797 7045 3788 6780 3607 2988 17 3375 6566 694 4237 4508 3564 1788 7857 6722 2490 7909 2586 5520 5124 2065 6719 472 7955 250 8241 6815 2747 9007 9200 4443 4834 1803 3600 6624 8793 9122 3516 5660 6486 7789 8043 1219 7393 6511 3440 3370 2101 6333 5484 2936 3919 3021 1804 8822 3597 7802 1480 6133 2830 8741 2420 4434 504
7346 4410 6645 2317 3300 6399 3771 8293 7594 5374 4554 1389 9235 7735 2847 6935 8751 4068 1870 7363 7070 6818 6212 7913 4819 1930 2943 3980 8738 642 8094 8062 8446 1271 8456 7499 5253 1399 8415 8943 5882 7853 4946 1303 594 7647 1177 2126 4520 1757 4939 6956 5395 1198 5155 5512 3007 4741 5864 2795 3833 319 4580 274 335 2313 3489 4900 4372 4511 8447 6510 106 1286 4263 2427 4358 5955 9343 2179 8520 5820 9001 2230 917 7743 5561 272 8247 1872 1515 516 3120 4356 1833 8671 7271 5989
9270 2966 6098 1938 3240 4321 6999 256 1110 5421 5913 171 2096 6601 7179 4376 2021 2437 1636 6741 1130 1010 254 6627 1350 573 3973 1393 8785 4367 1424 3952 3825 2889 7197 3189 2342 4767 1853 3342 6145 7181 3100 7298 1418 2990 6563 4919 77 841 2540 938 3705 7908 6032 5950 6707 4215 5586 9344 6953 568 8116 2269 5896 7980 6553 7057 2035 2412 6590 3557 6101 3030 3156 514 6688 2331 9186 9370 7687 6251 5998 5627 6410 7131 102 5444 7049 6516 2498 6093 1371 4566 3014 8175 6067 2823
3243 1755 6349 5455 2497 4717 2350 4911 7526 1609 2376 6812 3953 3548 8510 8019 4167 3118 3649 3183 4555 5381 5872 3711 6760 1813 3080 467 5838 387 5129 3766 6901 3601 5876 2445 1513 1830 524 5066 8121 4301 8208 7426 2467 2820 1055 2667 6210 8848 5729 4568 1273 8193 1772 8865 409 8162 3343 8070 5642 1750 2381 5403 5958 1437 5055 8937 6328 3373 2300 9163 5997 8217 42 3949 4014 2296 788 1490 1511 1881 1509 6529 564 1021 5605 7563 699 5213 6938 5822 2800 1570 8323 560 4489 6327
5416 367 4695 2162 1638 3593 7013 6230 1145 3284 4432 3260 5118 6388 5234 4059 2197 3247 3870 2510 2931 1631 2738 1856 3427 4929 2364 8095 5879 3405 7493 1687 4850 6527 7273 2496 1531 1125 7342 8348 7654 518 6237 7186 2601 4448 361 5962 9206 6598 264 7638 3058 2073 3778 3201 1885 1728 7850 3832 3924 6207 117 6432 5842 1917 1565 2882 1543 325 6726 1257 3392 3092 2157 8436 9051 4577 945 1563 9371 8694 4785 1214 7362 686 3363 7662 347 8650 5375 1958 6640 4548 5095 9214 8354 7574
6670 7722 6736 3855 2717 8124 6597 6888 6875 7448 289 3563 1818 5356 7056 3877 4722 572 1816 6258 2666 6267 3650 6481 4862 7972 4387 3500 9373 4352 1820 8373 7217 1484 1241 8123 4892 1806 2404 8111 6625 5111 5145 4054 4964 8598 9198 1039 3128 2040 9052 3698 8164 3394 9350 6167 7673 3205 9069 152 4570 2743 7225 1019 2207 4085 8704 569 8342 7418 3424 688 8333 3499 7864 6014 4147 1061 8367 9107 89 9026 5325 7421 6959 8975 7303 6832 2314 4380 571 3883 4709 8603 5086 5564 3567 5639
7366 6898 6325 2972 5988 3159 6346 214 1366 3496 5614 3332 3355 2939 3398 3998 4985 8705 4536 926 7497 141 1334 321 6054 5600 219 1267 8412 6665 6206 1801 1235 7242 1558 1360 3246 7820 3925 1931 6471 8033 4467 763 7730 2059 2852 7069 7392 4512 2916 7410 9004 36 7727 5009 3094 7592 8375 2244 3514 7719 403 4249 2122 8359 2276 5493 6894 5833 8220 186 4934 7118 8368 4413 7252 960 5053 6300 4535 1770 5944 4453 1251 5682 6743 3331 5937 580 1499 6969 2653 6725 5546 9103 8269 7352
7238 8322 1269 6631 7625 6421 1774 8347 3098 373 385 5841 1807 2687 2810 7720 7347 6826 5418 1947 1261 8297 4208 4 6306 5057 3313 6850 5670 3123 5107 7454 6219 669 661 5158 3095 39 3603 9301 5821 1658 7361 4429 6770 2012 530 4852 746 5387 8663 4613 4829 577 1094 6974 2309 892 4480 8970 5625 8893 2097 6450 3421 2730 8882 8634 5960 7545 2671 6698 3875 6996 5907 1301 7092 7190 3345 5446 6840 3928 4526 4477 1116 5835 4671 3001 6807 3414 8541 4672 6459 7863 9039 5469 4374 466
1009 7132 6531 4597 7050 7263 1539 2613 1283 533 320 7876 2535 5762 6889 2998 454 1777 6053 3565 7295 8514 8596 2516 326 5257 5367 6862 9168 487 7661 4226 4333 5986 225 6119 5684 2860 3797 1808 6193 6099 8985 5631 8599 4086 1017 2948 752 5673 6899 238 6537 8809 3893 793 2140 7042 7446 2488 6608 3957 3446 3364 2205 3987 5177 4609 4397 8502 5831 8042 2580 3900 742 8166 3126 3086 5029 9254 7275 7111 3786 3444 3102 3418 4275 8755 909 406 3795 9246 8439 9160 1126 8155 6477 6575
1432 2776 5897 7988 8384 7023 1951 6753 1324 5448 3198 1100 845 7540 8478 7509 8709 8457 713 6849 1753 3642 6900 1375 1278 7254 4209 9112 1596 6226 7748 7222 8826 2374 4519 2538 4114 6036 2393 4461 7471 6350 2781 6809 4424 4425 5676 3626 4718 5576 9101 8010 8142 1025 6983 6137 4482 5849 825 5545 6870 477 4607 5860 5443 7202 7555 3856 6309 1352 4302 2067 986 6587 6650 9379 4663 6330 436 8244 206 2555 871 380 7641 3467 6497 2200 3703 9319 3669 816 828 8106 5243 9404 5980 7066
5556 6140 6762 4587 4222 1245 7188 8686 1625 4419 8180 8864 2854 1681 4244 9028 8249 5058 7900 482 3359 6943 3473 7209 368 8740 1364 344 7762 4034 1138 7091 4446 7278 8861 7573 8619 9365 2620 4624 7953 1883 2189 6063 5936 2246 5360 1376 7047 7678 3032 735 6574 1707 7985 6308 1956 1058 3999 4040 4007 4417 1050 3202 8040 3165 4062 2102 7832 8696 4418 6154 7341 4485 6643 4150 8643 5696 5850 6686 6000 5052 1745 1378 1402 1556 814 8627 8486 1331 2825 7480 2865 2406 5007 6618 9118 3967
2797 3718 1559 6020 1163 7871 2779 7359 2095 4003 8536 5667 1911 3320 2883 4918 6684 4298 4932 538 6104 4802 5691 7183 5396 5769 5871 2391 7233 6404 8913 2002 8805 3909 311 2085 2908 6130 255 4384 4831 5149 1496 2287 4284 8891 7750 8237 4894 7114 5262 5380 6668 4143 4772 6538 4758 924 44 369 5718 1416 6426 8944 7738 6642 2532 894 7194 9187 223 9375 8197 9307 595 8628 3755 5339 4363 3391 6293 7374 3605 2887 4063 7080 5001 6317 3501 3726 7122 2282 527 4669 7456 492 3960 1907
393 7119 4967 3569 1083 5954 1003 6196 3233 4880 4901 8695 5080 2815 4285 498 2805 1685 7758 8666 5902 4872 7640 8504 7058 2513 8132 2967 4968 5815 6744 7688 4896 5422 5701 1481 8442 911 9221 4403 1073 7349 7479 5780 9389 3354 7373 4941 8493 1590 7752 63 536 4798 3736 1847 5260 5023 3349 6808 8515 1810 2935 8430 8027 445 7205 1731 677 2410 359 3351 7093 2726 7865 5757 8566 6903 2273 358 5265 4028 8074 8928 7420 1996 9129 7506 3140 9285 9144 6568 6470 8349 6945 2755 7200 3854
3518 8048 653 9340 7686 8071 5692 142 4768 3585 2215 5964 6458 1268 3315 2906 1711 8744 1440 5601 1574 3461 2217 2332 6813 7512 4305 230 3472 307 1103 5359 8151 5830 9079 2957 1838 3348 6302 6830 2813 3319 6596 8000 5926 4033 1906 2219 5452 3217 8829 4472 3654 6558 1666 3062 5672 8119 3678 2265 9231 7434 5501 3575 1182 7507 7488 7213 6384 8233 2921 7560 2803 1001 6985 3765 2465 1985 1553 1270 1935 2461 916 6600 7008 949 9386 950 8189 7243 278 4494 7936 3436 4368 8889 8212 2283
3993 8915 528 5059 6747 5895 7580 9384 5335 440 6795 5663 861 1969 6629 8868 7395 6556 7754 2288 2814 2858 792 797 5502 8855 2120 5485 5920 5273 5143 3867 7706 4542 3524 5900 2716 927 6195 6530 9378 8581 9062 1871 8757 5101 4101 5723 5867 8205 8005 8480 6343 7564 4435 6995 7503 9006 6250 2463 3542 1351 935 2643 7291 4326 9266 2131 6253 1661 7726 458 8669 6465 800 4824 105 2394 5487 3338 6002 2227 896 9090 7245 8402 4001 5450 9087 748 8465 5804 547 8201 5991 7431 5218 3594
