17 19
202 199 177 237 167 33 251 189 66 25 70 10 104 122 304 47 0 272 258
254 4 17 299 252 193 1 285 316 132 69 91 197 186 61 162 112 35 303
45 15 149 40 287 128 11 74 297 174 32 275 113 305 170 78 274 306 88
292 56 131 249 169 7 230 201 218 226 118 68 183 76 46 291 250 223 21
185 212 125 210 247 85 60 116 12 52 72 31 221 144 6 267 295 234 36
320 161 319 157 188 163 208 143 263 266 242 290 302 179 198 89 300 211 269
98 67 240 130 213 133 215 278 115 139 265 219 14 117 28 225 101 284 293
105 63 43 227 97 77 49 192 90 239 165 229 71 110 53 232 79 42 136
178 83 314 321 190 155 184 23 233 2 58 261 280 182 236 228 171 134 187
262 200 168 286 246 196 5 103 86 102 270 156 146 152 180 271 51 135 277
268 159 222 289 109 166 276 231 283 57 29 38 26 129 44 281 27 8 322
87 248 194 312 259 195 19 205 244 95 96 298 150 153 301 296 294 59 191
124 164 64 141 111 55 20 245 175 158 172 151 126 253 241 264 99 107 318
80 315 309 313 108 256 81 145 16 73 92 30 148 279 123 310 235 257 209
82 238 37 120 138 154 206 140 93 181 114 311 308 217 204 160 243 203 176
22 214 282 50 317 34 100 142 62 48 75 127 39 3 106 260 173 9 18
224 24 65 41 307 207 220 255 13 121 119 273 94 216 147 54 288 84 137
