20 19
166 97 29 219 301 186 106 150 81 269 369 165 162 376 143 133 130 160 337
260 137 154 10 101 283 328 82 117 242 316 272 80 320 327 230 264 0 67
61 62 86 98 245 104 170 109 125 313 66 356 93 348 25 302 277 194 287
312 123 8 51 304 314 238 139 38 147 224 71 171 244 298 95 48 218 322
255 309 207 291 317 229 364 189 169 212 110 72 141 77 122 217 265 178 286
6 94 292 359 152 173 294 50 258 284 21 167 202 296 63 267 205 12 280
84 111 289 261 105 135 237 40 70 190 107 360 1 290 271 41 175 274 112
297 246 7 23 210 263 368 182 204 179 4 276 222 340 19 231 323 353 256
24 127 208 187 252 116 59 31 249 79 73 306 227 60 329 35 174 176 57
102 318 196 285 326 172 37 278 158 257 56 307 361 45 315 344 119 206 177
27 349 211 367 88 184 266 129 251 366 126 34 55 5 355 250 379 220 203
58 235 213 236 372 321 161 288 311 115 233 64 352 17 164 155 370 279 330
275 303 247 20 281 28 157 180 215 225 145 14 159 32 13 199 153 103 39
228 36 357 343 132 85 138 332 310 209 30 9 335 96 300 44 378 308 148
136 345 91 128 254 16 198 339 78 120 156 53 347 341 69 200 99 52 87
118 47 324 195 192 15 131 305 22 74 3 181 49 90 241 121 268 371 299
2 188 43 214 363 351 223 201 226 46 336 350 346 191 270 282 18 354 239
248 334 89 197 365 362 92 113 331 243 140 146 216 26 333 11 338 168 375
232 114 342 151 108 293 234 144 65 373 262 163 295 377 240 319 100 358 76
253 33 374 142 149 183 83 193 221 75 325 134 273 259 124 42 54 185 68
