99 96
5485 8118 510 875 1929 4447 5090 9210 1068 1202 8415 9361 7046 711 4739 6207 6732 4123 2270 3452 9369 6293 2766 8081 1788 4354 8151 3153 1276 4863 1680 6325 8722 3946 2366 5098 1879 3283 7082 2961 4339 5922 5806 8606 110 5456 9020 7884 1533 8524 5947 1041 6531 785 4792 8877 967 7965 1571 6909 5314 140 2654 5778 7808 3707 2782 4655 5914 5848 5373 8893 6949 9108 9359 6953 8854 6080 8746 1495 769 6600 2635 8695 3847 5500 2337 5473 4223 468 943 8842 4024 2733 9386 4544
8392 5729 1649 1832 7814 1487 4615 7867 5687 6090 4212 3956 681 3556 2912 2692 813 5174 4663 7611 8006 4918 1939 7254 6203 3254 9153 4531 3020 2730 2954 5840 2528 4061 2727 8001 7042 7968 6064 7658 8430 1035 7220 8566 7702 2830 1348 8845 8101 1575 4253 3213 8158 4005 4662 526 8776 6795 6526 116 1058 6711 2484 8526 4308 7619 2966 4019 4369 6225 6355 7652 4107 7432 2090 3043 6055 281 1555 6441 5402 6222 8033 5722 7827 2805 5405 54 8030 33 3940 5544 7016 945 175 6774
464 5638 9009 8691 30 8829 6136 2357 6182 7583 8906 8535 3150 433 4689 8104 8425 4363 6017 2094 6046 9400 5356 4258 7556 6363 1831 8878 4499 2571 1148 9056 7589 7858 9464 4410 6718 7634 2170 7898 729 226 1834 2463 2063 4932 6820 6352 5658 6461 2842 9278 9017 3858 1297 6272 3716 5552 3682 8171 5737 7328 55 3369 1841 6878 6783 67 3531 700 8656 2171 5466 7948 9075 1516 8986 7403 4008 9159 4457 7803 787 7936 4500 4876 9316 6580 3042 2685 1311 6700 4227 5295 299 2341
4002 6814 1496 4634 5436 399 5074 6916 7734 6251 7544 5971 4697 7428 9381 388 4103 1770 6087 2993 9306 7724 5712 3284 139 3891 6733 4289 1069 1007 6599 6930 5439 4523 2307 4603 4788 1846 2615 9436 2126 3936 8869 1786 8493 1290 6523 4305 5571 2460 749 432 3669 5921 7060 5246 4031 6302 5431 3018 2121 5749 2446 1171 5798 8825 3880 7417 3397 8946 5793 8383 4847 2929 1332 3562 4967 7566 7687 2144 2650 3067 6200 8054 1121 1789 2618 2251 3855 7628 8981 9314 2931 5572 7483 964
6874 6304 8247 3073 8671 1736 6753 7387 8739 6707 1085 6553 4737 3233 9485 129 3904 5337 9006 9377 9478 2278 9297 4270 2048 1433 791 7472 8756 6485 873 5739 4462 4981 6281 7466 4812 1658 4504 6765 8358 5844 2210 4748 5559 8839 4669 6384 6771 6205 2207 9138 5874 8777 4589 9451 2673 6275 9284 8496 1945 6929 7080 5015 2329 7322 4639 9288 414 6220 6646 7036 3305 8759 3818 8544 6339 6813 5236 6603 1934 4909 4605 5281 7448 1124 1293 7153 4878 7384 2209 9430 8574 2885 1101 156
6403 8729 7164 8715 1249 6677 8341 7386 6568 5115 1114 2611 4759 7750 7180 6617 6520 747 4573 8824 4043 8416 7639 1255 1223 337 269 3991 1612 3112 3085 3059 5935 101 2012 6623 5091 2991 1692 9444 2601 9232 8297 5696 4317 5347 8737 9092 3310 5078 4929 4455 3876 132 2999 8911 2687 6123 7715 6494 4526 8185 8658 2608 5920 5586 3013 1579 6734 7845 3124 5863 7896 5438 1271 5909 5781 8384 5927 1002 7142 3075 9209 7713 6085 7765 4955 6407 3585 343 5986 9134 7266 2867 5159 6190
7033 1809 7442 8785 4658 7731 2132 3448 2739 8539 6202 4940 9294 8406 2256 5554 8983 4009 600 8581 9257 7017 2827 9118 8111 6037 7694 2327 5771 184 3933 5415 2398 109 1460 9347 4295 590 921 716 4668 3034 8442 547 6106 4683 1876 5477 2204 970 6057 3507 4106 3033 8239 8908 8320 2436 8913 6183 8281 2053 6113 2855 6810 731 3766 6060 4883 8745 9032 7612 7004 4150 4453 9039 2834 4600 7752 376 2301 4564 4179 2800 9248 356 5208 1526 1666 7075 2965 5581 8879 8836 6151 6376
1540 1952 2971 3378 8015 556 6609 2836 4853 2980 261 6759 838 3477 5718 1515 8905 3836 1102 2383 5316 4928 9410 7944 3222 4070 3737 9037 517 9090 8218 7667 4817 4831 4664 2828 6919 2196 588 5993 1106 3379 8923 5044 4951 6413 5551 7336 8065 9255 7669 486 8053 1586 5288 2477 6808 8298 4674 514 9053 2537 2575 220 8537 7376 3279 6655 5408 9312 5764 5629 8376 59 5703 7971 1829 7451 4444 2031 4479 1065 1928 3630 8506 5386 7525 4535 692 1830 6546 2913 9091 8884 6323 5339
567 5754 8473 4559 5568 752 4720 4087 2900 6369 7604 2362 3502 3210 7657 6843 5535 3581 8894 3658 939 4980 2987 8816 7880 2559 6295 8868 4651 6578 6716 6694 7925 7766 425 7474 8256 8440 6504 3068 1975 136 5235 7689 7145 1545 765 8767 7165 3912 2717 5186 3748 2688 1192 4984 7697 1062 6309 6425 7622 2572 2404 4939 1248 8655 3359 8533 2937 8003 779 6571 114 7069 7288 4203 4994 6969 9323 5954 862 8179 3671 7726 6842 1166 5101 3272 2847 4337 6215 2986 8951 4473 1717 5089
5904 5222 6811 7195 4775 2043 8194 6172 4085 7468 2647 3225 7456 8765 9196 4278 1203 7706 6610 6840 8668 5305 9289 2935 2569 924 4086 6163 781 5294 738 7975 5039 3675 5469 4495 3126 1833 9293 8872 329 4654 369 6053 6428 3412 5707 8531 135 6435 4175 2203 8788 9185 3805 3867 2172 4359 6167 5298 8929 8357 7083 4254 2820 7742 2531 252 7311 2134 3455 8889 1887 6685 2044 4706 8677 2037 7595 8172 4647 4772 3435 2848 1955 9014 7065 2163 8461 8393 7258 4208 2244 496 7150 5622
4343 4268 71 462 3995 4988 3298 6003 4949 9460 2120 7666 3410 793 8707 6717 4389 7126 4646 262 9489 2891 2696 307 5276 8189 2220 7876 5596 1856 5036 8775 1662 9131 7013 4854 1775 5911 498 2951 903 2485 4464 3591 4584 8807 6382 9471 6133 3993 3972 508 723 561 9495 2639 2916 6935 5517 558 4402 8589 5116 3195 6898 8088 1502 6983 5692 7181 794 2816 8465 7673 5207 3696 2292 7665 6150 1905 4973 5496 7602 1049 8481 1609 9500 2512 6645 3357 9051 3469 1592 8423 6945 3970
7530 7316 8370 1468 9183 6605 4230 6790 7503 9169 2773 2080 8027 7319 3752 5442 2864 3171 2331 3267 9186 3167 3650 4075 1260 7857 2638 502 1103 2547 6164 8035 7780 753 6975 168 6007 4038 2128 763 9043 5757 6946 7333 8738 1225 6370 1172 3643 7057 2122 2274 717 1443 3400 1643 641 4438 341 5752 6981 6078 2850 504 846 691 3417 6230 4857 5076 8134 9220 3296 8922 5148 6191 3135 8414 2454 3484 761 1187 4661 8795 7168 5750 5167 3751 7343 2726 4415 1284 465 8939 7659 2151
5256 2072 1912 130 1771 1168 6530 3626 6436 6422 1324 5326 7408 8637 6549 5411 4328 2578 8137 2277 7708 1210 1281 5816 2087 5209 6196 5140 878 3871 7633 4846 5181 7277 6116 5048 3265 2021 7705 775 2222 8441 5995 3646 9390 4993 4028 3263 3048 6256 4373 9212 2153 2237 8183 280 9469 6782 9453 6672 5331 9499 9438 8284 3928 1206 6330 3501 7935 1350 2799 4234 740 4861 527 9197 7910 5834 6615 4342 6421 9336 3247 3089 249 8862 2358 1329 8924 1358 1551 5349 6497 3905 5185 3709
5956 8476 6320 609 5870 441 5481 7881 6193 7578 386 4487 7841 1080 874 4598 6351 95 7615 4691 2880 7861 9351 3690 3289 7911 7741 4619 9251 8547 3420 1693 8224 7514 7825 6306 2138 4773 1804 9472 1321 662 6068 6314 1824 4191 3128 8106 557 2523 5004 3635 938 4538 7000 9198 674 2026 3360 6134 2197 8115 5323 4498 3185 5929 4332 6704 7834 9393 8959 2640 6448 5180 6092 576 6702 5362 2597 3830 2397 1635 6699 9015 6439 6557 805 206 7022 7489 7494 8970 8290 1826 2009 8833
8876 5799 2889 9222 2295 3689 1420 1194 6152 4390 8502 8349 2838 5582 5847 8727 1247 422 671 2968 3347 7104 3276 2763 6894 7338 4221 2183 2735 7261 8968 7251 1675 9383 8196 1585 5846 1880 4705 9063 3278 5350 170 7529 1589 5205 1970 3100 4073 518 2743 5942 577 6873 3677 6876 2583 3227 3395 5505 8618 4707 5760 3820 5955 5894 915 627 7416 1849 8663 3152 7260 7303 6816 7563 2061 8069 5854 7747 8362 7061 4391 4796 5975 4996 6495 6612 9409 1513 3844 3245 4667 2238 3663 3321
9331 6650 7903 3129 9264 3987 4636 1259 2567 7010 3106 6508 4407 2387 8941 8232 2660 7312 5032 2860 238 3895 3467 1052 4577 4896 4552 8038 1767 3602 1900 6212 5364 5855 5524 5514 3803 2768 2664 4751 6252 5522 8552 4181 6361 5931 9064 3083 1239 8238 2544 8308 545 5820 7265 4478 8561 3090 3789 1665 6411 6577 6456 1606 7207 3938 909 9070 685 1326 6300 8032 3275 4120 4065 8635 6483 1204 4287 3497 7575 823 6573 3017 1577 5570 821 2594 456 6966 3077 131 1341 4226 4907 1854
4762 3584 6974 7906 6083 4476 3156 4182 3618 666 5003 2884 9353 5452 8316 9201 6618 6223 1330 1220 7796 7345 2030 5512 6616 8148 44 3968 6105 8572 5070 7957 7422 6337 5833 7511 9456 6706 260 1751 7227 8689 4222 7349 7462 2346 814 2438 9122 2703 6914 7123 2181 7862 7176 3372 5489 188 5354 1757 1473 1930 7420 4184 7268 4521 4303 4633 312 3194 6621 3978 9465 5050 5974 6347 6165 4050 2022 4938 8389 4471 3921 5583 413 5967 9160 1716 2659 8617 5808 8366 899 392 4789 3828
9237 5699 22 6844 9184 9269 1179 4379 9033 1647 9439 4617 9466 154 3799 5842 6240 8466 9313 7317 86 9437 7576 7253 3557 6893 2542 2476 7223 5182 929 1570 5052 5888 4168 8758 5249 5736 1097 1388 8628 4420 3813 7521 5012 5471 1144 2475 93 7493 6420 2263 7817 7601 1277 160 3717 6161 9242 809 2054 9152 8674 4205 9189 2670 3104 495 4093 3715 5330 5465 6821 6619 7212 8855 6997 7762 8915 2543 7038 9240 8244 6502 2679 3983 1899 5530 1867 741 2803 3098 4134 6654 6389 771
4956 2449 1000 6547 7098 6228 6472 8963 3329 5705 7445 984 4587 3485 5603 9144 4335 8321 6927 3041 3872 2932 8021 880 5990 3336 8681 9334 8821 2394 5142 8699 2505 8403 3426 1205 2125 1911 6871 1559 1790 7433 1752 9035 668 9029 7200 773 1241 1546 9279 994 7350 1196 9287 5866 926 7362 2440 2099 954 7991 8586 7490 4821 8579 2527 3608 1156 6988 2285 2148 5179 3069 2678 7885 2230 5654 8253 5399 7369 3137 3514 9119 2399 8790 5906 635 1087 6245 7584 4494 2770 8504 959 2005
7537 9128 7297 4281 7994 2280 9028 2746 6838 3691 2059 6474 331 2195 2875 362 5160 2942 3612 6170 5648 7520 9308 96 5085 8257 5784 8314 2216 9346 3122 6902 1279 75 6803 981 6189 6036 5591 3931 7497 7066 6800 4217 5662 1853 7213 5602 7892 353 725 8569 344 3416 2593 3641 8541 3436 3234 9344 5640 41 2078 2656 4463 5865 7510 1323 4588 8390 806 8484 7459 811 1170 2536 7439 6217 5030 12 1177 384 3374 4477 8302 9088 1638 3516 4265 3527 4183 6290 1818 2455 9164 734
8591 613 6723 29 6637 284 987 1630 219 563 5923 5957 5858 8219 1011 6498 4144 9143 6681 9322 4875 7781 1576 6358 8180 3886 3011 5565 7807 2096 5068 7078 7917 3327 8336 3859 6374 796 370 4795 3877 8329 5244 8867 6991 6640 1838 5650 1523 277 694 3600 8686 2188 1109 2573 670 5367 3839 89 6507 3713 623 2809 3138 9072 4964 7984 2811 8492 3611 7205 5104 1431 6729 7846 4388 6730 5724 7998 1150 8590 8719 7559 3932 3358 218 4653 9262 336 7285 1040 8444 7924 497 3684
1949 789 1308 883 8763 98 3897 985 4145 8554 7678 3054 1750 6986 7233 8205 4271 2728 8353 2179 4435 7058 2973 5429 3131 7509 3593 2503 5290 1725 6405 1532 3807 6883 5817 6303 3542 1957 9050 7295 3022 8126 6566 2878 579 4503 7050 6366 3881 8451 152 3425 6265 633 7818 4997 8536 6089 7388 1712 9454 4904 1162 6297 2863 5491 8942 3609 1361 1236 2257 8005 1779 4569 4374 3619 5787 5237 7412 8870 1764 7791 1200 9422 5994 3332 2323 8382 2052 9352 2419 2737 5651 2283 2915 6561
1938 8897 8387 8603 9082 7440 5701 1082 9038 1792 302 3119 5163 8659 1199 3256 4925 2355 5742 1904 533 745 6201 6267 7460 3274 8801 3288 8873 895 1995 4193 8497 718 7847 9440 7714 7505 401 7171 3798 8131 1872 9276 8333 1414 161 7276 8577 5825 2539 5434 7988 7174 9171 1613 3430 6328 8397 5178 7674 8638 1264 2894 1425 7107 8772 891 8208 9049 4790 4089 7371 897 7240 1889 4272 1759 1347 7580 5569 8627 5782 3174 7621 9182 476 2315 6754 1976 3558 2384 960 6996 2002 3857
2279 6410 8584 9432 5890 8359 2609 5910 4850 5849 8209 5357 1847 6486 4991 6867 1595 721 1587 7553 3535 8431 8749 1449 4677 8890 4209 8713 4074 8958 8477 5887 5501 6141 8294 6758 9218 4520 5973 3349 1707 5302 2731 6263 3666 1244 2779 5198 3969 8143 8593 7302 2711 5333 3974 746 8479 4371 4822 953 6689 8762 3166 1871 6528 8711 8386 7736 5096 8076 2328 9166 3125 4851 2405 4493 8599 8243 8435 8089 5792 4072 2722 1453 7455 7151 4791 5513 6453 2595 7429 8352 9387 5940 271 9004
2390 7996 6635 4111 5558 4259 3775 3183 2330 4761 8130 2105 181 2562 8560 3328 50 5234 8018 7798 7811 966 4852 6027 7743 237 7718 1563 6856 7940 1840 4942 663 4421 3566 5093 1572 171 4377 5279 1231 728 1258 3250 6334 1821 2001 5561 754 1344 208 6999 7105 2378 6809 3446 7864 4141 7927 4472 1442 4672 3866 5025 7229 7630 5826 2013 3733 6398 3543 8703 790 8800 4970 4313 6329 5809 5077 7551 1464 8978 5762 2760 6022 6570 7773 3411 7005 1980 5837 2818 7822 6074 5666 2114
3201 7084 578 9055 554 5024 4977 3816 6406 2734 3889 6438 1597 1006 1754 6025 4224 3702 1615 1663 5173 562 6690 330 3860 4199 6728 7071 5282 6457 4736 5461 2902 3645 571 8694 5862 2324 4411 6725 1850 6269 1163 4422 1655 6934 4763 7286 2443 3544 4063 1977 4870 4405 8404 7758 9199 3744 3539 7962 4155 3838 555 1511 4848 6029 1906 5353 3743 7613 5907 1894 2751 920 1843 3140 2898 8626 4602 4869 3908 4079 1222 8512 368 6786 4972 5051 5540 4786 8201 2235 5210 9173 910 3317
5020 5880 9419 342 1820 2116 7707 5611 9477 3314 689 6500 918 6696 7479 6644 1051 7310 4958 1773 443 8367 6086 699 5970 6952 5702 2380 18 6404 3920 2198 3959 3078 6785 6424 4930 440 3009 83 2604 3826 7357 108 7401 4860 8242 3026 239 1891 2849 2264 667 8640 5057 8778 5000 1364 7324 4879 4599 8670 5768 8891 973 8235 8087 335 4595 7568 9447 1456 7280 6905 2322 6940 3299 879 3231 7943 7739 5779 4329 74 2466 2147 5320 3249 927 2943 7499 4644 48 3589 5948 3909
2554 7481 8013 2814 1520 3896 631 654 5069 367 1835 7703 4256 7623 3683 3381 8510 8279 3541 4245 515 5187 6984 4924 8334 3511 295 8960 8142 642 4920 9389 3175 2683 2109 2097 1590 6778 4112 270 5926 1152 581 6247 4723 2174 1861 2612 9229 6014 6579 4251 9473 5248 4429 2793 1160 6743 4532 115 2791 2736 2106 6791 2549 1985 7712 1298 3178 8721 3852 2526 405 7823 6755 9193 2382 3790 5838 6468 1997 216 6469 266 6960 7785 8211 2426 4882 3214 5941 8260 6575 7090 3532 6458
4056 3592 8595 9 3345 3144 2293 7754 598 5839 179 2558 7449 8094 4732 816 8267 393 2632 6651 8587 5406 7091 3146 8437 5785 3634 8293 9172 3977 1678 4690 7198 1428 3723 5610 4357 7169 1287 9311 8518 5797 2541 6662 4330 2582 2191 90 5488 859 5224 6964 6620 7400 9161 2795 142 4102 5794 9244 4376 8685 9326 5119 7956 1651 8049 549 9061 2691 7396 7698 5684 5105 3984 2621 9396 1426 9023 6747 8594 1827 4119 1471 5630 2495 5123 6664 1994 1145 6283 4131 5715 6034 4176 986
7070 4135 4367 3824 1660 6556 6773 917 3846 285 1639 6471 9250 6099 9254 2299 1618 8266 1691 6511 4834 684 9379 5962 5268 1292 7685 7856 4745 5146 5143 5670 3463 2645 9286 3610 6858 7670 2225 5260 3261 9215 4712 6761 7804 8725 241 6590 6162 8780 371 2275 3754 5704 126 4699 7257 2467 2914 5495 406 6257 122 9486 4746 2873 5421 180 6509 6209 7744 2841 1907 146 318 6088 3355 9060 3459 7597 2976 1458 7361 8549 66 9113 9086 3074 3955 5006 1422 6254 5600 9406 2556 81
2156 4565 7404 6135 7320 4152 7138 2130 9363 2233 7391 3761 8241 8409 460 6076 383 2165 503 5539 4802 4241 2470 8162 1632 7282 1143 1937 6993 2585 656 9328 733 24 4591 621 8064 8029 9059 3522 3495 8542 4678 8045 1437 4962 1157 82 6885 6248 9227 7518 2658 743 2194 5153 7833 6772 798 2992 6440 5991 7964 6058 363 4571 4481 6147 5668 2127 1989 1343 8989 6947 8815 5066 686 4735 1656 2260 8615 4294 7353 2810 4077 6171 9148 1016 2502 8140 9065 1739 3051 213 6155 3330
5348 4426 3242 2723 5273 3627 6708 1274 972 424 5124 3850 3494 4855 6594 6291 7473 4140 9468 4768 6362 5905 4820 6138 1207 4416 2797 7484 1913 2956 297 2139 4716 8344 8074 8558 732 2538 6701 1208 2457 4196 4496 6119 6807 8966 4338 7831 7617 944 119 3996 8786 5155 4832 233 538 7079 7162 658 6312 7427 4048 3809 2785 9130 3973 5968 4082 1427 5385 4563 2955 1265 1744 6634 4657 444 2461 4365 1027 3734 6414 8736 471 9162 4823 2964 6287 6081 5682 2129 1379 8356 5029 2088
525 1063 1115 7976 4246 5626 6168 3568 5022 1530 9094 5437 3963 861 5952 373 2401 8152 9180 620 948 5131 6307 7721 5827 1864 1983 1504 629 8529 7895 5368 1136 1228 9079 5516 7849 9407 5673 6818 1474 4555 4114 6806 9235 7019 3353 1837 7156 6042 822 1569 1851 4710 5225 4803 5647 7237 8521 1033 583 2995 9345 5573 8639 1351 4450 7372 9073 7219 6301 5492 2701 5943 4923 4004 5815 5843 3324 4740 3517 4397 5811 8417 5886 5403 7330 6327 7690 1475 8012 1402 1842 8926 6268 760
4590 1056 8864 8846 6944 1398 2780 4309 1370 3333 3376 2643 6979 679 7695 1640 477 7953 5335 3506 7194 197 3545 2272 2653 4469 6195 3685 457 1209 6239 4910 9151 7952 4126 3990 1703 153 5188 5617 3056 8875 7819 742 466 7089 6047 138 4551 7137 8688 452 1489 7771 5117 4874 800 3667 3686 1240 221 7700 1671 6260 8472 2525 4174 5292 9414 7191 7447 5759 6801 3699 4247 5446 3681 9054 8904 2906 2852 7187 85 1043 8724 6823 6642 8806 851 8718 4891 722 1652 7646 7648 9256
3604 5114 5019 849 8604 6551 7443 836 16 8787 8486 892 8822 6180 5232 4465 9441 5398 2497 4814 5883 4356 1018 4186 3211 7037 9402 9403 4601 4202 3664 2113 5803 1715 8122 3155 7226 1721 1339 1180 8848 5433 5780 3478 8295 7095 7915 4489 997 3380 7204 1387 5428 5899 3370 1506 105 347 20 2187 3927 768 5641 5575 8207 4776 3628 6487 9101 8608 7603 5266 7989 9069 7026 7684 5731 128 421 1765 2675 5084 941 6484 4700 4364 9405 1451 6364 293 3292 6775 2588 1484 8895 8123
6648 6142 1669 2199 345 2297 2258 4219 4780 2504 3688 9098 3133 8113 3795 3409 1395 7378 1583 1993 38 7246 1413 1774 4243 4750 7208 1483 2934 6503 8264 7099 7293 316 9145 4216 106 3655 7547 4770 3091 8992 2845 6311 8467 799 8565 8259 8974 4163 7981 3099 7326 5430 2051 9021 4109 6380 275 9329 1935 1956 8733 3464 9167 5741 4067 4108 7810 5810 2686 5982 3937 3093 516 9404 4913 77 5504 3742 3232 2877 6143 8641 4946 1320 1624 8339 7192 3741 7086 9121 3780 5164 9011 3319
4115 1429 9391 6429 3490 6378 8543 5028 8588 3302 8931 4021 94 6714 7172 6249 2761 4893 3894 9137 2981 8310 8769 7548 3244 4113 3676 9462 5804 3313 2101 1897 7275 6911 150 3096 2453 52 5720 1119 3882 5343 4284 4279 7166 1603 8322 3796 4631 585 5714 7640 7843 8914 3177 1802 9457 4220 7495 9067 7225 339 5566 3736 7931 3419 8799 3444 7021 2794 5790 3587 8452 7094 8272 9417 2208 2698 1154 8596 1355 7397 8407 7144 21 328 8705 103 7993 1017 5652 9263 8277 8804 1331 1784
5656 8602 2801 7103 6680 5370 9141 3706 1373 9463 292 3338 2019 1003 8469 4971 569 8791 6611 1411 4908 3825 4508 8853 6149 1019 9025 7368 863 8990 528 2705 3053 411 9421 4960 6112 6124 5083 7887 7592 9395 2055 5637 3192 5106 820 4582 6841 8567 7132 3617 8240 7134 7913 2676 5772 8343 2091 6762 4195 5410 7045 4242 7269 9211 4071 6157 4578 8482 6705 2038 7024 1334 1653 7498 3637 6597 7565 8354 5770 35 1984 1811 447 3226 7272 2812 4998 5755 5150 8355 5358 4953 5206 4442
5963 8319 2111 1132 2273 3957 7560 6427 2424 7764 2430 2738 155 2166 646 2146 7899 839 551 7676 8997 925 5984 9295 8170 5693 7127 3958 4570 1390 4099 8360 872 5228 1796 7135 1503 8741 6738 479 5853 4344 3819 1567 5518 1973 801 2548 2349 2684 634 8499 7571 394 6224 784 7344 858 2788 8086 3879 6779 5486 2104 3962 4895 2996 4804 9307 2432 3169 8325 6850 1088 8036 3044 688 5275 7967 5824 1175 124 5579 5836 3118 9170 9191 4873 4800 7377 5841 2789 5184 3884 6541 230
1305 3438 4381 4291 9285 2741 8216 1766 2369 7787 6286 4036 1434 9496 5193 8498 3423 9027 10 7591 3255 4237 2290 3447 7410 3504 2682 3362 8597 8331 4830 1866 7052 1153 4728 603 4240 6491 3500 5869 617 7555 1667 664 4950 7340 72 4361 8634 5725 7347 6524 3109 9194 6710 4049 3856 1447 2262 5304 7197 9107 8433 8773 2110 4336 683 534 777 6639 1319 8982 322 3582 1644 1777 3134 5556 6932 6315 6626 5111 626 7727 6881 158 8740 2796 1038 1138 3116 3954 8794 234 6608 147
1383 8155 9034 8783 8563 7835 2550 1914 6117 3848 778 9202 8947 7890 8666 5136 7569 9219 6845 5775 4146 2790 6854 3442 4403 6121 8899 4793 308 8288 5686 8052 3102 619 1689 7182 4325 870 7425 1054 8665 1921 7815 8903 1677 9374 321 3457 7148 2334 604 6906 6093 8289 1884 4609 553 8402 1107 8129 9042 6889 2552 3462 8934 4645 8210 6678 7125 1147 8017 6861 8454 4034 9013 1021 8324 4467 4214 962 3747 9154 2254 9124 1596 1366 8936 8964 5301 232 6319 4787 6582 1381 375 4608
7147 3120 8265 5892 1490 5134 6032 2742 3404 1839 2067 207 6054 2918 4097 776 6887 6659 6965 2623 703 3062 1216 8422 3405 26 7983 8313 7271 1616 6804 3888 7335 4012 6131 7380 2229 5215 3030 1724 3750 3578 9226 4198 7922 3461 287 5401 7217 88 6232 3373 2829 7278 215 6538 1565 7073 6802 4826 7290 4986 144 1001 3325 1 5773 6299 8998 1758 2506 4156 7392 9246 7868 1042 7585 6585 7088 7074 461 8480 7003 2392 850 8057 4687 2517 1419 7121 1128 3390 3812 3784 8652 9413
315 8462 5217 7515 5346 7231 8954 53 6490 8949 1354 5289 6386 5125 1924 8488 2 8519 1337 8735 7102 7292 4659 5924 311 5531 6176 6066 3849 8669 9085 9358 8073 570 4327 4533 4440 7159 2566 1164 7824 6834 1625 7457 2236 7112 3196 506 5252 3787 2284 2958 300 8071 2416 8173 9335 6815 9146 8226 8230 4566 2513 1369 5636 3 9378 587 2702 4452 9420 7055 5679 43 2118 2607 2227 9230 720 7221 792 442 334 2629 3853 5033 1467 4432 914 1535 9338 3563 2211 1023 3418 5756
9149 4148 7506 7528 8080 8874 3368 9446 7581 1173 445 3493 4990 2522 1186 8917 37 6353 8079 1637 7093 183 6368 3294 9292 4 5664 7072 3551 5788 7027 8582 4218 6030 934 4845 3097 6792 5055 1927 2759 7599 5980 1070 3910 8078 3776 2671 1701 6972 8702 5086 2243 3028 8228 7405 415 8811 881 5510 1878 5723 6875 7909 1300 1509 3731 4307 4441 3220 3142 9492 6455 5344 932 983 5075 263 5490 3113 3151 750 8678 8092 4147 3913 3835 2925 1588 1195 4007 3037 6715 819 969 3038
7605 8124 6231 117 9429 2319 4632 835 2353 546 3694 5191 2267 4888 4445 9310 4424 2310 2075 4881 7504 4671 2786 5226 2057 3466 3103 7342 5676 7645 6799 9018 6452 8478 304 8292 6591 680 1760 2846 5264 7435 6447 7606 1626 2592 4688 5374 5709 5945 1694 2400 6127 6110 3203 3965 637 3832 3064 8557 3489 4829 6041 2049 7006 6860 1825 6266 5018 530 1472 3297 5716 3941 1461 111 8455 8037 4954 6552 5378 3976 1345 4382 1229 340 5902 8214 3460 1185 8072 3094 5677 7799 6274 8570
6242 2988 7789 5675 5506 505 7663 4250 1459 6543 3252 8523 7381 8546 2555 6401 4987 494 7809 1030 3823 4041 1705 4207 9233 1874 5977 5426 6726 2904 2616 4158 6679 8576 2006 5097 8099 7281 592 6077 6397 737 8555 6671 8296 6604 834 467 3270 6745 3415 210 3554 535 5765 359 6394 3243 1234 5478 6742 1903 1463 4057 7385 2363 6383 1787 420 4094 2712 9024 214 2757 6069 3793 2308 6221 7855 8070 8192 7588 1317 2930 9349 137 403 5451 7230 7982 8446 2103 7717 3648 490 1430
841 2047 3659 1182 3971 4293 9155 7882 3393 8419 2489 7637 1435 6294 6649 9327 3749 3221 1902 4937 4290 4856 7526 1365 7920 6924 8933 5951 3024 783 5885 1242 974 9139 3640 3320 7946 6000 1888 4702 1598 3874 5871 5829 5621 211 1778 6661 7471 5005 6951 8004 172 8337 6130 7738 4890 5448 9175 3559 4262 8066 4839 9366 3408 7668 6990 4348 9041 5832 8987 7113 7035 4515 3721 7122 6910 296 902 2677 877 5214 9127 1501 9470 1696 8169 7249 3385 7364 2655 8491 8285 3072 1057 1275
1046 4282 9487 3445 2333 7201 6096 8871 8157 6943 6335 8782 3145 2519 176 9105 1254 3399 7157 3162 6529 7757 1037 6331 544 5380 3806 9270 7838 8025 3340 2631 3172 5336 5223 3647 1731 1558 2082 8483 8676 9258 6432 6499 655 7902 6279 8823 2771 7894 2442 6255 4898 7329 2389 3801 3035 7653 831 2458 6686 4053 3672 5064 3496 4052 8927 2300 4594 6849 9003 1377 6460 4811 3003 8262 3698 4779 8943 5297 5867 8040 7722 4047 4398 4927 9480 5819 3433 2719 8011 3967 3622 5598 6145 225
6043 5543 4921 6052 1441 8418 6062 5578 5056 7733 1944 6510 2340 4618 1313 350 4969 5175 223 3212 2815 9428 4864 4434 9221 5261 3217 6663 5548 8116 5145 8771 8250 7209 395 6387 9370 8752 3428 283 6318 968 1294 8048 1256 7097 7851 7008 2062 5162 3107 1485 594 2784 8653 264 9225 3508 3549 9343 2253 385 9411 1992 8198 8909 682 2418 4177 8716 5999 7929 4083 1076 5176 5688 3579 7508 1972 2245 1034 1250 151 8062 9010 3652 186 1399 5653 7360 6583 6277 7783 6033 767 7629
3023 7650 1735 278 5864 5329 8559 5563 4280 1657 7564 8556 2997 7241 5743 7173 8940 4130 4010 8090 5157 3841 5525 9245 3271 6159 6629 512 6451 9261 2385 2919 2112 9490 8636 1785 69 6482 1541 2351 6674 7054 3240 5363 6166 310 8056 7947 3665 8525 8028 4512 7647 2480 8553 1375 2452 3674 6961 1645 2865 1745 5278 4610 988 8550 5546 8470 4267 4133 8886 6985 2033 4372 3827 1791 8098 3443 3915 9179 5802 3264 550 4717 9008 3394 3729 3304 2715 7492 1951 2861 2649 2806 8631 8439
2190 7740 9195 9408 3590 871 6923 255 8730 3878 7720 2947 8091 1845 6216 3580 9280 402 1405 1659 8043 7579 2628 8263 566 8108 4185 8276 5382 6430 5519 8714 1393 4277 9467 7969 7325 8096 1012 7048 8835 2568 4502 3021 2039 2713 6855 4957 6643 4903 5625 1262 6936 606 4637 1908 475 80 7211 3179 7797 2666 6016 3191 6721 3413 246 867 5900 615 3704 3055 431 6535 4638 4546 6892 6129 7516 5774 5082 5527 7040 678 5560 482 3424 5460 1685 2707 8575 3060 7945 1881 2249 599
4076 7111 268 1408 446 7958 4568 4180 3199 1224 1882 2681 3890 6243 4547 1987 3437 7155 1619 7334 3499 3237 7337 6555 4583 4153 1095 9047 5240 6381 9132 6262 8448 7109 2581 1146 2176 8662 1537 912 3513 1091 1942 8136 1795 2969 2119 4037 7812 2479 5037 5710 4885 5614 6720 3300 5498 8168 5549 7179 2020 3745 5689 3638 6955 5359 1457 4807 2368 25 7970 7243 404 955 2897 5646 695 3633 6976 7795 4418 1593 5706 8768 2000 2077 5271 7355 5194 8020 8860 5503 574 2136 7067 9026
3308 4992 7309 832 4756 4806 8268 2041 5786 5419 6226 808 78 1137 7974 690 8562 930 5250 4643 1514 9304 6954 3001 4017 6206 9080 8538 3656 7183 397 253 4719 3016 3833 9243 1286 8734 2752 7234 8938 7014 2182 6115 6907 3739 6829 1314 4769 5766 1642 3481 3870 3407 7131 3893 7424 2920 417 1547 1098 8061 191 167 7755 2205 4437 7049 3639 3851 7691 1235 3572 1925 727 4062 1863 1444 4586 8399 4433 5071 8471 7865 3350 1857 5663 4782 7570 9205 8031 240 3365 1870 2435 1047
6737 4501 6211 9236 4165 400 5324 1161 844 4648 9274 2494 916 2745 8812 352 57 3248 2312 6310 4549 4286 8643 6154 840 5231 3804 6724 4801 5300 5721 1481 9283 531 1500 326 5479 1028 9228 1005 605 104 4166 3164 3906 182 6749 8374 6683 9120 9321 4386 7561 8044 7480 9356 4171 7264 3730 1306 5283 8485 7786 9342 3569 7942 3510 6789 8273 7949 5545 1698 7730 6132 4580 5665 9372 8248 9103 2613 9093 6978 2159 5416 6652 3693 418 923 8398 5199 7032 1105 1486 8755 704 3290
4816 1126 5969 911 1682 6606 410 1539 696 473 4035 9501 6569 9188 2787 3045 3143 6109 6218 7129 8690 73 1890 9498 6602 3935 2242 901 3865 7351 7941 8956 2393 7476 1243 5694 4211 1439 4767 8379 6415 8838 8304 3654 1418 6824 2444 2908 8708 3757 6563 3960 8426 7478 714 7987 5427 1117 2590 6963 9260 7106 893 5633 537 8605 2876 2518 6544 9057 3767 3509 8661 7128 957 8750 2584 7869 4341 4880 7649 102 7513 201 8222 6987 3783 8458 3241 7961 1552 573 705 8609 5511 2010
5334 6712 2822 8145 63 669 4797 1233 5392 7085 6184 3670 2524 757 3722 1482 243 3149 2563 8568 1687 8598 290 597 8540 8965 8282 5440 5144 4460 1722 3165 3769 2318 4519 1492 2234 8847 755 7108 4813 2448 3403 2335 2748 1641 1748 6199 1814 6408 1936 61 8457 9305 1025 9282 7522 3975 4069 1704 5325 632 7519 5821 7023 5484 5845 3526 8400 8865 2858 3636 5365 8110 9434 5351 248 2892 4798 8706 8630 434 8545 3929 6107 8578 1133 6466 3552 5404 7966 1403 8332 8516 2441 8621
7938 7777 6103 3071 4384 2945 9281 8614 673 1488 8000 2137 8149 6998 8810 8789 7375 6756 8184 8511 8197 4454 5464 6186 4350 273 4127 1032 5585 8977 5072 9104 5168 7662 2298 7524 3202 68 676 5318 6399 7110 8144 3375 8199 7501 6788 8377 1282 1296 9318 2620 7030 1272 2420 3341 4558 6094 1981 2957 6768 8345 7577 4201 2888 4470 2034 2029 3861 5383 8610 289 8042 1943 1695 483 6177 6140 8866 6891 2367 797 7306 3323 2471 9247 565 8687 8347 7692 5606 2507 449 4060 9382 8312
2619 4122 2486 1060 521 9319 8450 8632 1141 7359 1359 1858 9000 8010 3377 7939 4858 9036 8991 5444 4340 6210 6317 3262 6517 4233 7774 8994 5805 7582 6488 3980 4423 3695 242 1756 5541 5317 2907 6731 5562 9448 5612 8701 6371 1325 640 6048 3176 6250 1965 2268 4642 2651 4704 8002 7751 7905 1219 2184 2422 1991 8754 7901 9267 5307 1140 1378 5671 1954 2066 7638 1301 2239 4579 2941 730 4206 7139 5459 6548 5449 5269 6039 6735 3629 9299 79 8427 7158 5744 5054 5129 6752 1755 817
2939 8075 4274 2936 2749 5450 3434 8165 200 6632 5997 8814 7891 5161 1568 5443 9207 5949 298 1230 5767 6959 4917 7346 6015 7554 5245 5407 4805 5734 5683 4128 7327 8900 3777 3966 6521 8280 355 2240 4916 782 7541 3204 7414 5171 2740 6933 8350 2928 1982 7594 7465 2325 5533 1371 5247 1015 1554 3160 7294 1174 4713 843 1263 9158 2469 3205 6589 6519 8534 5241 8517 5099 6739 624 5103 8364 5299 2693 3391 4283 212 303 4427 6493 2345 825 7907 2646 2133 6234 4581 4557 5445 8396
5667 5395 6665 7341 1178 6613 5593 6023 3594 1734 9204 7651 4022 3577 3108 1883 980 7778 5001 202 6006 6857 2069 8236 3837 4051 2320 2515 3740 8103 9062 7918 7693 1633 9071 9178 1505 2423 7624 245 3518 3653 5010 4539 8657 9385 6333 1072 3657 1566 8121 5063 2388 5387 907 9087 1335 1312 5672 1380 7012 4349 2213 1077 2221 9491 591 3115 2982 5946 2911 8286 2223 8692 8988 4408 5800 3219 5624 2798 6558 9350 1528 6454 5959 1859 4982 8315 3576 762 4703 4172 8945 3759 9301 4948
7248 4213 5961 8612 7784 5642 6009 5795 76 539 7806 8642 4611 5860 6536 2175 7202 9291 7007 118 7916 7300 8802 4899 5577 7444 1782 8449 1151 1885 7801 1769 6581 1409 8901 2248 3945 6128 4204 922 7402 51 8459 196 9129 1679 5521 2186 5038 5165 1083 2193 4170 1183 9206 6828 3312 5735 7062 6827 8255 1673 8919 3386 6101 9109 7256 2406 2459 4837 8160 990 8410 6367 1092 9337 7732 726 2083 3994 8102 8709 6100 2881 3586 9273 2379 6442 2160 9392 4257 9066 942 6010 1519 7711
5158 3123 2291 7748 8434 2269 1730 4766 3949 2808 2952 8647 6390 3287 4025 8892 5 1155 8774 4537 1217 7558 1014 995 2086 1020 9252 7394 1400 2758 4914 8206 1525 9176 3697 8916 8820 3286 6356 3961 810 2076 7844 3285 1720 5169 9482 3763 6995 2352 6805 1600 8813 772 7117 4824 4316 360 3710 5783 7146 2792 4292 5475 1971 7532 8107 3058 3817 8227 1466 4902 2520 5639 9458 9450 8925 5536 8421 7972 489 8805 309 2813 6540 8495 3281 1445 7307 3774 4901 3121 7900 2364 6666 1261
5659 438 3528 6153 2922 4018 7441 2395 7018 7600 6670 7379 8203 7487 4978 2580 887 3180 4297 5381 7143 8779 3810 9435 5859 5361 7671 639 1808 5881 1761 5992 8644 6479 2662 8327 2483 2668 5254 5420 991 9203 3651 7531 2451 1614 6576 6473 8146 8373 5135 8085 5156 272 209 2617 2282 9362 192 8221 4375 4629 2004 1396 3257 8748 3992 672 2744 2314 4865 6722 1438 1384 616 8548 8646 786 5327 4483 121 888 9475 4540 6740 952 5480 8270 4729 5388 2851 7760 2032 3052 7390 8819
1676 8679 4771 2499 1793 3019 1524 1868 8489 7418 8667 6862 3540 6958 8291 7979 5613 1686 1304 2413 387 8522 4843 3714 7677 7175 520 1417 9309 2360 5170 5523 7985 8514 6525 177 886 7886 204 4641 9348 5529 5285 459 324 4965 3922 7681 8834 9266 2391 267 0 3953 2831 8305 4718 1385 7477 6187 7557 2636 1723 6396 830 8764 5087 4906 2756 5964 8849 894 8648 5761 2339 1267 7759 6122 6922 7063 5814 6633 5112 3981 8693 7679 3147 3708 1232 1273 8225 6365 1158 1096 5515 1176
8380 7549 3720 3361 5454 9502 2753 6377 4922 8300 1708 8616 1893 7973 6235 7893 7598 6819 3561 4066 6542 7193 4905 8067 8274 2921 3885 2102 848 6515 3642 4081 4530 9459 6835 6375 4649 8976 1967 6505 5751 1917 7995 4466 8378 6692 5740 4255 855 4963 3070 4743 4249 379 1813 4406 8751 4612 5965 8744 3785 1627 9044 3903 4358 8649 7452 4232 3883 1507 6433 7534 8747 7367 8494 3343 3863 9192 8311 698 5913 3564 7960 8645 7407 2975 582 4475 4015 977 4448 7161 3660 8132 4461 4261
3186 3599 6035 4298 265 4675 8882 428 8391 3788 1623 6592 4620 7770 735 5918 697 2882 4778 6750 9325 5457 8388 6018 6921 2535 7043 6622 951 1508 3869 2634 4136 1909 5987 7486 5493 3621 2833 1401 853 3491 6564 3771 1580 8984 7001 1218 4188 5212 84 4819 7056 542 3095 931 8275 7542 2883 5026 7990 1753 429 2870 4016 250 6059 8682 9272 9296 4187 2983 8921 4517 864 9116 3427 8953 3948 1690 8368 8317 7119 6794 348 7318 3892 3187 366 409 1560 5189 3215 2903 6784 5669
2665 7820 7389 3529 6013 4143 6350 8233 6928 5557 7485 195 1004 5509 5313 6980 7152 1608 8564 2624 4139 9397 4352 3914 6781 4370 4656 8664 7536 3555 4276 1768 6470 837 4724 3002 8580 675 2565 6125 7999 4574 5221 710 8 513 7398 1517 3282 2108 3786 6797 2859 7567 1113 3456 6614 8851 2024 6787 5467 3918 5746 7610 7124 8371 291 1582 1822 6869 4727 8175 8251 4116 8571 4585 7699 8009 7301 333 4484 802 6434 3396 2644 100 1116 1010 15 3168 3916 3273 8278 3547 1415 1089
7115 5627 5291 3382 2706 3200 288 1029 4129 6273 536 8803 7373 1562 6908 896 3792 2909 2804 7118 5109 7015 1681 1193 4497 9298 500 9140 7 5239 4439 193 2587 552 3597 7701 8429 8704 3679 3014 4400 2215 2206 123 5597 6628 5695 8757 8620 8624 23 812 4680 2056 5872 3565 7352 7011 1031 6830 7980 1806 5379 4604 5555 6992 70 5708 5127 9341 8717 1797 7247 1648 3999 3712 5319 3111 235 1412 4999 1873 7245 4480 6259 9012 4764 3772 1581 6638 7354 5287 9340 3354 3431 1100
3307 9081 2667 4859 564 3615 6158 940 3251 2149 8016 2765 4299 8625 6675 4995 7914 2373 5190 5497 3519 7323 3524 610 8405 4944 8967 8743 8837 6204 9163 6372 7469 9046 1860 5719 2135 5589 3791 1968 3339 327 7749 481 8252 2058 8950 7860 8456 6477 6419 1855 6918 3728 7263 8401 2530 5080 2879 5758 1718 9112 8050 9150 7076 8139 8700 540 3132 7656 5680 1181 1556 3258 5366 4721 9259 4428 2115 2972 3574 439 3982 1801 4301 5110 5277 7926 9068 5584 5631 657 5645 5873 8996 6108
8468 3598 5928 661 2732 3047 28 3269 2473 645 4026 5432 2747 5113 5588 1896 3432 2979 3238 4100 4989 965 8831 6767 1629 856 4912 665 2429 9165 9360 448 9208 236 979 1493 5138 1454 31 2819 4394 6817 9481 372 9074 2694 5897 4419 9265 2317 3161 1008 8077 7625 1622 5377 4351 1309 2598 4090 712 509 6031 3387 7763 9497 5891 4252 4244 8231 1963 4560 5229 3007 8340 7737 6073 5835 7184 8843 1910 3004 8507 2917 3228 3049 3570 8328 3779 8307 1340 7430 3335 8818 6137 9253
5108 8453 7203 8761 1550 2428 2869 4867 5425 3342 2439 584 3735 149 6915 9147 2866 9320 5528 6877 1844 8220 1794 3603 4080 8128 1553 46 4518 6572 596 6522 4919 8223 4310 2376 7930 5576 391 3831 2704 5998 4412 244 8856 8318 8202 3364 1521 8622 4491 42 3483 4536 2154 4747 2303 1191 6261 8475 7813 9367 7753 3363 5192 6024 4320 451 4360 5243 3480 519 9317 5916 3868 3979 2396 2150 8301 7912 1478 8105 2901 3907 4607 8408 8928 382 1278 4650 2028 7800 1221 1353 5360 3488
5062 6346 4714 2699 3458 8167 1877 6104 1081 2574 3797 3348 7870 4849 1688 1129 4311 5898 8863 7178 1578 3988 5280 1817 125 6026 982 5352 1931 454 4866 1295 1346 7077 6982 6102 7840 2265 6532 1601 8133 8975 5981 3057 7189 2886 8150 4933 7997 7631 3406 3616 919 4554 4527 2606 6846 474 1167 338 8026 1450 416 3383 6028 5807 187 1078 6063 8432 6769 1810 4844 6416 5574 1916 815 169 5308 8177 4622 1448 279 3934 5938 6853 2553 4833 4959 1090 4194 9048 2493 1268 4414 5201
2893 5412 1604 3680 1226 5532 8530 5151 2155 9380 1349 5372 2488 7883 4541 1990 3575 1110 6565 6111 8650 4961 4974 3010 7550 5141 4485 2626 6480 4871 2070 3649 166 7463 7746 8438 8348 3668 2546 6316 2923 2018 707 7745 5088 3092 6884 1816 3520 6839 6948 976 5730 5011 643 2008 804 876 8019 6798 9503 4525 7299 4548 7704 3005 6653 8306 992 829 8326 2084 8508 2817 7775 4621 378 7654 2164 4679 6695 580 6825 2374 5635 6050 2491 3534 7729 2946 5203 1212 4228 4734 3468 4592
4738 7141 6229 3926 6409 7636 3439 6550 5060 4784 4911 377 4020 5345 9156 3392 5027 7696 6826 608 5917 628 8190 5789 7992 2716 4383 9110 8792 1947 1543 7267 8163 430 1480 2825 8573 2774 9111 1958 1303 7163 6449 4877 2189 4392 11 6868 6056 6476 2417 6095 1093 4665 7664 1363 8182 7284 5592 890 2447 5047 9022 860 1436 305 2321 8611 1044 198 9177 1815 1036 6001 9058 6766 6847 2627 3453 6796 4029 5263 2117 719 7188 6596 2769 2977 6178 6284 4154 1886 2724 2074 9136 636
5447 9303 4828 5177 7768 8412 4032 2501 7120 2661 7274 8369 1342 2445 3223 4593 7921 2347 3989 2217 8178 6512 8861 8881 8254 6748 6896 5976 8424 3301 4731 6313 4941 2963 9157 9190 4625 9135 361 9339 3943 6478 744 5619 869 8063 1672 7826 60 7053 17 8859 857 6832 7395 92 1327 1918 702 8119 3476 8826 2714 2534 390 1950 4561 3081 7934 6400 7586 1328 9426 3843 3692 107 1470 8651 2700 8271 9333 6658 4482 511 4635 7779 6968 3206 2081 3718 6021 6236 7051 8710 2783 7543
6049 622 3084 6197 8309 1800 6903 2158 1142 6475 6973 4456 4014 6219 199 2985 9445 3246 1969 3189 4446 2481 2778 8166 3050 1352 5472 8346 6501 5738 5915 1149 8330 5850 758 8898 6213 8937 4624 1895 8920 2940 6188 4757 999 5043 7832 1253 5369 2045 2014 6970 5118 5868 7816 3862 7116 4809 1538 8436 7101 8850 5875 1710 2579 5067 6559 8365 8985 4368 9371 1733 6920 5978 1700 2305 1376 8447 5274 2433 4125 5423 4288 3352 7928 2603 4088 5130 5960 2276 5058 1067 5306 7756 4749 6962
6865 5700 4900 8490 8698 19 5073 4652 2895 9100 7149 2710 3800 3727 7986 2689 7218 9016 8808 5499 5896 228 3032 1315 8513 8082 1605 9133 2064 1189 4623 4765 9007 5502 1064 6851 1803 4842 408 4693 2896 4884 1772 1125 1190 2304 6624 9401 358 3389 6071 8585 1664 5889 3440 5342 1780 323 1407 5102 2508 4169 5644 2371 3583 2226 3661 9324 6882 8342 7358 7540 4275 8723 3998 6208 1512 3117 3814 8463 7356 1732 946 1367 1726 6349 8995 3039 398 1469 478 5733 3253 2641 5988 5893
2832 3606 6342 5137 1134 6667 1711 3316 7068 6292 4353 2637 7923 2306 5944 7426 7725 8935 7710 4613 4781 7572 6174 2218 7609 2933 5371 2386 4692 1713 4132 6912 978 7419 1050 365 4818 6148 3898 4239 1131 3808 480 589 7794 8781 4167 4235 6956 5604 5717 7031 5183 9102 8623 6444 7587 6418 5021 2403 3421 9300 470 7562 1104 5016 4161 5777 4682 2600 7228 5623 6296 5732 6833 4505 7963 4553 7222 4326 9142 2157 8961 1607 8629 8817 3344 1683 91 2354 7244 8153 8351 9181 6169 2173
2410 648 3101 8381 2035 8720 2178 2529 3422 3295 6587 4695 4630 2202 5628 4417 2316 3061 651 996 6194 7769 8186 7933 8500 4543 3530 3573 1404 6698 5332 2764 8213 1743 2231 5172 532 1979 7866 2755 381 8827 575 7877 7535 4616 3259 5567 4836 9425 5753 427 3082 2890 1198 607 8114 4091 5213 4121 7214 4596 6298 1055 6227 4189 2674 4742 1922 1998 956 6120 961 7875 2978 5040 2241 8887 2657 7461 7590 7374 4315 2926 257 7955 2212 4413 1130 6185 4263 8141 8830 9418 715 5660
6282 1356 4626 548 6917 4396 1238 5615 6627 8215 8505 7852 4528 2250 2361 2560 7363 1620 1737 2093 9368 3486 2377 97 3623 4266 2309 4840 7136 6866 4701 185 2287 1257 6514 380 1288 7491 2365 4975 1048 5462 5643 2294 8999 6812 7283 5972 1561 1933 1477 484 3268 1661 1465 8841 5355 1374 5681 9052 8394 1599 1923 4225 3031 523 3899 8932 4774 6727 5376 5649 2015 5550 4468 5476 9357 2868 889 1836 3184 1988 2960 5903 7446 9224 203 8246 5856 2874 6760 7829 3505 1709 6697 7488
1139 8212 833 8673 5818 1740 4666 1869 3632 4627 4835 1961 2775 2409 6900 4260 4556 649 8117 3947 6822 1410 1392 8962 99 2854 3811 5908 8955 1564 774 3567 7878 5242 7167 2071 2540 8683 3765 9424 541 3724 7716 1654 2332 6233 4404 4572 3188 1066 2259 2998 8793 9126 2924 4696 4151 4488 3388 4509 8445 6496 9076 5934 828 5042 1610 7908 2777 5322 4011 349 7393 6173 1594 9449 8684 1084 2261 5813 8237 1310 5711 5801 4744 4534 2152 6904 2065 5632 3703 1706 1741 1875 374 4042
4200 5678 7682 2490 3624 1729 2695 5882 1674 507 650 9443 8858 5661 4947 4314 5933 3384 469 5698 4966 8200 6837 7790 6359 3919 4001 4178 2007 143 1529 6897 9214 6082 4542 7539 2342 1574 2302 56 157 2348 3732 2862 6402 4794 4550 2359 7627 8930 1807 4023 4044 3901 5008 1697 8055 8047 14 7421 3277 885 5713 6038 1901 5691 2672 1646 1819 3939 5045 8852 419 3923 6326 2434 7527 5303 2948 5435 3944 6392 1424 7802 7848 8303 5013 3546 4492 9200 4862 7872 2252 1805 7626 5293
3523 40 4347 9213 1120 2633 4159 4754 3322 6084 958 868 644 1099 6527 842 6020 2482 3451 2468 7573 3662 5685 1823 3105 7232 1548 2853 1118 7709 780 351 3280 1169 2990 4105 6091 2085 2462 3110 6776 6019 6950 6941 3239 8138 713 4040 8896 8592 3208 7160 3930 4401 3911 9376 8234 3366 9394 7871 5657 8883 3942 1416 9083 6341 3470 1499 6276 2124 5128 2514 7242 1022 5094 5857 6 5133 6008 5587 3738 2169 4273 818 5122 3141 7114 7470 3181 7305 2177 7177 5852 6280 2551 3986
3644 3236 3726 3216 5035 1094 4510 4142 3414 2336 9097 3778 1111 7828 4514 3607 6214 4095 2185 2823 294 4006 1322 1108 2767 6445 6360 1510 2839 2750 5253 6465 1440 6489 5154 5391 1848 2967 2596 2591 4730 3758 7688 2123 2411 5139 5950 5747 3701 32 9123 8204 4529 847 3596 6423 618 389 8732 9277 7873 1452 1986 3625 6967 3465 7296 1013 3154 898 3337 906 4506 6175 5259 2511 5046 2437 4387 2092 5763 4055 1668 7686 1270 7635 7365 6938 3479 8460 8022 276 8464 258 6693 412
4197 1075 5791 1636 4660 6533 6793 4430 4346 3148 8024 3454 4104 3950 2725 8551 113 1996 5830 1746 6595 1948 3687 7874 3474 3840 8023 163 5255 2496 6764 5620 6160 7904 8361 4511 4524 1071 9442 9114 5413 2255 1964 7235 1394 9089 8844 8034 2844 6560 7025 4576 7644 4045 4681 3538 7206 7382 9077 189 7767 1026 5272 4606 1584 660 8174 39 6179 7140 3473 5979 7190 346 4889 653 34 7937 4892 7793 7854 1602 5520 2837 3429 3605 795 9398 4686 3190 6971 2500 6079 8728 5508 6258
2289 4486 5697 7215 3673 638 4425 6770 824 2167 4054 4321 2762 602 9484 5390 2599 2625 4137 254 8731 4597 8633 6880 4306 8902 2521 9330 2338 1742 1123 8154 5049 2246 2772 4628 7431 6852 7643 7545 162 6777 6741 332 701 4215 612 9483 9095 4968 487 905 6072 8156 1421 1336 2492 2079 5081 7458 3631 9315 2561 4945 9271 1738 3293 5674 4092 205 8217 6588 1534 1497 2589 4934 5310 5538 5989 4841 1213 7236 9452 5341 6751 3548 6051 6598 1974 1781 4753 6534 1621 6044 3746 2843
7406 4815 7399 4312 45 7291 1953 6660 6393 5966 6684 2887 5877 6567 1702 4436 2414 8084 5107 3782 6246 3821 866 4741 7415 2143 7087 3475 3087 3080 3136 2899 87 2281 7502 7788 3925 5494 9115 8613 8520 7314 2835 1074 7009 4322 3700 3764 274 6321 3309 2450 647 2089 7954 4318 58 6859 975 3550 4157 788 5925 7660 4886 4443 9030 437 2228 1357 5257 739 1699 5605 2690 3537 3487 2708 5196 2586 364 6636 8980 6464 7028 5338 2949 5270 8753 3291 5458 4887 5216 8672 2456 4979
4118 4451 6593 6895 4173 904 6348 27 8083 165 7607 1391 4331 5120 6641 8363 4513 7133 7437 2370 1039 8797 426 9290 2614 112 7805 6146 2474 5996 4117 1747 5590 5919 5095 611 7186 6437 2344 3875 5007 5895 3997 4248 7154 2095 4013 8726 4059 3512 1053 9249 8680 6957 8784 6656 7538 7199 8907 845 4385 5394 4935 3829 7216 9431 6926 227 572 8039 8880 1684 6343 491 8654 659 2840 9268 6354 6345 803 4078 854 3864 2356 1522 458 1828 7951 5932 7289 7728 120 7889 6763 2036
5851 6744 141 3260 9494 5414 7170 313 2017 319 6709 5400 1201 5393 3207 6308 2532 7863 47 1544 5204 6703 3066 4190 6631 4685 4952 560 7454 1360 7500 9364 13 8046 3441 4229 5061 4098 2938 9216 5537 908 5876 1865 5265 7196 2107 4149 2487 2970 7185 9427 8770 6669 5983 6412 6562 2372 4324 4799 354 1670 9423 7092 3158 1932 963 2652 488 709 8059 1333 6417 5079 5296 5526 7332 8712 1783 3159 6114 4039 4726 6431 9373 4676 7413 2326 5211 3076 7618 2016 6098 5690 4378 3725
2754 2950 3127 5609 3719 6691 1024 4872 4027 7839 3873 8375 5769 9433 6264 5375 7719 145 3139 5534 247 1476 2557 7552 6288 2042 4868 6241 2953 5930 7252 766 6879 4976 1527 2100 8161 751 935 2776 306 5936 4238 6942 8120 770 3065 2425 8068 5017 4838 6719 1959 3952 4231 5065 8258 6989 3770 4575 3000 9168 6481 4068 1280 6139 320 492 3902 1397 1749 882 8912 5409 2140 4715 455 3198 1246 9187 2219 3326 3802 5728 64 7262 1940 7842 7614 9031 5202 3173 4458 5441 4192 2984
2040 3193 736 3130 7830 993 6271 8413 677 134 8159 3768 2192 7897 4827 7239 826 2180 5542 7616 2011 3402 8385 2141 4003 4449 8269 8007 8503 3029 5200 7250 8395 9078 724 2642 49 6682 7059 4722 9388 4269 3229 6450 3401 7821 222 6388 2415 2200 5149 5126 2313 7287 2162 1251 593 949 6462 1122 3773 937 3822 8095 4673 5092 8249 4752 9416 8515 7782 2131 6831 4507 1611 3046 756 852 1962 9354 7507 8885 2224 317 6192 543 2311 1798 3887 2145 1628 1086 229 6625 2509 2781
2533 8176 5424 6467 1919 5041 5147 950 3753 3815 3367 8993 3515 7081 5321 5861 2408 1362 1557 1382 2431 407 1549 3588 3398 7273 2729 133 3521 2622 971 5384 5745 7339 3492 1289 282 900 7002 286 6647 2296 3471 4783 625 2407 1892 8112 3472 9084 2824 4319 6888 3063 3209 9415 4725 4236 6144 6864 6336 6676 6012 7792 7672 9461 472 8979 5828 2402 1999 463 5267 8600 1061 5233 1338 7044 2168 2669 5594 8147 6688 2472 7959 4285 2050 5417 6931 7533 8109 4810 3536 2944 6075 4064
7517 436 9355 9125 3027 4808 7100 1728 6061 6939 9241 6994 8528 453 7888 5389 7761 7546 6446 7370 7632 9493 5482 7096 936 2989 6901 1073 2201 6870 4046 8952 1650 4334 8287 5453 1531 529 3025 9476 1862 6673 947 2605 3756 3985 1059 5059 9399 4393 3224 9231 357 8948 127 1215 8008 8164 5727 1389 1197 8474 9223 2857 6863 1941 5455 36 2602 7238 5812 7423 8971 5002 5776 6977 2994 7255 2718 5031 706 4694 3346 595 2709 2577 8910 8583 325 2343 2872 2927 6126 4296 7436 4983
5595 1214 9174 8193 5580 8501 2375 687 6357 3794 9099 5309 4733 4474 3560 6067 5879 7919 1498 928 7331 485 5121 8809 6004 8509 499 7438 9275 8051 1299 7932 7308 4302 2286 1573 1307 9239 6630 4333 5564 1227 3842 301 8041 2721 6373 8532 2807 1762 9474 259 6574 5468 4926 7837 2630 2826 4138 1617 4915 6601 6181 6516 3315 4894 159 3197 8372 2271 7029 6890 5884 2498 1812 4304 2247 3079 7641 6443 4825 6746 3311 4362 7836 3331 8058 5958 8127 1135 3371 6925 1926 5340 8487 4323
7574 5474 2570 8187 4210 3917 7453 8229 9019 3040 8832 7608 1920 865 5152 7596 7366 5463 6586 4516 1536 708 759 9106 3595 9302 6463 6513 6913 6899 3613 989 7482 1719 4567 524 3964 3163 2720 5607 8283 5487 5616 2478 65 7661 3705 6607 3006 9096 5599 6836 8888 5023 3086 6385 2697 3678 3182 7735 5823 6713 6459 3036 8420 7270 7130 2821 5218 3614 4936 1776 3834 3620 3449 7467 4490 4777 6270 6395 7313 4931 6391 435 3230 8796 933 6657 9375 3845 601 7039 5312 1479 7475 4755
5197 2427 8135 4431 1252 7298 522 7210 7723 3762 4380 231 9045 7315 1386 2663 1915 1455 5553 5286 3533 5470 7512 8338 3351 1898 6238 7348 8191 4110 164 5547 5483 7683 5608 6545 6340 2648 1631 7304 3235 5219 6937 4985 2046 1799 1406 1960 2802 9488 9384 1494 7279 4459 7642 5901 9002 5831 2516 3012 6305 6584 2161 6011 8601 559 5262 4395 1542 7620 5328 1245 6244 5634 4562 6848 7409 2610 8100 8195 2464 3157 5726 1634 8060 3218 5009 62 7655 4897 8742 493 2564 614 1188 6289
5422 5618 1009 6285 4545 5315 6065 8918 8607 4758 4409 1237 5220 2871 5195 1211 1079 3553 2910 5100 7776 4399 5397 3334 7593 7450 1184 5014 7064 5418 3303 3482 5748 4708 5311 7259 3503 693 7411 6070 8973 5258 6886 1591 5937 6332 2060 7321 2545 3318 884 1045 586 1852 251 6426 5227 4101 7772 2023 5601 1763 9040 8323 1978 6539 4160 9238 2959 5822 7383 4030 8261 256 8428 2510 630 1291 568 8299 8696 6506 3760 4124 4084 2232 4785 3951 6554 5912 3170 5251 3601 3498 5230 4355
8697 9117 190 8660 6537 3266 9455 1302 501 3781 6668 4943 6872 7950 7224 3088 1714 2288 6040 6736 2576 807 9001 9479 3571 6278 7047 5939 4345 194 8335 8969 1966 4698 3755 9332 6156 6237 2680 1112 8675 5878 1266 1446 6253 2266 8527 6687 2856 5953 4670 1946 1269 8093 6322 3114 8181 5655 7879 8443 5053 7859 3711 9365 217 2905 4711 8014 450 2412 178 8857 6518 8619 314 5132 6002 2421 4366 8840 652 1372 2381 7496 3306 396 3854 913 9005 1159 8828 1283 6097 5034 6005 2068
3924 4000 3015 5985 2350 1318 6492 5796 3900 1368 3008 6324 8944 4164 7041 5238 2073 1285 7977 2025 2974 4522 1462 9412 8798 173 7680 1165 8760 1432 7523 423 2098 4162 1127 8245 148 4033 4640 7464 4684 1423 7978 224 6045 6118 8766 6344 7020 764 4096 827 3450 2214 7675 1491 2465 4709 5507 6338 8957 8972 1316 1518 4264 174 8125 4760 8188 8097 3356 5166 7850 2142 4300 2003 2962 6379 5284 3525 7853 6757 7434 5396 7034 6198 748 6780 9217 998 1727 8411 4614 2027 4058 9234
