19 18
277 166 254 275 65 264 55 261 102 189 26 60 27 85 113 153 202 226
108 91 291 341 172 57 21 93 105 282 36 3 331 180 221 244 56 136
109 173 218 303 75 64 137 190 35 62 138 297 281 316 49 268 106 257
193 198 84 177 28 262 305 253 260 233 142 179 118 223 111 143 63 156
135 70 73 280 284 53 112 59 123 312 124 89 42 213 238 80 315 76
309 134 196 270 242 74 230 152 217 13 252 176 155 209 302 255 122 337
325 115 256 15 92 265 208 29 10 231 246 33 146 232 199 212 94 37
67 48 61 234 41 228 258 119 245 169 197 289 44 288 237 290 292 24
72 40 159 205 38 2 187 328 192 20 144 317 178 301 129 130 210 22
163 219 151 19 8 0 100 207 175 83 12 154 52 79 236 167 206 216
203 165 47 184 227 294 17 311 171 145 240 276 263 339 90 225 332 126
45 30 323 314 9 125 259 191 273 66 161 31 335 34 195 326 58 174
333 293 267 68 274 81 148 251 71 338 194 249 296 310 96 211 266 200
6 95 235 5 164 114 11 204 50 322 340 324 43 285 158 140 319 87
279 25 229 329 86 32 201 4 121 272 250 271 147 132 127 16 69 299
287 186 336 116 131 286 77 162 307 170 120 304 117 318 107 39 14 101
320 214 103 18 51 23 88 110 298 104 185 82 269 98 157 248 313 54
97 128 330 183 149 188 224 99 1 334 220 215 243 278 46 133 222 182
241 283 308 7 321 247 168 139 306 300 160 141 78 239 181 327 150 295
