17 19
142 221 296 24 248 217 48 138 143 68 267 118 317 159 170 125 91 21 23
36 16 29 108 250 283 56 113 148 100 71 154 35 54 63 37 45 149 243
147 34 141 263 200 242 162 126 218 181 101 85 122 90 77 316 205 153 62
156 11 57 8 161 281 208 15 305 60 74 10 52 236 80 1 199 232 290
31 233 322 186 291 49 299 93 12 246 286 209 280 311 104 139 103 244 312
124 226 135 193 261 259 5 114 163 155 225 273 132 92 238 203 320 6 30
197 55 308 307 251 14 272 166 245 270 47 167 235 191 109 252 78 7 177
65 241 298 53 282 120 106 180 112 121 86 302 115 234 304 9 18 59 253
279 17 174 136 160 152 82 116 202 260 227 231 239 276 207 178 94 99 309
269 224 268 249 84 117 123 129 40 26 211 230 287 111 212 284 189 315 58
150 275 289 133 240 50 319 0 278 314 119 310 140 27 255 187 168 19 220
188 214 306 81 210 169 43 38 2 175 179 131 165 222 32 76 274 73 195
271 70 130 229 61 183 13 83 300 288 28 292 127 171 96 151 196 294 69
164 105 39 321 176 33 172 102 219 66 87 44 301 295 107 41 89 285 64
182 137 318 22 216 198 254 257 215 157 42 25 98 88 67 4 192 158 266
95 264 97 247 144 303 213 223 194 146 262 134 110 237 313 297 51 258 293
72 75 46 79 204 128 3 20 190 277 201 256 265 173 185 145 184 228 206
