96 96
2591 7017 5753 3266 2508 2727 4340 8222 1978 4514 7826 7283 4912 4673 6928 7175 8956 6353 856 4279 1508 5848 5711 3373 1826 7883 3224 8778 629 684 1869 712 4368 2417 9149 8613 4227 1370 6713 3627 5855 2684 5911 6470 2110 2999 8041 7299 2492 2289 6006 2583 3464 5391 6798 6345 2006 6752 3894 4124 1454 6781 2976 4877 3332 4951 2910 7343 1759 2952 2913 7095 5644 1943 3536 3983 214 7472 8735 8685 6979 888 3613 2620 6115 3392 370 5836 6645 7176 6973 2294 3717 6610 5796 8857
5979 4750 8421 7578 6374 4872 8256 6878 4400 9127 1927 1140 4288 4595 7067 7582 5451 7465 1457 4072 9101 7108 6601 2351 7436 7274 7373 4915 1264 7680 3871 6061 5586 4919 5217 6194 1931 7204 8775 8294 1573 6555 4870 4217 5393 143 3788 1794 7583 2848 4787 8026 7986 9196 1468 8354 5864 8213 455 3606 1504 8786 1105 4483 4909 4627 4204 5380 2284 1696 7863 5078 4429 5135 3617 7850 6771 7434 2879 5264 5858 1223 516 3162 554 5345 1845 2692 2656 8298 734 8945 6179 3615 267 2037
4451 4366 2714 3452 5819 7439 3831 8917 8957 2671 3071 1514 5912 6415 6481 3856 3324 5932 7656 8800 94 5700 3405 4861 5339 6969 7031 6095 5308 487 5352 676 2743 1173 8591 6986 3490 4138 198 7611 101 2515 3629 1745 4151 4055 6044 1736 5831 6295 1381 4375 4948 6364 8003 7637 2622 7231 6868 5100 5225 6849 7250 1094 3313 958 1562 9125 5323 7089 4379 9142 1898 7223 4207 7982 5821 1309 8912 8129 9057 6256 1461 2700 4817 8527 7562 816 6079 8182 2134 4045 3872 6960 2637 2826
337 5800 3029 5321 7858 5461 6484 4864 4567 4739 7930 7133 1918 9144 7604 6487 8274 6927 1822 1249 5453 7644 2288 8194 456 6667 494 6493 8451 5893 138 1231 8794 5294 4347 398 3150 5318 2795 8561 3682 7523 1887 282 2491 6607 1852 1744 2686 8961 3212 3068 7422 1235 1346 3107 2336 2163 4830 656 3175 6407 4534 4918 3624 6427 5032 7599 4096 6615 3586 3655 1337 1420 3429 7579 3173 4838 8962 8974 3381 5982 7859 1106 3813 6597 2812 3274 8916 2660 686 4546 5924 8248 4258 4928
4008 7235 8057 3471 4081 4237 4667 5566 4720 4761 5347 7727 3142 2373 3594 467 1156 8262 3632 7000 1479 2503 1925 777 3131 5954 8103 1505 5193 5961 6386 8901 6370 2369 16 4266 5124 985 8807 2249 675 4325 8189 2893 3650 3985 6251 3340 8069 4452 7881 7842 3568 2008 2758 7642 4087 1024 2176 6654 3976 8639 3646 2266 8850 2687 2500 3622 3426 3328 2606 1721 1252 3087 5138 3513 4362 7332 7376 4103 8130 2875 8949 4755 5013 4510 6593 5857 1911 3231 5472 5364 8122 3448 7744 1318
4696 7733 2588 7496 4969 8676 3244 3437 4086 4270 4147 8249 8133 7607 4445 9043 6054 812 4099 5625 1930 5418 5486 7380 2252 272 6926 5299 4395 8000 2814 3793 7628 5987 1378 4456 7455 7254 3521 6600 6978 7315 6579 4633 4819 5282 679 6311 8397 6819 8612 2255 7025 4248 2735 8930 7442 6113 875 7269 383 522 8193 6866 688 1519 7728 6643 4402 1766 5168 4154 3077 830 4146 1361 520 1856 4862 5967 7307 531 4160 4381 2423 52 854 4541 7669 3853 3223 1193 6060 4623 3971 4631
5426 48 7164 510 3482 9212 5874 3873 6869 7305 19 8088 757 1372 8652 1275 7224 7671 2213 8316 9150 4530 8388 2047 975 6871 595 7824 9085 1697 5327 3663 518 5611 7076 7924 8911 2539 2850 8829 2720 5768 2275 3282 3169 3086 3850 5068 4134 3442 7245 4858 6497 8014 573 2446 2297 6917 916 5268 6317 4471 7012 7649 1849 8740 134 6540 7228 8769 981 1501 6984 789 4813 8104 5058 6356 8988 7318 6258 7706 8688 1530 2886 1486 6853 3512 1731 2271 6221 6599 2537 9051 3170 7445
4296 8631 7106 750 7831 5653 1314 5533 2825 3495 6314 4606 3618 4759 2238 9208 4413 3139 1147 6339 4754 459 4600 8999 6283 1531 1661 1775 8423 8431 3800 6020 8566 2280 7219 7681 88 1973 1969 7679 7460 5306 8275 1590 3397 571 4712 1040 8310 6231 783 1463 7474 4253 1233 152 6102 535 7934 8027 8375 1566 7991 7998 2502 2696 8606 5394 5807 3931 8062 6299 1330 220 2685 4410 4846 602 1722 2307 7092 7024 8318 8887 8409 5075 1994 5591 7485 4460 4829 1319 6925 743 92 9109
7717 226 6569 5404 6450 6243 5290 8196 1781 8261 65 5258 8955 3753 8919 2131 6428 8400 7364 8664 3591 412 8704 1363 6267 6319 8229 7593 429 3348 5120 6694 3579 2948 8452 6918 566 2919 1222 7906 2551 4657 2258 7849 8620 3092 560 6148 5153 6908 1409 3138 7726 6616 2713 6304 685 3133 7664 2998 1538 8277 6690 698 5195 3942 5934 716 8538 4012 8772 7534 2124 7168 8145 8865 737 6784 3050 8487 7122 1526 6964 837 7429 6996 4174 8006 6154 1442 1714 5709 1719 7039 9010 3966
6432 7390 6807 8173 4656 8666 1727 1680 8029 3959 8066 1510 5148 1099 9128 2766 1088 4064 6207 3390 6076 6657 9003 280 6286 2432 6280 8391 5502 3832 4104 5190 3874 6522 5867 9 2495 42 9145 4703 9091 5697 5806 869 5947 2897 8721 3342 4496 2484 577 1636 1441 2808 9048 928 6635 5600 4639 5002 2325 2329 6886 565 2946 886 7730 9060 2675 7678 1187 6718 8112 5162 1493 628 6185 8065 4209 7959 5980 2707 8908 8936 5149 3883 5205 452 5139 3151 7320 5159 6077 4107 3822 3213
1627 6238 3105 8315 666 1322 136 2676 7180 6467 6123 6137 2378 6131 6990 7561 3844 7157 3196 857 579 6700 1797 1392 5808 1743 4179 7388 4620 7071 4478 7509 260 1800 3689 3303 6843 7590 6463 7807 6275 3438 6392 7956 6065 8726 424 6606 2217 7618 8528 8502 6472 6852 8232 8541 4679 5728 1191 5226 8288 3964 2211 8429 7539 1739 2368 175 4021 8034 4825 1558 7932 3917 4507 9030 8462 7217 8862 824 4939 5017 8906 3532 7323 1671 6708 7401 4491 5252 3445 7032 3329 8632 3319 9116
5212 2042 3924 3027 5036 8443 6025 6768 5086 1485 4999 1293 5192 596 7907 4162 5110 8826 1536 6365 1588 5401 3241 304 762 408 8287 1691 541 3459 6774 6506 7887 4454 1335 5141 6641 893 6200 7791 9204 4352 4508 6330 5827 918 7002 1716 6229 6360 7610 7484 8445 450 9186 1586 7592 654 2960 7148 6679 657 2674 4472 7006 7214 8574 6081 4579 7832 5574 8218 2140 2212 1373 6977 7677 7845 3556 5725 7645 2929 7528 7970 7765 2451 1036 2722 5427 8505 5222 3698 7279 2158 7533 6573
4048 6715 6815 861 3998 603 5736 785 6865 7263 4732 8353 7035 5350 3991 2749 6951 2747 7348 1081 5333 395 1417 7322 1475 6584 1979 8374 9096 7815 1579 6167 5854 6007 7431 7926 1119 1832 310 7481 8131 4644 8782 2149 5400 7569 6682 4106 1652 5942 4730 4878 4241 1158 7466 447 6409 6963 1436 7236 1019 4295 6107 9209 213 5571 5746 3270 7276 5534 7475 1509 5706 6975 3358 6424 6322 2538 5749 7616 2478 6855 6512 7783 4650 7480 8340 3675 5382 6674 6668 8417 5978 8946 8270 6577
3990 4903 8303 1614 6856 4273 5145 3992 4665 6195 7789 2670 7981 2273 7272 5419 3386 3918 1492 2821 4423 726 6242 1167 7196 4393 8954 1183 2892 2783 6636 3308 6714 3207 7521 7609 2142 6355 8506 1279 1386 7183 1238 2745 1017 6284 1269 1067 5173 627 7079 2103 7811 8052 1321 2243 1970 2314 8695 4441 858 6619 4972 6697 6776 4748 3656 7294 7894 6841 8185 3862 2340 5507 5010 902 1272 4737 5447 6164 580 1374 8364 8819 4963 6678 3950 5673 129 3978 7346 7342 2518 6479 8017 591
8524 2890 5946 6064 804 4136 7287 3130 8028 3885 4645 2878 1449 8559 7759 7200 9006 1138 4736 889 5417 8816 9031 7778 7878 5069 4014 2291 6323 7709 4549 1825 3608 6236 4119 2363 8790 6078 4313 2704 2871 3258 2619 3030 5048 4959 511 5119 1434 7631 7764 5325 8464 321 6872 4329 3642 5966 4669 217 2793 8056 2304 7993 3085 3791 612 319 2005 6057 302 4211 8118 2600 173 1587 636 5161 9074 8597 3984 7620 3119 8468 2153 5629 914 4988 2394 607 5313 421 8217 7082 3028 8708
2282 3680 7003 4688 5083 3932 8285 8125 7255 4020 7199 5878 5405 7933 7591 6834 4424 8564 8251 4722 8745 4572 4706 7301 2024 2594 6911 191 2765 3899 8657 7051 1384 788 2644 5861 40 8016 2387 8447 1569 4711 6461 3701 2842 4751 2804 3852 5811 1338 9173 2326 2516 2628 4890 8789 1487 8326 7507 4185 5355 4221 5483 2980 1411 7835 1642 7470 2229 8607 6514 6861 6800 1225 5297 6417 3511 4041 3908 3659 5357 7171 3489 8792 1132 1763 7857 1624 7334 5123 3710 3905 5852 8216 0 8087
7165 1009 5177 1458 2011 5136 164 5497 4214 2471 3383 6684 3716 1379 8473 3455 1186 5757 5681 1480 3724 1956 6999 5257 6104 5482 8533 1987 2846 8572 2572 996 7673 7210 6384 2186 6406 2073 7253 5747 6842 4222 1758 9007 3201 55 6787 5777 5913 7742 5184 5206 6921 6464 2296 5071 2698 95 7950 3298 6995 1174 6867 8001 3815 1415 2724 5587 9112 927 7365 519 7008 7059 5937 2959 3394 5814 7529 5439 652 5310 1914 4799 545 6588 4289 7519 7674 2597 4334 472 8849 919 6777 246
2973 3057 8640 4647 5837 5731 758 9162 2094 2908 1945 1259 4312 792 1168 5283 3326 402 4074 1561 694 3290 4085 8643 2799 2226 8944 5487 5176 3024 1426 5708 3840 366 208 3926 8733 6623 4854 8430 8787 3884 1767 7531 5034 772 7919 906 7352 6270 3510 8070 3101 8021 2552 6431 681 301 7369 9083 2646 2404 3670 7259 939 2601 6014 4229 3523 5860 168 3764 8212 6279 6517 8314 8573 8719 1828 3140 7587 6894 2483 1553 8350 5471 7741 252 4649 709 4834 5007 6794 6376 855 8660
8246 8515 3543 7613 2389 3318 4232 9202 5285 8378 5407 1151 436 8476 9176 2923 6759 1649 2269 9076 4228 905 4063 330 3219 7 7828 7105 6545 2770 6529 575 5256 3945 6069 81 1084 3903 5398 7156 3420 3398 471 8465 5142 2496 9020 7086 8477 4219 8882 3110 7140 6363 1445 8668 1522 1532 3825 8175 8154 8291 6801 2991 5054 5053 933 6068 7621 329 7713 1954 1124 3210 3252 5770 8863 8649 1324 7187 3046 6583 6097 898 8534 7565 1117 7740 3081 368 3368 3996 1842 6835 7284 32
2872 4512 6602 1592 691 2301 6525 277 2562 22 4123 9094 7476 3001 4906 5114 9095 884 1844 6380 2650 8933 3204 2402 6455 1421 6757 2565 2961 5116 3015 1310 5869 993 1074 1858 3773 7606 5773 2645 7339 2957 6666 360 7823 8457 3904 3333 5199 4223 6351 5514 9036 9190 4723 1093 1003 2715 5907 7636 4836 860 8337 9014 6316 358 6201 2234 1868 7147 9058 6874 2220 8624 5166 3399 2090 641 6359 4746 8890 1851 6103 5633 174 8386 7490 2487 7467 5601 3249 5392 7527 7044 6217 6410
7194 7710 3566 1865 3067 2349 2941 760 6932 1356 8744 5580 2285 6485 8304 24 1839 2265 2455 1290 6177 543 2435 6660 4551 7843 1246 8968 3913 5315 8760 1131 1450 54 3887 4583 3925 3607 3746 2490 4378 2856 4687 5128 7120 3940 488 8252 5536 3186 2912 1030 9090 1976 7652 5727 5919 4003 828 2614 3099 881 2494 9192 2836 8965 4386 3923 823 3291 6824 3080 8250 5829 8047 6346 8702 1097 5931 3666 1889 588 4557 2984 3939 1464 3345 8883 3315 5105 29 7867 3772 3331 5849 4016
9050 4742 3988 3041 73 920 8804 8952 1288 2017 5170 2811 696 6017 7818 6504 2585 7135 2648 8681 4447 9156 567 1367 3987 5260 7265 5964 5732 5409 7335 1689 8659 6864 5005 6421 4967 8474 2771 2864 5228 8947 7188 4306 3265 5 5779 4409 8568 4636 8914 1431 3479 7427 2816 1209 6333 2119 1064 6857 1497 6021 7386 5024 2283 7132 2995 479 3673 4597 8493 9100 4105 6507 3449 8317 6212 3010 4304 2381 6633 2974 7112 1607 3751 4684 5805 201 4786 2382 2977 1278 4805 1334 5098 6772
7399 2625 172 7289 1749 5915 6252 5598 4523 1756 2121 4392 8306 3744 1498 225 2365 2683 1059 883 2203 7779 2581 4411 8710 6755 2415 6396 4562 2643 2755 7030 8978 106 6988 5320 8215 7581 2408 7839 8454 7938 3047 8674 756 4133 6070 7572 4420 2726 1947 2839 1546 624 6255 9134 235 833 7362 6285 9163 4714 5846 6447 6056 6880 7469 651 1416 3176 4663 502 7456 1502 5873 6096 457 7630 9206 6205 711 6827 2635 3660 8896 3240 1354 57 4121 7325 8210 8950 4282 3567 5480 2179
4243 2865 5895 2406 415 3975 4652 7873 6722 7784 7802 9189 7875 3404 3626 5019 1029 1047 5626 4109 3664 1474 2339 1815 1773 5615 9028 446 1967 3967 5562 6792 1754 6553 815 5255 892 4385 1466 7596 5627 7608 326 2458 5341 7856 6922 1443 7446 1465 7161 1175 6049 8825 2574 364 9203 2200 1621 7179 4658 5555 13 2932 3784 7040 4837 8980 4501 2286 2157 4702 8998 8198 5513 3218 728 6492 4855 7251 866 6383 5998 3748 2602 5495 5668 1646 7296 1602 8689 1101 6227 1444 3260 7901
4155 6550 9073 1776 4287 4080 2419 1992 5643 5957 5126 6587 1042 1774 7899 4691 817 7614 584 8909 521 7795 8099 8044 7558 4680 407 7612 5832 2171 2810 2070 8257 8266 3835 2512 3910 3094 3687 8405 8667 3977 4625 6324 2634 1723 513 312 5939 2806 3417 8214 6313 971 3382 2193 8368 4125 4082 7657 5348 8023 5435 1668 9071 6269 3545 140 7402 5235 6603 5215 7595 8924 1974 5646 8943 1874 4017 1879 7359 7100 849 4299 1837 7597 7093 3688 7433 4236 7605 2161 8264 1821 635 7830
2077 2113 9044 7735 5674 6341 7543 780 2444 514 2143 1551 1276 4150 5667 1142 2837 75 2138 1489 351 7852 4883 473 1270 6382 5546 5877 6327 2958 945 8313 74 4374 1637 8181 8724 8411 1877 7648 5475 7117 3042 4372 256 8698 5076 3695 8123 4511 6072 5656 6687 807 7732 4407 3929 367 6821 7022 4333 187 6562 4149 7980 5549 1571 5884 1907 1244 7046 1793 2312 21 6814 2412 7361 5044 5925 5477 2416 4050 3302 3581 4911 2079 1517 8149 5659 5234 4808 6157 7788 4910 8593 4201
6805 5501 8192 2510 5194 1557 8984 606 4473 4926 2247 6437 7781 2617 4053 8670 7463 2854 8687 6770 2705 5622 4675 941 8503 8995 8987 6186 2895 2599 7104 7541 992 1549 6059 4238 2069 4577 2796 6903 5899 4002 2884 6637 1051 1460 2058 1388 3596 5415 2982 551 663 5762 3542 7922 3347 4974 7939 5594 7084 2272 1916 924 5812 3059 4624 1 2962 8362 5620 4536 5072 7102 682 8422 1644 8897 2818 6024 2642 4905 6172 8324 222 7420 7033 4891 3684 8703 8492 6709 987 6075 5891 1741
8616 7370 7862 9124 2097 7038 7512 2359 3718 5890 5442 8526 275 4899 3243 2968 4509 4112 3100 1518 3352 8852 1120 2744 4654 9052 5648 3149 4709 239 2827 1260 3349 2215 7755 2038 6233 7650 7600 702 6111 594 4584 2174 2688 4670 5307 5259 3906 299 8858 8050 8424 7149 2545 388 3780 4311 8407 7091 6218 4252 4373 5096 5211 6159 2281 4865 6548 4529 4576 9066 3117 5583 1676 3709 7198 506 1113 250 2342 5896 376 2586 4513 8732 5958 8184 7324 2202 2109 4113 863 5588 293 5922
5093 4391 232 976 5336 5815 3017 43 6796 4772 4953 210 3137 3860 1007 3134 7955 1287 7444 7186 5459 4264 5904 378 3384 49 4439 7748 7700 3277 862 8552 7804 4727 2254 1473 8809 6348 6476 1796 619 3444 8545 418 5444 2509 7574 8678 1062 8231 5108 2245 2290 4565 8648 2135 1251 1935 903 4397 4036 524 4992 8558 7928 5751 7395 3948 4986 3422 3577 141 7660 340 8202 1483 1328 1368 7563 7173 3505 2798 3295 6146 4506 7453 7372 1267 190 3366 1933 5844 6565 7421 900 2813
6950 227 6580 4708 2126 8684 4474 768 1014 8985 4442 4163 1121 1240 4932 1651 6445 2232 8522 309 3309 1154 296 6009 5985 6118 1735 5412 5314 3454 2807 2228 419 3685 361 1750 548 5524 8972 3025 2063 7763 8183 4319 8037 4239 5059 8170 3954 3973 5039 4897 3374 179 2862 4931 1632 1529 3060 552 9045 2689 5645 1597 4671 9141 2697 3827 7772 6385 4794 3421 3703 1115 6840 2889 3875 3678 116 3492 6003 1055 3712 6530 6387 950 6254 7321 2917 3693 8366 289 3681 3460 2852 6591
197 8563 231 2399 5448 1006 8296 2319 3953 6404 7126 7392 7060 8692 2615 1118 562 3079 7381 5989 790 725 1177 4570 8455 3963 1694 2083 9184 36 4275 6147 1891 186 8650 4924 1197 465 5798 634 3048 7929 2409 3730 7261 6413 3413 3636 8148 2786 254 7450 5224 8833 4298 5367 3588 1814 160 1516 67 7036 5375 8856 2557 7069 6956 2259 2205 2152 5167 1715 8307 5726 6362 8010 8747 7273 8892 1491 9147 5073 7050 1617 437 7658 3807 4257 8603 5940 5613 3735 2607 7220 5758 668
2933 3758 5655 7123 1402 7992 5356 2753 3692 284 7027 7124 1780 3720 2350 8993 7203 8542 8124 5764 3563 2250 8032 7995 7923 108 1846 7459 2447 2332 938 3770 7448 4198 1352 662 2701 4115 6754 509 7705 12 7345 149 2951 3798 3625 1056 6152 8137 3118 1606 8656 3335 1599 4582 7777 4615 4564 990 1685 4704 2672 2719 346 1966 8831 5557 3869 2845 8510 7904 4882 7216 1166 1835 7963 4389 8587 8190 832 4758 2448 5460 1860 7937 2246 2681 6105 5468 99 8234 4088 247 1823 7094
8641 2577 8495 7920 1929 4208 8738 3108 8240 1089 1345 7725 6122 2482 5774 2711 5090 3604 2276 1490 2521 8135 639 6307 626 7996 2463 731 3111 4383 3292 6403 7940 5784 6862 5582 6936 410 1677 6656 1711 7723 6949 1594 5781 6783 2528 2385 3330 8723 6981 8143 9151 1022 4184 8520 2522 2396 7847 4740 1178 7841 1802 3177 5556 5575 5029 7290 5216 5739 4434 4503 2514 8475 8322 2567 2575 3676 1876 1090 574 114 1626 6727 3789 6050 7435 2553 3032 2647 495 717 3612 5593 6556 5882
1125 3707 1629 1963 6429 3561 6296 5244 2019 1387 6773 1412 6496 3895 8992 30 3190 6426 6614 7973 5664 755 6125 5337 7603 6571 2043 1511 4095 7487 5910 7213 5676 3704 3159 7230 6954 7437 714 6541 6452 3796 9098 3552 4851 2896 2805 794 582 3972 5866 1425 5144 4268 6114 7796 827 5971 1664 7625 6402 66 2829 4430 8970 6140 6371 7814 237 8461 2442 1389 1077 8376 6557 59 3683 616 695 1050 7385 2485 7668 3006 3547 5169 3165 4907 7812 6618 2439 25 3091 6539 405 2589
8959 5840 2028 6585 7964 3389 4417 8223 601 5358 4140 8848 3593 3619 8343 9157 3474 4977 2911 3859 7776 161 7952 6379 6414 1130 6568 8540 839 988 2016 1640 1063 4164 327 8589 6537 3795 8575 5688 5956 3762 3462 2733 5247 3183 3799 6116 3439 4566 6308 1364 8780 8089 5326 1730 2654 2992 1188 3102 154 2603 8333 3957 3694 3529 3700 808 2576 2838 1110 6672 8244 6156 8456 6031 6190 7598 6809 5565 3097 7280 3934 8827 5213 4518 61 730 4975 6354 7418 646 8203 2828 2441 3585
8925 8576 6126 7864 1883 1369 8981 1864 5182 8074 5584 6071 4502 9115 4193 896 515 2091 7019 9087 8707 1180 4869 6595 7338 6074 5248 4202 6592 4555 3356 6791 4842 8627 3453 5385 8053 8647 1126 6434 1760 7549 1023 9019 6264 4356 4139 5165 6457 3220 7893 9039 2031 2532 7090 8588 5665 1482 8875 2045 8977 8554 8907 4880 4098 5082 6650 3128 8339 2996 5251 8499 4956 3771 1440 120 2563 8634 1320 1600 6197 4944 8301 4575 4752 613 1082 6082 4415 1079 630 3005 3582 2059 7945 8813
3359 2578 1755 2022 592 2060 8893 5319 8696 9148 4259 583 6188 1026 4634 9185 3779 1539 853 6192 2479 1791 5389 5887 7601 2194 1847 3380 2009 5791 2475 8880 8156 1184 5687 170 5741 3076 4955 8899 2760 1253 867 7029 423 5236 8835 7304 589 3456 4141 4432 1137 5220 3499 5652 2392 3898 8715 1700 6609 3979 5786 1670 7009 8686 3879 770 8578 8144 852 8938 5933 9153 3605 8084 7489 2746 3259 8986 7337 5467 2963 4280 7743 3272 3794 1204 5243 9117 6877 7266 6546 2927 4866 420
7586 947 8718 2431 5381 3114 63 3023 4013 3362 4323 8394 7178 105 5602 1554 279 4038 5493 597 5666 8969 4463 4486 1521 6098 2099 9038 9011 7655 4231 989 8873 4065 5990 8433 4066 9002 6469 9167 2033 1172 6789 5012 4129 9018 7494 986 1798 4457 8550 7547 8697 3428 212 2253 2049 963 2240 2809 2626 5775 2306 608 2115 6290 6306 2898 1380 8450 3876 5018 7946 8828 1747 5590 9075 7808 7570 913 8030 7905 4976 5232 7623 234 3679 5316 3836 8323 4783 5948 3408 6534 1129 8478
633 7458 1181 957 3145 4982 386 3803 3769 570 4293 3824 2731 8964 5577 4574 5755 2541 6741 1341 9013 5022 5331 9205 7146 8546 393 6653 4226 1152 4845 6369 2084 401 2641 324 4132 6046 3535 2787 439 5623 257 2032 3427 4729 6273 3857 2922 6524 266 5865 7377 4458 6193 7103 117 6121 9207 1430 5201 8348 6760 1333 3432 5527 1725 2529 7761 3487 1213 9119 6941 1134 1245 1850 8427 4324 1362 5456 1428 7711 6836 7957 1729 8494 5550 2493 7497 4945 1527 1214 1567 2454 1039 5976
5838 3595 1674 8022 7116 4676 3286 8299 2861 3364 3830 658 4768 7311 8415 5716 2866 5661 6282 2449 4346 6394 6412 8855 8877 7005 8204 3916 3415 1429 5092 5287 2299 8338 8739 8082 5343 4192 8039 5695 3980 7144 7341 253 6891 3007 9070 8440 8934 379 4446 7653 4297 1563 204 3847 4767 7951 5429 5995 1556 135 5834 4941 2052 6707 2308 5464 5130 664 5542 6572 2469 6438 2023 937 6090 133 3714 703 776 4000 8519 7525 4284 4559 1669 307 6566 6575 4023 1353 123 8604 6446 7278
5231 6879 3082 4137 5692 5081 2219 2062 1906 4938 1377 5763 5740 2192 6249 8484 3127 3525 1565 2604 4127 7350 1456 9179 6206 3387 2147 5595 4126 4470 4921 2797 355 8808 5561 240 1737 3493 6337 4438 6536 1888 1201 4949 1779 8389 2427 7546 9032 8272 2168 2900 334 8886 4464 8096 9126 3699 3774 8773 4531 547 8435 2195 7462 964 6631 5596 7553 3301 3226 205 5458 9146 8404 4873 7073 2244 3192 124 4245 4914 1657 5905 8511 5761 3631 1292 6176 8263 4031 951 8637 7452 3031 4059
6994 7083 7312 4010 8199 6499 1083 3 4497 7302 458 7113 6663 8598 2123 7077 6845 3819 8228 6222 2662 2248 6685 1859 8864 8610 8823 942 2725 7947 7297 825 1960 5379 8132 2690 85 4175 6696 4178 2014 9136 736 1693 2239 3197 8512 1834 3396 443 3838 5291 504 8395 6976 1200 2362 3036 5606 184 5035 5953 1853 33 715 128 2649 3855 7150 1938 5936 7915 2858 3179 2207 8002 8700 6719 3848 8361 6466 3299 3369 2584 773 7020 3674 1210 3775 9063 1365 5780 2098 4769 3361 5014
7977 7271 1555 4035 4079 836 2436 475 8191 7571 6899 706 8410 2940 2855 8459 2863 8155 5703 7692 5816 670 984 1395 6958 965 71 8580 4718 660 2085 2020 8951 5631 542 3496 7158 946 2956 3727 2721 5696 8241 1903 2730 1654 343 6320 3466 1964 699 1682 5754 4738 6058 6997 6344 6968 2452 3443 6608 5156 8513 4668 847 7536 4019 4097 8776 5158 6281 7088 8105 1605 1641 6962 6716 466 3256 2702 2931 4983 3920 112 8396 5897 5413 3227 2909 6533 2640 774 8734 778 4488 6142
2130 894 8100 6808 7978 2629 3943 8197 6971 6430 6916 6052 2331 7052 4587 8504 1122 6153 6769 5363 4893 5284 7846 8861 2695 4305 5809 5304 3745 461 119 3555 2000 3187 4342 3056 3995 6260 6535 5996 1052 6676 805 5521 2638 1148 2317 1432 1285 6624 463 614 476 8900 4525 8418 4001 1507 3211 1635 3677 5233 1768 6910 2873 7258 8365 8466 3560 194 6889 7834 2983 8381 3418 7880 2105 3562 31 5227 2465 5691 2224 434 1920 8841 8614 2729 6846 7503 1311 600 5070 6513 1923 5543
6982 80 6291 4487 9200 8312 2053 1205 111 4994 34 6632 1096 2015 4156 4459 6482 3446 2055 3690 4520 8791 4336 2044 8730 9111 6967 3500 2178 8078 2764 8286 872 5129 1085 2965 6209 2595 1221 8798 5969 6733 6520 2767 6119 3509 8762 2074 7239 4879 718 6408 1957 4863 1438 270 1836 1601 6775 5030 2631 1698 7615 744 940 8594 2241 8853 5346 4122 8101 3040 89 7983 6149 8868 1263 6799 130 6860 6202 5572 82 840 3281 8247 5579 8646 3112 2613 5273 2876 8093 6705 845 7374
6127 9000 7170 2994 7545 6171 3816 6515 9140 3993 8448 9170 2543 6208 6459 4206 1787 4128 9084 2938 4225 508 4190 2146 8356 5416 167 3668 4937 5818 3451 4985 8136 9129 4884 1913 6213 9068 6401 3312 3651 5662 9102 4659 7461 7270 1672 4638 7062 426 3486 1070 8611 2462 3845 3833 8163 357 1560 5984 2953 150 648 8525 3038 4142 7141 7306 7344 6219 2117 1899 6347 8549 2167 2762 8278 8035 4039 6786 5686 1289 7447 5738 3854 8332 1681 4398 7962 6912 8165 2002 4093 968 5006 7720
6528 3002 1053 623 1770 5026 5900 5558 7408 79 644 6486 895 3736 4798 2669 2029 1500 4165 5614 2819 5239 5689 530 4466 9130 8797 9113 6661 7151 8658 5437 8982 7749 4376 6686 8609 1219 4326 1424 3088 4935 5298 7675 6915 3914 4089 7501 4978 1277 45 7389 3054 8729 5715 751 15 7816 2180 8119 1784 165 4161 8866 9040 5733 2930 1296 8408 7349 4205 7767 6659 1342 8371 2401 8903 2781 8347 5621 2227 1953 2407 9137 8842 1534 6018 3944 1609 1843 8967 4254 6397 8373 6436 1419
6257 1580 6240 5790 7670 3209 3144 5057 2524 1917 2833 3043 1503 1366 1348 158 139 7917 5101 7398 4476 6266 2882 6442 6239 4812 77 5693 8516 4199 2921 8881 1002 6418 281 1157 1667 8683 9159 3576 7624 5573 5369 3611 2652 4353 1294 4628 4874 8436 904 4580 2118 377 4803 5189 7667 1777 5003 3839 5489 1593 4601 347 8280 8283 300 6491 2300 2587 5080 2773 8083 1313 7413 8049 2939 3425 9181 6220 8325 5973 4561 5992 2768 1103 5607 4116 8543 3641 4180 1537 2794 1650 2030 6901
8918 2877 3741 3571 2413 4545 8458 4428 707 5618 8799 8694 4622 3554 540 4321 7694 2989 997 5496 6634 1315 3517 3719 1665 5095 3900 4681 1215 4355 3722 5208 5485 107 2428 2751 3790 4655 4593 8753 6629 8509 8905 5532 6605 8345 3544 5504 9005 921 6710 7018 6875 640 7049 5037 1098 2559 9135 8767 3206 3407 6246 7096 8888 8157 1541 6483 6089 7542 1034 6972 5499 9080 7912 8673 261 1198 801 3116 1000 3518 3907 9034 1437 2424 2716 7016 6644 8060 910 8363 593 4774 7211 4617
4183 5041 4990 5431 6477 4425 6053 4672 3395 7182 6012 1212 7327 1422 4619 4782 6670 3022 5433 3021 1971 2918 2056 6989 3750 2964 8860 9015 5109 2137 7715 5490 6022 4317 3851 5941 4171 176 5935 3343 1934 6703 5776 6325 2225 39 9110 3314 740 5151 1942 1179 6029 7704 1049 6598 1327 980 791 8161 3589 6897 1643 4157 3846 9108 3946 1724 6965 7974 7057 3516 6751 9201 3726 8308 3776 6214 4809 7101 8385 6647 7416 6887 2335 5669 3185 982 590 4022 4235 1326 7556 1058 265 8514
1819 8743 314 7682 5508 1202 3584 4607 6343 3205 6980 5510 1066 6947 5850 1408 8416 6511 8413 8590 4358 6329 8211 4469 1946 389 4007 4322 5020 8713 873 7518 9054 802 5538 2857 4444 1975 86 195 6957 1595 7641 5322 5197 8446 8009 1639 7410 2709 5061 4108 469 3574 8748 3866 587 3279 8159 3141 3877 4843 2316 7331 7871 499 1559 1199 1403 1625 4954 848 7690 1863 3104 6745 697 5466 90 1394 4934 6998 5578 5147 6538 5465 7293 7820 3208 879 1710 8571 6929 3603 4621 2526
5121 478 287 215 5328 2561 2609 8530 6245 797 1001 1733 3346 3761 1769 5450 8872 6847 9158 7356 7538 2459 6883 1961 1216 9214 5918 1655 6367 7426 6753 4477 2054 8329 8754 7432 8327 6581 7238 8151 2739 5923 7286 890 8471 6731 672 1564 6508 2172 6026 2264 2659 7275 8764 2778 3933 6342 1032 8820 3723 3049 6449 7357 3912 6309 3044 820 2658 1753 2422 2222 6627 3416 9121 3371 4629 3214 2612 952 7379 4118 5042 8120 6850 1203 6109 5342 1073 7684 8672 7440 4251 1990 7766 1068
9118 4337 3473 3221 7860 3752 3962 7048 1018 1016 3927 5540 8097 4009 5209 2155 3158 9042 3609 3078 5274 4795 523 6198 6210 242 8079 8626 3743 925 9211 8805 2942 8043 2334 7111 6811 5133 4710 5261 5245 2191 8414 5568 5699 8971 2928 4078 4637 1520 3821 3018 3411 2170 3491 245 7532 4516 6183 3732 7438 8469 4380 3058 4394 4716 3935 2075 1688 8153 2891 7064 2330 4143 6904 5898 2801 4968 2904 2040 333 4833 7560 5425 189 5134 8359 4823 3069 1146 498 7559 3969 8615 341 8625
1704 2327 7716 1170 4390 1317 1072 2177 6630 7256 8419 448 6734 3376 8094 2173 5115 2162 6448 6596 8276 7969 3457 3461 122 4246 449 5908 8091 2156 1021 3715 7550 4435 7221 7638 2682 6226 7941 674 2262 8935 5787 8941 1305 8600 7277 1543 6818 5875 761 5015 4747 5529 338 2391 169 5406 1069 704 3253 8188 3519 4263 328 4887 1740 1870 7139 1855 3103 7298 2754 7602 8839 638 3280 8398 4734 2089 493 4832 7752 8330 2667 7154 5062 5430 5539 2598 1359 8220 2107 5254 705 1692
7564 7868 2803 6758 4220 7695 243 7524 4596 5025 7517 7697 3372 7394 1284 4450 233 8749 1948 3194 7248 8012 8036 6440 5087 87 3870 2456 3882 1127 5237 1801 576 7329 645 512 5386 6117 534 1075 2741 1999 3878 1160 8140 8586 142 6518 9055 6542 5362 3365 6120 404 1149 3742 1250 4453 3843 4364 1950 9022 5155 3245 5302 2356 2464 5021 2934 1189 1452 1286 8221 3311 1902 7353 7209 4560 3958 342 7162 4040 8958 9213 1603 8420 7368 8699 2383 7738 9026 4610 396 5701 6241 5991
746 6335 7758 4499 2425 1358 8601 8720 8885 3334 1570 2582 6063 7760 84 1218 611 2936 6665 3156 6655 501 4479 8784 1634 2071 9193 4807 6896 6952 4292 2523 5191 8669 8045 6720 1080 4062 5723 2352 2198 8803 6138 859 7068 3614 8268 8107 2623 8207 929 8927 3351 2507 3184 8233 7118 8098 4339 1630 8500 7400 4781 4995 4328 6945 6669 8579 6749 422 7968 7387 8496 5713 8349 1087 2823 3648 8328 3644 5266 4101 4272 8059 53 17 339 4735 834 8384 4492 6340 4700 4699 4581 6163
769 4043 2453 5909 4249 9152 5516 8357 6480 915 1910 1499 2955 1810 4277 7510 2789 4475 274 5361 411 6933 7237 2420 2699 2236 3174 2371 3777 7935 6278 1678 1628 3645 8200 8602 4153 3533 5309 1897 2197 7813 3949 5649 4868 8162 3652 3497 8201 3233 8774 1880 110 2981 680 2360 2820 689 8921 4255 8360 713 2021 7803 7913 5463 7787 5160 6578 1481 3424 182 3889 9061 6848 7762 4404 7990 7698 8403 6297 2347 1613 7206 4166 1575 2573 7897 3951 3747 2041 8390 6689 2947 6002 5551
1217 8836 7107 6560 8387 3236 2159 7876 4343 2376 2906 3749 528 1647 4461 8795 6423 6934 1666 5185 8086 5009 6315 9023 2869 3166 3531 9001 843 4388 8334 7801 2051 6161 6032 3867 3306 5154 6693 7987 8788 100 8693 8260 1989 811 3941 8728 7552 6761 4212 6141 4853 1171 6501 7225 2734 4788 6489 5570 885 8814 5432 5241 6837 2847 5881 7310 203 3230 995 5172 1025 3864 6646 2544 8838 793 4859 5870 7785 1604 7967 4203 6129 2632 8072 1139 4793 1247 5305 1243 5680 9099 877 5974
8442 978 6735 4111 2343 7347 1350 8617 3891 1196 7833 7794 6983 6473 6265 1871 932 228 5951 7757 6328 8717 9037 5157 2978 960 3583 8187 5788 8352 6444 8581 1111 6838 2 2214 6885 749 1258 6662 3936 2068 536 6884 400 2082 37 8259 4563 8727 7879 5917 4344 6948 238 4015 5202 5955 2231 6531 1182 8444 4605 390 8766 5730 9166 6870 5174 3662 7699 3200 7247 1748 2979 3469 3261 5349 7109 5340 649 3818 6151 2693 5710 8822 1687 8081 5782 581 7185 2010 4894 4791 1804 7908
6895 6180 5871 5293 8665 4367 8567 5817 2888 6746 8817 2064 4260 7378 2835 6321 248 4571 3129 969 1349 1878 3880 8929 4177 1752 8377 5802 47 5672 6378 4018 1301 3012 403 991 131 1299 622 125 8997 5737 4067 23 1262 4662 4314 202 8832 4027 7454 9008 1959 6062 2556 7829 5722 6946 4405 3587 371 1675 3121 5785 1915 3508 6695 7424 373 8425 3572 6762 6047 3930 7585 2181 5651 4839 2568 3163 2050 4396 1371 4844 9164 6033 9106 7013 166 1376 7215 5724 7896 8846 1048 5353
4790 568 8973 4526 7712 4749 1091 7774 8712 7061 2885 2966 8489 6688 1169 4848 7747 8472 6816 3785 7770 2784 7354 650 7202 2480 5994 406 6863 3549 775 9177 8358 1936 8663 2279 2346 3503 2380 5484 2187 4433 8242 7014 2533 7997 974 46 8186 4387 2080 9160 1896 5729 5033 8138 6439 2120 356 9067 1161 7074 8677 8843 5373 7153 5801 353 384 2036 2990 4539 5152 7984 5164 1542 4042 8963 9077 6023 9143 5617 5859 8128 7634 7960 3708 4285 6099 78 1568 1005 1165 955 7130 4896
2145 3238 8080 517 3167 5270 6942 3355 8063 1343 8577 6189 4543 8025 799 4821 3787 6617 1663 4357 3273 4224 5085 7520 6992 7800 3297 297 4957 4922 2418 911 8177 9154 7799 399 934 6701 2779 2313 6303 2505 4269 3849 3989 7685 5968 2357 4556 10 8931 5049 605 8636 4216 2166 1399 9180 4585 26 7383 188 9172 1471 7515 784 5253 1398 3498 2277 1937 2221 7514 3074 3322 6055 3537 558 8742 4480 1717 3294 1738 1488 7865 3285 6088 841 4076 1266 7169 7412 7639 8751 1037 922
1572 7746 4998 5903 2624 7971 653 4210 8661 4057 6274 3271 4131 6721 3225 305 908 1618 8095 3251 2372 4256 285 2488 8922 9093 5079 5452 5410 435 5944 5630 5589 4760 2540 8592 2905 1584 9082 5330 8737 5685 1282 7961 76 673 4152 8205 5742 6987 5803 345 609 665 5759 6628 5107 2817 6558 4528 6045 8618 3254 5338 3760 6812 4961 6334 9187 3767 8068 2988 4831 6475 7853 7745 3955 5559 1108 8031 4032 9016 787 7326 1928 318 2398 4037 9027 4315 1955 6825 5660 4071 5334 2499
1447 3515 3263 3570 291 1291 7246 4594 500 1298 1038 5823 3590 1818 6940 909 1840 1302 8336 4568 2506 6395 2087 5289 145 1824 5554 3215 1255 6613 1256 3234 6804 5822 6505 3065 7423 3300 5845 9097 365 1515 3564 3811 2003 3155 8913 2610 4895 4682 9131 8058 4168 9197 1982 671 4733 2101 4135 3093 5063 6788 625 935 7589 5004 6612 83 196 4505 8608 8139 9120 1495 3640 5491 8521 1528 3686 4777 3431 7966 7134 8046 3897 144 6717 3239 8876 3472 4841 6352 4643 5441 1133 6711
1662 8806 4820 1308 5295 7790 5396 8040 8595 7414 5769 5863 3402 5799 723 8548 8174 8679 2590 1382 3320 484 4412 8015 3447 8583 2661 7916 8485 8463 5690 5492 4370 721 8536 200 9114 3090 6301 7548 7921 4318 8779 9024 7129 295 1300 2867 5066 4573 4875 8480 6134 912 8630 7478 4602 7257 5099 4801 752 6748 6162 8383 5670 6767 8818 4835 3637 8172 171 8532 5569 8537 146 7573 4408 4077 7282 5560 8321 1941 5399 5637 3307 2498 2531 3288 4849 3520 5051 3278 5564 5479 6422 732
4181 414 1513 7822 2164 460 8142 1340 5207 14 690 3203 5813 4586 3153 983 7010 2013 2169 391 4719 8926 1535 9107 6898 4515 700 3075 6066 1028 2558 865 2969 369 1192 8785 1451 8085 5926 2706 4421 5535 118 6150 5296 2344 6810 8341 1012 3037 8048 4359 3199 2824 3264 8844 4558 8547 6740 1919 7065 6145 431 5181 2742 2564 8894 3672 7910 2235 2785 3304 4519 2403 4084 2433 8121 8966 5366 9072 944 4991 2355 5127 3237 3801 5883 4765 5445 6305 7942 8645 392 741 5478 5684
5841 7806 3797 2366 2605 3755 5038 2550 1545 6503 3247 1254 5824 3406 4958 4860 1540 6909 4482 735 1679 2035 6010 409 2223 5612 8783 6478 442 7125 3152 4307 1900 795 3514 1234 998 5916 6388 8605 1703 8073 7242 8168 2237 6671 6829 4889 6692 8867 4083 2841 7409 3434 7584 4753 6035 1995 1484 7115 7739 1390 550 4110 4578 8501 6574 2430 2324 8621 8555 733 4810 3919 2311 5750 5354 8815 6725 537 1008 7190 496 4608 4130 8127 3766 1712 5778 6042 5146 7786 102 9059 1325 5694
724 5585 5949 5825 4215 1135 6681 6567 425 5180 5240 6551 4426 5920 3232 2580 7441 8690 2292 4802 2305 5810 3828 3327 4418 1645 4267 3881 4024 7192 8449 9092 6048 4047 7537 1968 8004 7011 1141 8412 7989 1010 667 7189 4698 6907 4632 7821 1523 294 999 5064 3530 3008 5411 631 7406 3053 1873 2774 3480 8531 5376 2061 381 273 5927 4075 2474 8517 2188 5902 966 3339 569 6443 362 6833 1524 3378 3096 4200 276 2287 8812 7063 1980 8320 8302 1453 5324 163 3485 796 5332 5112
70 2088 7425 8344 7651 8653 7075 4980 6108 2849 4335 8859 5359 3820 6000 7037 6474 3483 7769 4997 2843 1912 7375 7152 1574 2592 4693 1972 1185 5581 7355 6435 2354 3039 2717 3250 2367 5528 6509 8824 7688 874 6399 162 8292 4745 5826 4230 4902 5374 4247 1695 2323 1708 2772 800 1494 8701 1306 7551 5143 3009 3938 5879 5599 4320 4365 1031 2081 4527 3488 2949 3738 3235 7721 8019 4158 3527 7530 5263 2384 6043 8289 4757 8013 5246 4331 5397 2621 349 8147 8195 4591 1619 8976 6961
3004 8005 7954 3538 2196 3148 8305 6441 1206 4923 2666 1702 8529 8273 2542 8874 4981 647 8116 5886 6680 2780 2128 1799 1257 6405 3120 8150 5422 1778 1734 4660 766 7366 8635 7142 5118 8007 6795 7085 5930 7888 5329 931 1622 1732 6831 4070 5303 192 3317 230 1977 7780 5188 6011 3182 6582 4025 9079 526 4172 6350 8884 8428 5856 5344 5421 846 2132 283 1699 7260 3691 6013 8741 8757 6931 2555 553 3601 6112 6420 2834 4120 765 3842 8996 28 5131 6196 6084 954 6495 5267 4316
8763 7066 6100 5847 2183 6191 5983 7979 719 3986 5885 6785 6658 4524 5636 6544 2761 835 3061 1396 7851 7943 2712 2395 249 1885 2548 1764 1477 7965 6204 7909 155 3035 3051 348 6490 2066 4950 5945 8557 1525 2293 4589 263 5023 5876 7902 5938 5311 7160 8401 3981 3902 5576 1351 3540 7499 4689 7358 8837 8076 96 1128 2664 7034 50 5654 2571 6820 3861 1610 5552 6561 6389 6155 2106 5862 6730 3283 2092 6930 8102 5682 2738 3921 1589 6293 485 207 2046 4764 1944 7782 5767 3287
4403 3630 2486 3122 4029 1159 2802 3740 7797 5765 5889 2627 6854 3045 781 850 2315 9012 4033 1707 7174 8434 5511 4867 7927 8596 4092 137 4925 5438 445 7407 880 1435 3157 4186 3125 4517 7683 4827 93 926 7155 7594 3003 6652 6939 5301 9029 5175 6 332 3922 5050 4327 1102 6292 7181 5518 829 7336 5028 5457 8243 907 6675 8879 4371 7948 6554 8810 4900 1057 5117 831 104 2618 669 5132 8942 6168 1229 8716 292 255 2470 2925 2210 7482 745 3154 56 8226 5888 1312 7665
44 5186 1207 7958 193 1659 6664 2027 6092 6552 2114 4419 994 7028 3947 7226 6726 8714 5122 1884 8146 6144 290 3528 4250 3229 3639 6739 91 527 8311 1820 7177 7285 6130 3937 2883 2639 578 8402 4521 3539 6184 1297 453 4242 2691 2004 8628 4612 41 474 8675 7391 4685 8179 7646 4369 4056 4011 2201 1020 1329 1803 4187 2338 2530 6919 4881 3661 3269 4052 5074 1045 6248 4717 678 3391 8008 3841 6037 8061 4261 3115 5548 5663 4532 3802 3188 6460 8267 4102 6527 8367 8092 6906
6937 7397 464 2519 6086 6882 1401 4384 742 3168 2874 1785 6005 3436 1013 2400 4773 5498 2554 7567 6778 1194 538 2345 2759 6611 4349 8481 923 1751 2274 3783 8736 7635 4427 4964 3782 6372 7087 8106 2341 5250 4455 3573 4361 2830 1136 3810 336 2935 7798 2278 115 5592 2740 335 3786 7869 1071 3826 5377 2012 618 4058 7693 767 3623 8380 7522 3275 4728 1726 3341 5242 6199 3370 3711 1303 2736 659 7729 4431 1459 5280 323 1086 5218 637 4930 2569 8768 4354 4888 2445 3600 3262
4051 6187 5772 1713 2303 5597 871 1427 1224 3357 563 6763 58 3893 1237 1988 4244 2256 7004 2527 1112 5262 7557 5221 6453 1949 5999 3494 3868 5616 8470 2902 344 7191 6067 6729 7023 288 4144 6468 62 8939 5650 5140 486 4233 3524 7110 8651 821 6263 7268 6704 7898 5008 1985 2102 970 4382 6261 687 2007 8870 5408 8255 9169 7666 4626 2987 3657 6638 7145 1718 3960 8709 1993 6523 8507 1533 8711 2386 3504 8523 6706 7138 917 5113 5970 4348 3164 9161 4069 1220 1805 5436 3062
5000 2078 5178 3970 4271 5469 6165 4484 2972 7340 5794 503 7197 959 6702 7724 5372 3268 6039 4766 1857 8562 7468 382 3602 8948 6016 8020 2899 5103 6338 6398 8497 6549 5997 2116 8178 109 4886 6416 2901 3089 3217 8051 2018 4641 6594 3379 3284 7886 8071 564 6366 6712 4406 3171 1683 159 1155 6622 132 7882 3731 6085 264 7267 6564 2160 2267 177 7702 3734 8551 8370 1407 3888 2920 8623 7026 3502 4265 9133 6381 7540 1375 692 219 943 1905 1958 5449 782 2570 3344 748 286
3019 7632 4533 961 4044 4443 5424 8258 8406 4598 1986 5707 4599 6924 236 7544 5494 1608 1612 4489 6559 2536 7291 6358 6844 2790 3161 5705 5531 4286 4678 3559 7936 5137 6008 4970 1227 878 822 5200 544 2141 2504 1909 6828 3541 5544 5011 5820 433 3189 2791 8293 5196 8491 7535 617 1709 5454 5001 819 2611 1496 7058 1783 8691 6110 2655 747 6332 4984 6216 8024 1720 157 8171 5605 1176 539 5470 5198 8975 5512 2710 3222 7081 153 1162 5901 6377 803 7819 7195 2375 6326 4815
8560 1701 1195 2034 1385 1078 3353 7396 1406 2547 4847 1811 490 5921 1577 68 5383 4775 417 1307 8271 5473 5089 6093 1547 5067 5717 7736 4871 5745 7771 5868 2677 4301 1265 1581 5052 2776 8393 4806 6543 3441 2150 1813 3792 6943 7647 2608 4401 814 3393 492 5698 8281 3410 2673 8682 4308 6649 4913 2095 9139 6839 2189 6349 1576 451 6250 354 298 5214 9132 8342 5748 8206 5360 1838 7367 9155 3817 6310 440 4646 8644 6276 4481 3126 9168 2190 7212 1983 3463 1261 3658 5963 6858
1230 8761 7360 7163 5959 1831 3195 585 1433 1782 3997 3804 1271 3465 3468 3526 2472 4797 8983 1866 7471 8018 2668 1344 2390 2460 6094 8940 4780 3476 8113 2450 6817 5443 8821 6859 489 5752 2148 4987 6259 5476 3781 3808 4960 6288 4989 4554 9053 2358 3778 5506 8920 4952 1242 7672 2388 3178 7241 6640 1757 7121 3653 3064 5975 9088 6225 9182 9049 6723 2204 7884 1705 7119 2361 1061 2374 7931 6215 8910 3136 6736 3305 5522 1226 8253 6822 6519 8638 3375 6823 1922 8752 5210 8582 7890
8432 621 6454 1295 9004 6905 2108 2379 851 8622 9103 3481 6271 2268 4642 5718 6790 3733 2703 5219 6302 8845 491 3435 1684 4197 6124 9215 4927 4196 8279 6357 5102 3834 4588 1862 4440 4824 9194 5378 739 4547 4176 4498 8158 7131 953 2405 268 2560 2001 1035 6073 4189 7911 3665 8486 3026 2752 3400 5638 1236 7201 3616 5679 4332 7363 7754 1790 5179 5642 4437 5204 9199 5943 35 8834 397 1841 9122 7333 7719 1054 8209 6966 3702 3323 7137 586 5835 1827 1939 8075 7486 7411 930
1854 3928 8642 8152 4674 6502 1041 1746 374 1861 4743 8245 2593 72 4449 4613 7313 1095 3257 1998 372 8655 2630 3419 8750 7775 8629 505 8535 2333 5230 7619 7479 2950 4416 8167 5928 7953 3890 2663 3575 4940 6244 8565 4026 6027 4552 6832 2651 8331 6143 8953 876 7654 4060 1478 8706 5541 3191 1892 5171 5894 3506 7443 151 6991 2320 6128 5608 7240 7128 5402 7207 7626 7838 4892 5505 8042 2129 6876 7985 4707 1107 2154 320 5056 4191 4159 6451 4666 2943 482 148 7078 7703 470
4695 2467 1228 5986 7493 5906 4741 1410 9086 9041 4467 2520 4936 642 3522 6228 9046 8937 5045 8553 1807 1904 7891 5084 7855 8731 8460 1582 3109 7502 7159 7232 4148 3705 8225 2800 2665 7477 1512 7753 224 375 6019 2393 8033 3321 4822 1761 7055 2295 3180 2517 18 2434 6471 1043 7737 572 7944 5704 1268 6626 7734 4302 4542 5423 882 754 6510 7292 1585 7895 763 5183 4005 3557 5163 7300 5714 468 2230 1283 6106 7229 3546 864 308 2944 3768 2997 6728 2184 5097 8319 413 5567
3470 7643 7949 6766 813 4377 5842 6797 5952 7114 7262 6902 7205 3968 2916 9009 1812 5104 1211 3974 3896 818 5031 4850 6742 1788 6135 6793 462 5517 2065 1423 5281 1015 1598 6892 8569 2868 322 897 221 7508 2914 3961 5647 2737 5635 8878 1455 2208 3276 615 8236 8108 6170 7430 2915 4785 5525 7167 1323 8282 2477 4436 4504 9198 6737 2302 3578 6368 2853 546 7566 9025 3696 1765 7837 6590 9195 3316 5658 753 4345 6160 6724 9104 4713 7925 2318 8392 2216 1894 2756 7511 3228 2782
5988 5500 1578 1044 1144 8379 4686 2348 4309 1932 5286 2775 4535 693 3000 4194 8227 8254 8830 8584 2039 2694 7419 7303 7676 2777 3553 3621 2907 7972 7393 6955 2566 1806 3070 4073 1772 7098 936 8979 7874 525 216 8297 2185 4278 6576 7988 3548 6851 2653 5371 2218 7281 5265 6893 5634 3994 8793 3865 7308 8110 710 4778 8038 4522 2680 9183 4943 6698 4281 1996 3669 6462 3014 3475 2377 8746 6036 4876 1355 8915 4590 8109 7099 8 2831 6393 6935 5719 6373 4004 3363 5420 7166 5839
1965 5789 3551 1895 4341 4731 6521 7877 1100 5766 764 4468 8928 6087 6173 4979 9174 979 7451 2497 7473 4414 3809 7809 5223 8166 2501 1926 8802 972 4996 3729 8111 8811 251 8300 3147 2133 3433 8160 5046 1795 1952 6028 7696 6237 8854 8932 5515 549 6169 3901 38 1830 9017 6651 5519 2151 6888 3725 7805 5721 3754 1893 97 3697 5756 7617 4462 4 2763 4971 3181 2489 11 3763 8869 4494 7053 1273 5833 4818 610 1550 4965 4857 2870 3066 4762 3367 7686 3073 3759 1881 6586 7903
6133 6101 60 9033 6433 4485 722 315 313 4721 8840 416 7827 4993 5804 604 5292 7404 4500 5269 2026 3013 6400 7021 7314 2579 4885 3242 4705 1633 7633 6953 7731 1890 3020 8891 3739 3337 2165 7663 441 4173 211 7309 1809 6391 4651 8895 2718 842 3478 7840 7127 4724 771 3325 8439 4195 8770 6253 6944 2298 3409 7457 1190 8585 4604 5914 1829 1984 7056 5760 477 6456 7097 7836 8847 2860 9081 1109 1660 3084 8090 2076 183 8237 6312 4690 2364 5830 5603 178 7810 5793 1808 5481
4592 598 2534 1981 3412 4350 2457 1123 7328 4901 1653 5368 1281 8126 8176 8722 2461 1690 5880 2437 9064 2086 5545 5610 3458 4661 4692 3440 6182 6648 2769 3143 8556 1164 4789 6826 387 2657 4283 1331 2410 8441 1232 3638 7575 4294 8077 4170 8479 7659 2096 870 3293 2881 8801 64 2321 2100 2048 5843 4828 3034 4290 1817 1921 6780 3160 5434 2840 7222 3569 206 8269 2894 2481 8483 2414 7252 7449 507 3016 3909 3450 156 7526 5892 127 643 6139 7041 428 3296 6287 6080 4117 632
7042 6699 3403 5509 7504 4240 6465 8619 8335 4046 6744 4792 8054 3124 1467 6806 3430 7319 2421 7914 5526 2182 4811 8765 4726 7070 8235 2887 6458 2270 7464 1867 6621 1544 5712 1153 1116 8295 3414 4291 9105 6411 7405 7001 3338 1506 2122 6970 6488 5797 8355 1951 1347 8309 1638 6224 7233 1886 311 7384 69 6642 2851 8382 1357 7516 2251 6920 2616 6683 5929 4763 5792 8518 5735 6738 6390 2728 9191 5106 3055 2985 1623 278 5455 241 2127 316 8490 1962 9171 7371 5370 4744 481 561
98 2954 331 2242 7492 2139 4816 3565 2144 3649 7513 4448 6938 5503 8633 8141 2309 6030 5628 7848 559 1591 2757 4630 4274 5609 3728 977 4756 223 5276 1728 7054 6923 6015 5851 5040 7722 325 4034 1027 7288 4114 3952 2438 3737 8758 4942 6532 6040 2832 6959 6526 3052 3423 5365 4360 3647 2072 3216 7417 3350 1596 4826 7918 3083 655 8117 3098 2263 4167 4814 2199 1004 5537 7506 5403 9175 2967 6262 2859 1673 4694 259 6750 7428 7854 3671 5640 2093 6268 2513 891 5639 8498 3858
620 2975 8796 9056 438 2112 8482 4262 3592 6361 899 6158 1143 1472 269 5203 8599 7491 3956 4465 103 1548 3620 6234 6083 532 2440 4640 7555 6779 7295 4796 5238 1882 6300 8725 218 1393 5965 4933 5828 2815 5795 2708 2175 2511 2370 199 5387 2525 8114 4090 557 3385 2993 7184 6298 5950 432 2260 394 7975 2136 8544 4169 8781 4234 5462 7662 9178 4616 3713 2679 7750 244 4609 5278 1418 2971 5632 2233 5657 7316 1114 6813 5734 6830 1248 7554 6223 5641 5288 8923 2750 7483 3886
444 7999 1046 6166 5488 1470 1060 3248 3202 7825 8055 4548 5702 3667 1150 7751 4653 3965 4540 5624 8662 5065 7580 3580 6677 727 7792 3829 5563 2926 8064 4946 7622 4049 8771 3805 5771 4006 1611 6625 4091 8369 7045 7866 3011 1011 4068 5619 1997 3550 9065 4852 8756 3146 5744 185 6732 5249 8570 8671 6589 4904 2473 6038 380 844 6756 8230 7415 2057 3628 1648 2426 533 6041 2468 4094 2970 738 6132 5872 1469 3246 2937 7629 7080 5275 1792 1104 3892 4618 1615 2104 5428 3467 1940
6425 7708 967 7488 1241 1476 5446 2636 6331 5553 3106 8284 838 1875 7701 6232 1145 1583 8680 4804 1706 4929 949 1786 779 4182 6547 8759 810 4061 3599 5671 8851 6974 4100 7505 4697 4351 1360 3635 5972 7900 3610 529 2880 4603 5027 2443 3193 6985 8290 1065 9165 121 6890 7047 5125 4338 8990 8453 8372 5384 3063 1336 1924 6230 6500 2025 4770 6914 4648 2633 9078 677 8539 4363 2748 3999 1414 6175 6235 7687 3757 759 4715 729 683 8399 4544 3377 5111 2111 1872 7817 5960 5229
708 7193 6136 7892 6743 3477 5187 7976 7885 20 7568 430 7227 4973 2788 7627 7382 5678 7707 4188 7768 2337 4779 6881 7844 7714 1413 5993 4962 6272 7870 5683 1391 4916 9035 3360 4917 4683 6091 7317 6174 1616 3267 3814 1552 6747 8134 887 3198 317 7691 3706 2535 1631 2206 6336 3982 9138 271 352 8180 4028 956 8991 6802 5388 2257 3911 3558 181 7043 113 973 7218 8067 6051 6277 4495 385 5088 8904 8654 6494 7330 350 7143 427 2822 2844 5055 1789 1076 868 5720 8898 5530
2261 6294 2429 258 359 3123 701 1239 1848 1163 497 8224 480 1686 483 8426 3633 2732 7640 3634 3597 1439 3765 7249 454 5351 4303 9210 8219 1446 555 8488 7234 8705 7872 2476 7403 4856 4840 1620 5547 3507 5783 5312 3643 1448 1462 1339 1901 8239 6001 962 5677 5604 8902 229 8238 4771 6004 1991 3863 6211 7689 5474 3095 7007 1658 6873 4213 8960 2466 4776 1400 7577 901 4538 6620 2723 786 2125 8989 2328 3484 5091 8871 5150 3756 262 5271 7495 4310 7015 5523 4422 2596 8777
6516 3654 556 4908 2067 6570 4399 6691 5981 7244 4677 806 1404 7588 5743 8164 1771 8265 2903 180 6318 4537 4553 1405 5047 5977 303 2209 6419 6993 7264 6765 1304 2353 7576 3289 2546 7498 2945 7889 7208 8351 4966 9021 7172 4145 6247 3501 3310 9089 3806 5675 1280 8438 7773 798 4030 27 3255 1908 4493 2397 51 6203 6181 4784 8115 1316 3072 7661 4898 4218 4300 2322 5317 6375 5335 5520 4569 3598 4664 4635 5440 1092 5277 1332 363 5300 6764 5853 1762 7243 9062 6913 2310 8994
7351 2411 9188 826 3915 3812 3401 6498 4054 2986 2549 6289 9069 5414 2792 4947 6803 3132 4614 3172 5272 948 1397 3113 7500 4800 3033 306 1656 599 7718 5390 5094 5043 1033 5016 809 209 2678 4490 8755 9123 4276 5962 3336 5279 4330 7072 126 8208 9047 6563 7756 8011 6900 3135 1383 720 1833 3354 5060 6673 6034 8437 661 6782 3823 3721 1816 147 7994 3534 6604 6178 3837 7861 5077 7136 1742 2924 8889 1208 8346 4611 3388 6639 8169 5395 8467 4725 4920 4701 8508 1274 7793 4550
