97 98
4263 6075 8399 7682 3488 7204 5331 9091 3247 9310 545 5526 1407 6991 251 9485 6252 5788 2050 7873 2457 7563 5263 8759 7948 3914 5547 7431 5302 1653 37 72 5517 3635 7671 7777 8342 7259 3903 6487 2037 3655 5912 4453 8629 2839 3732 6888 7604 5415 2147 1346 2782 5372 4272 2637 7910 286 7006 8387 1887 6079 2549 9473 9463 1039 262 2148 6196 8262 203 2393 7057 5631 4048 9368 7152 2847 494 1549 4963 7828 6525 3183 4434 1085 4664 3572 3900 2568 916 9360 3590 7034 5640 9106 3220 5822
8497 551 3682 5118 4372 8846 6467 5072 5508 4743 4941 6544 4901 7055 8049 7436 8318 3177 3128 9494 296 9437 2462 1028 973 5335 8337 310 3001 8443 7643 429 190 7531 7392 7540 5696 6347 6455 73 7727 4720 6264 4258 5893 2731 6202 7126 2922 4943 8983 1312 2832 208 2278 2925 3475 4175 8460 7076 4353 2576 4062 4575 614 7291 5430 8967 1996 5050 3794 7311 3011 2980 6483 3756 9276 1196 7197 5557 4022 1722 4382 6115 4719 4010 6752 2086 9309 5017 4803 6869 974 2499 9097 7220 3387 4328
3310 5383 1019 1022 5817 4821 4694 7060 2421 6005 9081 1528 1753 2593 3244 6450 7064 6286 274 5135 5801 1241 7097 6851 591 7299 431 1683 7861 197 9061 9084 2492 6191 4375 1941 1774 5225 1101 5599 7381 2363 3383 470 5126 7222 8203 8170 2292 6846 3901 2234 2780 2429 9355 7463 3578 7903 2911 7854 8552 3892 2643 7924 1192 7655 1286 6889 9163 7515 4404 7870 6476 3283 2861 8138 3399 6416 1754 7565 5454 7029 8522 8281 7507 5700 8665 7047 7115 6588 7773 5103 7373 35 5546 7926 7758 7385
8338 5745 8362 5879 1409 8012 4997 1543 9369 871 4731 5045 6484 4504 6071 3826 7624 3398 2256 6300 5635 2162 8403 8911 9014 4625 8681 3938 7101 2340 1148 3757 1488 4765 6112 5612 6961 1757 7405 8933 5957 5183 4180 7426 9131 5142 3336 4040 9475 7329 7610 4668 8144 2712 836 4706 3523 6376 2044 6185 2253 8608 9201 1033 8535 3709 4781 2093 1455 6583 6901 4466 2166 1977 3275 1093 5174 6691 7776 2751 1571 1602 7562 7003 3959 1512 4083 7603 3226 8154 2840 6631 773 9497 232 2334 6776 83
3566 4026 4241 7779 6400 5777 11 771 6978 608 1151 558 5067 5781 8902 9140 5122 5707 6319 1913 5269 4402 7529 8179 7959 8904 4742 1912 191 5848 2076 7919 2133 707 8623 6015 9359 249 7360 3640 1945 1917 6891 7729 3282 3881 1911 5693 489 8288 1400 7855 6374 6675 3922 1381 5444 7629 8723 7590 6211 8033 7838 2016 731 2194 3574 5549 6203 2748 8768 7669 7822 7361 4878 7691 8553 6792 7296 1486 5054 4413 722 9092 6770 3988 9235 6670 1227 8836 2472 5211 8686 3787 6405 8102 8890 2075
5318 5150 8797 6401 3565 132 378 1613 160 6712 1520 2475 4080 9307 9155 2371 9278 6113 1469 3186 3957 5590 512 7131 6141 4346 5052 6816 8017 7206 3784 9251 3942 8819 8732 9056 493 4774 2218 5604 8468 9314 1207 2609 8392 8778 3286 8793 8789 5747 9076 7542 4262 1814 8188 1946 5035 6184 7775 4572 1058 6136 4488 7812 4155 8052 495 1244 982 9158 759 8814 7333 9274 8191 5891 8817 2824 4496 6012 1036 874 4595 9199 5110 8563 8452 4570 5776 3081 4508 796 5870 1330 2629 5927 8676 6717
5808 8897 3645 2951 8357 5434 2412 574 6667 1362 6512 8003 6852 7982 7980 4049 4177 8649 4850 4921 3202 5458 3300 2418 9110 4403 3245 5382 5452 7035 8929 6359 3846 4150 8570 4172 9090 4710 7797 8526 5144 1174 3843 3818 8513 1615 4292 9156 6609 2907 7337 8402 6756 8909 5433 6363 9264 8428 4274 9358 348 8484 4786 5655 3082 1114 9129 802 3924 602 8821 6965 8098 7966 5531 1978 7918 2350 4623 3348 1069 9295 7130 5758 7925 4996 2817 9149 4819 6397 5141 240 3252 6421 6560 1014 3356 2915
7853 333 4460 1923 1090 9069 6605 6549 8070 7471 5886 8527 5670 8321 7743 6250 23 2848 3414 302 651 221 6222 8592 4647 5240 7984 1504 5759 4430 6721 5818 8598 7427 7631 6101 6091 4715 6415 2053 7582 8927 501 5653 4265 3492 3921 3101 9184 4306 555 6338 2217 3376 5843 4243 5792 4861 3406 4174 9075 1854 5443 6110 207 7587 4395 1783 2065 5569 7225 547 4473 1704 7168 8217 5609 6064 130 5518 5864 2415 3485 3571 8691 4709 3952 5420 911 2737 7217 6598 78 4451 8885 7712 8534 8313
7525 9003 5431 2402 7150 1716 7574 4832 2372 4477 2664 5858 8844 3712 9425 1788 7241 7394 4397 4454 4971 9058 6650 6014 1570 8485 4554 4600 8901 7886 3410 2294 5258 1358 1744 7009 9178 8790 2900 7367 4636 57 3249 8903 2554 3120 4283 6498 9023 3777 9041 6008 9387 2705 6828 7612 4724 3402 5581 4294 7664 1567 2005 4550 7636 6044 7783 7981 1611 696 1763 8121 2895 3039 1513 248 3773 3584 4400 2626 199 5153 2713 846 5699 3829 544 2282 3820 9318 5178 3612 6302 2374 1808 4909 7494 8423
2623 757 268 8375 4220 5523 8609 1427 4615 7814 2512 2837 5432 7834 1306 7606 7411 9083 6492 7746 3381 477 564 9344 864 8030 8542 2760 7083 5198 6975 8908 1265 7832 4018 4795 5809 7659 3232 3688 8743 5499 5536 9037 6694 6413 7091 964 7324 381 1329 3489 8128 5686 3736 2978 6399 4784 8818 2444 3848 2634 5757 6224 8415 6060 6028 6704 4401 5058 9471 9011 4707 1154 8882 2186 1140 2366 273 4034 1770 4305 5859 392 3499 5744 1732 4640 740 9296 9308 4553 6908 3670 7470 7452 7353 8272
3792 3766 1191 4884 8373 7555 3702 5129 1666 2122 4684 2215 1453 8165 1692 2024 1350 9306 7769 5154 763 6905 6818 7254 7059 1281 4598 7315 8849 9142 7811 9433 8875 205 4534 399 8982 7576 6573 1272 1639 4122 8267 7320 6389 6078 1398 6174 3115 565 2488 8306 4764 560 6758 580 3314 3237 6304 8445 7081 7857 7124 1677 3175 7928 4562 92 1034 572 5023 2159 3197 6649 6129 42 4474 7698 3634 6176 1135 6768 5816 8525 230 8747 2693 4098 4635 4843 7274 2997 8867 1723 1617 1719 5807 2912
6328 3307 7013 21 1218 4856 6116 503 8807 4680 8712 6260 9200 7244 1494 3804 5648 6806 318 3981 485 5131 8947 3862 2315 7830 498 4880 905 9338 4033 5520 4051 6351 8229 98 4215 1790 4075 6672 5756 700 116 3704 8820 8088 5303 7418 6448 7491 3656 4913 5909 5737 2108 1434 6997 5516 975 8367 2085 7079 525 8488 1818 9185 3454 3608 2801 1263 1298 7085 440 625 9275 4851 5877 3910 1273 2544 3236 3870 5187 3693 832 9220 1098 8429 3822 8631 3722 8209 7113 3287 383 3934 514 6615
1966 6233 9353 1190 5007 6171 5450 3239 8409 4378 4366 1803 7132 7878 6982 8855 9294 3628 6837 8964 244 396 3122 1304 5232 4690 2019 5121 3394 1992 7675 5674 7768 8827 5933 2202 2657 7781 3393 1573 1189 2103 4313 6181 7386 637 3484 987 3243 887 8055 2049 8975 4561 4523 5130 6637 5755 8520 1997 8694 8731 6656 6539 1935 7120 906 5366 2676 9147 3187 8336 2039 9032 7849 5563 7872 1728 6002 6411 5395 5085 6114 8714 5734 3592 5312 424 4950 9374 1936 4101 7804 2312 550 8823 7715 5321
3666 5104 868 6577 309 4794 4199 6755 4665 7238 8848 9052 517 7429 6647 530 6790 8559 7403 585 799 7900 176 2538 5723 4213 7438 7504 1178 1129 690 6804 4596 4185 9024 497 4657 7239 5061 3110 5857 1646 3627 8585 9293 5952 1426 9121 4985 5922 6215 6192 8105 345 3716 7203 1713 5102 5942 8546 3012 6634 7516 4308 3679 4952 3209 9483 516 6355 6666 6677 2310 5441 6740 7141 957 6850 1738 1372 1501 4837 5511 5852 1747 3486 1220 8269 2819 8706 7000 1284 4578 8519 1650 1261 1131 1132
6918 5772 4870 3646 6239 7644 3814 5076 3850 6249 4616 5930 1832 8538 856 2876 8741 8664 6940 1053 4139 1213 8898 6554 1628 5840 662 2021 3073 5244 8825 7638 4756 320 4541 2806 3290 3442 8208 9245 2797 597 5752 9040 8381 2842 6 1001 3349 6793 2812 9327 1706 5194 2038 2386 1826 8829 2213 5005 933 6036 7136 5030 2888 5317 7223 4808 733 3405 3195 1331 7794 4217 8753 1347 3023 1682 6039 4949 1479 6893 2518 2880 7992 8830 3400 7175 2707 6651 664 3415 4068 8856 8211 3350 5796 4804
4389 2503 7548 9198 4352 1985 5641 5876 7645 4811 5010 9196 2214 7686 5851 6500 5677 1531 1576 4458 8058 4937 695 2389 2729 9311 7976 7718 2818 4478 118 1626 526 7434 3078 3522 4244 2410 6628 9089 5049 7809 1035 1662 566 5695 6395 419 1141 2175 7279 7564 3573 7256 2007 9429 9232 9444 7939 8604 8899 2263 9222 8343 2921 7591 1177 7019 8569 522 8802 5479 8571 1274 3838 8124 5003 2618 2613 8243 4103 6386 2182 2004 750 9079 7765 6907 3176 6207 3446 6157 4505 7721 9392 919 7210 6731
4888 6962 1849 9258 7589 2239 4912 3927 4032 1565 1525 4489 7123 688 8044 8644 3361 977 8282 4443 3675 82 4576 5159 9401 7904 4383 2673 5598 5621 5210 8152 8011 7040 1184 3315 8075 4824 3021 534 8118 1771 238 1720 6546 5794 4987 6900 6831 5280 5327 7476 410 269 1175 5671 7521 6327 3401 5577 4231 7938 6509 3332 2792 8864 4457 2495 210 1221 5047 4116 5872 5038 8464 3308 8029 8159 7425 8628 8871 6436 5451 1792 1333 5791 8915 7757 5367 6927 3161 4055 5881 8777 1550 1593 7667 3164
8735 5815 1554 918 6056 6789 2557 5314 7501 5212 7770 6769 4833 6795 9262 7628 7710 8650 8633 4599 8290 4006 1008 8308 1851 2652 7702 6511 6209 5784 9458 8752 7657 8517 1230 241 2489 7236 3883 297 1410 8202 7594 5429 486 2913 4723 3184 2317 2240 5408 1223 8462 1809 6685 1440 5782 3132 9060 4225 6059 7293 6168 3622 6076 252 1254 4176 4547 5658 3718 6477 3205 5214 4039 4713 5926 7941 7424 4718 875 4060 4656 9195 3411 8577 5724 2383 7690 1065 4019 179 6808 394 2154 2298 762 7335
8506 7940 1529 7071 8286 2715 3203 3014 1188 2083 490 928 6910 6885 295 4608 1385 2145 6131 5672 2088 1995 6391 3554 1423 6031 147 4988 8331 276 8541 1872 1134 3302 4844 443 2672 8533 1741 9073 1899 7056 8705 535 8607 7314 9246 1566 4524 7440 8589 2467 1793 9319 9228 5080 7199 7577 3593 8794 380 8958 1439 7160 3580 2542 8480 5043 803 3989 948 1314 74 5438 289 6330 5481 7558 8971 4380 1495 1963 6779 2277 3076 6867 1674 7831 2208 620 1734 5409 570 6213 350 3874 144 5137
3407 5795 7201 5584 48 2515 7243 4775 6007 647 2528 4696 8107 8123 3751 3337 4816 5941 7216 908 2161 891 3524 6052 6217 4631 8194 4661 4587 1943 5850 2749 6543 3894 2270 3048 5002 6463 4714 6990 8870 1050 3325 958 7678 1382 3746 9371 6644 7250 9250 8630 8182 8651 1633 5095 7119 6349 7167 8602 3218 7798 7630 8366 5396 9449 5315 8518 2612 1541 5238 1357 9026 5152 6047 5268 6622 3568 5323 2944 6090 6618 213 6277 3598 1021 6496 3699 2335 576 4216 2697 2938 7294 4772 723 2377 9234
8878 2030 7800 7792 8910 4947 6127 9384 3061 2742 600 627 4593 6557 7358 3173 5329 4082 852 1983 3331 4976 6545 7578 8954 4538 2242 339 5134 430 5657 9282 7795 4107 878 4614 3941 2455 4337 4189 8406 2169 4066 541 8709 1848 7099 8251 358 2052 6459 7336 8641 3240 1502 7573 603 985 4299 3221 7042 3345 2500 4669 3816 8685 8076 3607 6723 6533 4492 4734 9074 4042 3010 1264 3386 6241 9324 3604 2333 304 2577 1466 6248 1657 7462 569 6482 765 7332 3227 99 151 4674 3543 4433 1215
9244 3199 9335 6555 6291 6333 6340 5380 12 1279 5746 7866 8590 7888 4925 5865 5846 2400 484 5560 8322 4685 851 820 770 4891 3947 8385 3893 8809 5824 6601 8071 6318 5209 3512 5787 8371 1655 3836 140 7584 6343 234 7051 5168 2578 6746 5298 596 3319 6969 9447 7446 7195 182 3288 3875 9031 4914 2360 2580 617 189 727 7323 1703 3208 9181 5954 3055 7580 7722 7400 3166 3207 3318 7359 698 1238 1473 2496 6456 9345 7993 3216 3583 2827 3570 2728 4063 8369 3902 7934 7616 284 2558 2419
4407 6086 1791 7129 5650 8537 8139 8348 1493 8134 8938 2983 5185 630 6698 8054 6827 3710 817 3309 5524 4014 3408 7613 2603 8715 3775 601 357 7180 2838 7237 6466 5535 8913 2954 6438 6886 4877 5736 8940 4329 4802 3092 2398 7841 6680 4336 4852 4637 218 1624 4966 6104 9252 9356 7390 7615 3918 4922 255 9070 1397 5115 8960 164 4001 7188 3371 2917 6856 9096 1179 4607 4171 2575 4826 8675 7267 3817 8295 5223 8547 5596 7539 2387 8346 6125 2080 2436 6692 6941 3576 5976 8671 2698 5900 8310
8240 6479 6243 629 4967 9176 6427 6098 1432 4219 6844 5497 4924 4708 7990 209 6030 9304 6772 5740 2669 766 6574 7534 2924 4017 7724 988 421 71 7316 6627 5215 2041 3194 8638 9065 768 3264 4315 2158 7179 3624 6710 7174 8407 1408 941 1209 3366 2919 2995 3852 1656 4662 5464 2961 1596 5289 5981 3614 7728 5960 5543 2125 7634 6538 2769 5738 6535 3430 6385 3125 7492 4157 4452 1388 6519 685 8110 4096 5991 6553 4104 5133 2212 7420 537 8601 32 4170 3694 7680 8808 7601 4551 5580 2343
4838 1947 9340 5726 8594 220 1533 7625 1472 9367 2057 7421 9484 2692 6175 7309 3845 683 3498 3526 6773 5220 2051 5506 129 4776 5994 4565 7352 5404 8066 3582 2246 8150 2428 6320 1127 9067 5149 3597 4374 5495 9443 6988 5040 1447 4747 6953 6303 1652 8232 3932 965 5583 7931 85 466 8293 2353 4825 2825 1133 2068 2023 5844 2851 9268 724 5374 9336 2937 8843 1363 2543 9137 9113 15 7972 4417 5748 1122 9288 9397 2506 5291 351 5306 5091 2345 9225 829 754 8422 5475 8333 5378 444 6929
6584 2303 2829 9207 8787 1334 2018 5751 6585 5660 3219 5025 4542 7483 7786 1390 7915 5230 4688 2914 7327 1924 5911 2645 2351 361 1934 6231 4232 8544 8230 1515 2854 6697 86 8355 804 6641 9269 6632 5762 5340 4691 1544 1142 5341 5558 7658 4145 5731 5241 7165 9218 9206 1640 9237 9002 8019 8204 7829 2252 2700 8540 7149 5077 1248 6306 1725 9241 3912 9457 7956 3823 1043 127 2969 1484 1750 7196 2095 500 4411 5950 2796 8532 8417 7766 8084 3241 4953 8545 7627 7284 6518 513 5639 3781 7263
2936 488 8617 3587 7881 3015 7378 6980 6337 8095 5157 8831 1965 4928 4975 4072 6813 671 1831 3805 5527 3940 6516 2852 9082 8380 2882 4132 7398 895 8725 5439 3539 6275 5537 7905 8137 5251 884 8185 9493 1414 681 7733 9403 7890 6474 281 5675 1013 3230 1552 8168 6026 5602 5873 5053 6726 1317 2745 3479 7755 3223 6216 3683 3111 6623 6429 3238 4211 2940 7409 3093 24 8420 1461 9496 8171 8016 3033 7528 5541 6268 178 963 2651 9025 4480 7767 5324 869 1825 2020 2920 3758 8466 414 7249
8634 1319 7524 9085 1907 6916 5055 590 4972 7545 6774 8636 6394 872 3519 3579 2012 6135 5774 598 6037 523 5937 4613 7648 9329 216 7069 372 5890 2061 2678 2941 8258 7496 247 6077 239 7205 3837 7063 5664 7944 1841 5697 6718 8242 3323 7444 3265 9423 3946 9462 7044 4276 4831 6909 2203 2097 623 6235 7506 449 7771 4387 4153 609 966 9159 7363 972 1499 5248 2344 7194 162 2171 8832 1855 5402 6887 8806 9386 2251 4085 7341 8627 6925 7148 8637 4054 5932 4810 9430 8998 1765 122 5124
2945 6840 5201 5988 4839 9287 721 7258 2756 3322 2163 4908 886 6754 8737 9043 9141 4195 8682 4622 4114 5417 2649 847 8965 1587 4192 4495 4338 3068 6324 3859 9013 379 2181 2233 6152 2089 1253 1219 1636 9419 8129 1591 1580 657 9357 2605 1315 1446 3754 1538 6633 5410 7673 4738 9312 1335 8661 7649 3210 3556 1156 6904 3097 9441 3432 2736 2513 3032 1928 4766 5733 5867 8632 5108 1083 519 8853 3369 8744 7884 634 5505 4424 8622 2870 6124 2639 1712 5830 8115 6154 2628 4517 2441 9445 4968
2892 2168 6945 1523 7899 2535 4502 3677 5545 8548 175 2027 6600 3636 6742 2942 656 710 9427 6725 3427 9123 8935 9021 1038 6638 1618 2710 5422 3079 557 5205 2721 6674 2675 2964 4334 5970 8163 2533 2268 2229 8963 482 850 4409 8481 3970 8862 6809 9346 8914 4798 573 8270 161 5915 1600 2470 9470 3564 4666 8895 8961 1766 5293 7164 4582 8766 4422 291 2465 1064 5484 8174 686 391 30 4903 826 7646 2409 3134 8959 3975 5963 3715 4297 8378 1152 6172 6083 7489 5235 324 1452 6951 2701
7397 5349 4011 5727 4196 5587 4484 5305 8701 5771 2754 4470 8221 6517 1509 4393 4020 3151 2972 7764 9164 7819 4590 6956 954 322 6227 4149 1268 2072 7730 5783 5885 4864 7734 3463 2293 658 7092 3130 7155 2642 2527 1879 1503 7072 9389 4701 2519 8812 2718 577 4281 1441 126 8274 6529 4067 150 336 1670 7008 6317 9030 3397 4771 7933 6406 1468 8442 3905 8646 228 7661 9455 5338 2180 3511 1560 311 7988 5493 8471 6201 7694 8036 6531 3452 364 94 6062 4118 714 4300 867 1993 4462 7103
4152 9393 8811 7979 9057 8060 5637 7619 9063 2484 6825 1144 2898 4428 7114 9150 694 1555 7312 5206 6604 4611 4045 1084 6741 8135 4233 4573 1577 4209 1166 5401 5597 7410 5901 5319 5351 5161 5718 7736 2952 633 6080 7342 420 7514 5627 892 4136 3949 145 777 6782 502 5838 6642 9172 5068 4785 5069 994 7626 4131 1231 2530 9216 3863 6503 9503 4812 5012 6801 6219 294 4169 7036 8560 3426 3364 469 8490 9446 8434 7985 4330 7852 481 1877 2348 3104 8614 7107 4208 3054 2337 6314 2617 7374
4752 1356 677 6082 7570 7301 4287 3844 1535 582 5276 6599 3193 3231 9466 3662 2508 8491 1336 4601 4230 2845 2128 6823 3750 3803 1989 3478 9391 2934 8710 4322 3487 6262 4875 4580 6958 3674 6943 6462 1819 2440 1225 5842 1375 4769 2890 7011 3632 8810 2200 6342 31 432 6708 102 9167 9166 3225 7430 5304 5352 7929 8061 8516 471 8989 9398 4396 2381 6999 6848 7246 16 3421 3735 5720 1197 1402 8868 1951 376 7559 2850 5540 2708 1752 6068 8549 212 5039 8183 464 4289 9000 3450 1506 6722
4000 96 853 1246 8226 5961 1839 6973 7553 2359 3731 404 5252 1285 7302 1590 473 7334 997 6964 6736 4796 4813 882 3162 7488 6220 2677 675 4759 5732 4645 563 6308 5195 5182 9332 8220 51 561 7823 5805 4722 5421 4767 531 652 8130 7317 4194 4069 3075 6307 312 3148 5871 2521 2621 1890 5889 149 904 3993 7159 446 7538 1110 1599 7527 8839 2996 3147 6361 3330 4056 6552 7376 2635 1595 8358 1297 1094 2346 9482 4725 8090 6111 2859 8713 2753 4569 4634 9460 259 9120 7449 8575 245
6559 7708 4915 9194 8047 9505 4777 3620 6261 9468 2559 621 8002 6751 5849 6038 1275 9326 653 712 9101 8788 8340 5831 3954 3672 5985 8692 1294 6765 5761 3150 2768 2722 7012 8053 5482 1629 8467 7530 8999 3797 1302 5357 45 2536 1822 59 8103 4441 1075 9298 384 3701 491 5716 776 7596 5542 2071 6384 4933 4556 5914 8265 7475 8979 4823 2734 2989 4432 3586 3303 8106 6018 4439 8400 9229 2962 2417 1850 2342 6365 5528 1971 1694 8828 5629 2150 3453 6853 2396 6849 2433 1821 7037 7028 2740
9170 8951 7513 797 9328 6640 4989 3420 8861 5973 6177 7050 4733 8760 5654 8974 7695 3717 7039 7620 3854 9162 5189 7502 4251 411 1530 393 881 7186 8487 8032 371 9033 8056 5407 2014 8857 4190 3681 395 4577 1561 3745 5853 7774 1516 4461 666 2197 1161 674 2658 8177 7608 3500 2281 5780 6785 4029 7642 6493 1465 5377 5773 2567 452 4970 3776 3891 1748 1727 5652 7536 8805 2926 6696 9375 4406 1910 5084 3027 9117 1532 6378 3535 3192 9373 8648 3050 5669 1991 1739 7950 8325 2959 2314 6783
3174 8996 8006 3224 5471 2574 1245 5975 2750 7310 1437 3070 5446 2647 9088 5119 1100 4119 1145 6706 3313 6390 2703 7313 2805 8948 1521 7380 7422 4210 4835 4229 2015 4632 7357 6711 860 7437 2583 1547 407 1252 4367 4360 6830 7510 292 5682 7287 8360 725 3691 5502 5725 370 3297 6947 5271 5492 9179 9416 6067 806 4977 6194 2196 5399 7936 2271 814 2130 2974 943 2423 6024 5676 2297 1118 3159 2601 2783 8094 5556 5081 8172 4120 8872 5295 3235 3080 2493 5800 1119 9476 7511 6829 780 7735
2695 8847 2413 9187 5538 9066 9100 3268 4459 1018 8479 9383 1211 1519 7867 642 3609 2674 9291 5503 4181 8764 7880 4539 7344 2720 69 354 6070 4986 715 2404 1709 5391 1287 3759 6777 3469 8323 1859 7882 1138 1155 3305 1293 4815 2407 1574 3690 4773 1686 1324 2867 2140 7303 5259 337 298 9051 9044 5265 4627 8437 2694 2765 4357 2828 7614 3204 425 4465 3517 6021 278 2446 7967 7681 6985 4514 1181 746 9452 606 8493 225 825 9451 7445 202 2476 604 5888 4751 4592 2540 6449 8635 3213
9094 1444 6567 5347 2362 222 8501 2699 307 2210 8952 2008 3520 4121 622 9380 6764 1767 8158 6309 2453 4741 2968 6834 7700 6409 3008 6992 5721 798 6292 3659 6661 6295 8470 2881 5649 8798 8153 2507 9119 1289 277 6069 665 7505 5729 3871 3868 6193 6273 5092 5477 4965 7839 5610 8496 1485 3065 7847 5177 9382 2591 1490 1153 4695 4143 365 1974 4449 1885 4948 1999 3873 7478 5553 2241 4939 5398 4368 4370 4886 1962 7544 3977 5387 7321 8364 8419 2110 1811 3966 3929 9192 9361 7377 4364 8116
6370 1360 8353 1130 678 784 1454 9366 9343 898 2477 4493 883 5014 8660 1540 9273 338 14 2709 3991 2598 5708 8697 6617 2520 3505 944 5202 9175 9188 3962 6510 5405 5020 7465 748 3277 9432 2365 8234 901 5821 2236 1389 3944 1049 215 1474 7282 8079 2063 5934 7135 1891 5316 3867 8677 654 316 5636 8673 5236 433 111 5000 3807 17 7894 6417 7535 1816 5799 3629 2497 8591 7095 478 4293 4165 4070 8688 6497 6689 8461 1944 669 3267 3876 793 2671 7146 9035 4717 1307 5310 844 3138
7738 5613 689 946 177 6280 8690 3513 3142 8605 3326 5264 8247 5884 2284 6210 5645 5496 3270 1760 5861 9339 7224 56 4355 5359 5083 9464 6325 4703 6032 2306 9363 1998 1029 2207 3242 7158 9292 2773 1649 9020 5765 5079 3089 5197 5918 5345 9400 1829 9103 5642 3229 4629 3514 2401 730 8934 8730 355 4429 9102 6418 1669 5474 5358 4490 8441 254 4444 3824 8674 7161 441 3253 8142 3742 8523 1627 1352 5435 3396 915 8207 3728 801 9281 2055 7145 1258 7202 5440 3052 8264 6744 7907 8008 2339
4748 7024 1903 3254 8879 2285 6933 7125 4526 1665 7518 2390 2826 3577 496 460 5424 2280 8854 8469 4159 5568 8873 9364 6826 3841 672 1881 8092 1844 3821 1470 3471 2183 8197 5284 3562 6688 6057 1644 5833 7265 3550 5969 1701 2118 7523 7741 4940 5270 1489 2219 2985 8216 1699 219 2620 8370 2958 5804 4077 4483 7973 7519 4238 3385 8888 2869 4344 7858 8396 6873 4544 9378 7791 88 9500 2531 5418 7319 7650 9098 7255 4536 913 9214 7402 755 8852 3793 2411 4394 4834 4426 6315 548 3088 1234
6093 5218 4089 4486 97 6932 6267 8968 6523 9348 3864 5646 300 9404 8316 1123 1377 1867 4078 5823 1932 7632 7856 8834 1836 390 6920 8176 3968 5337 8475 4571 2570 2291 2744 5046 2195 8080 1735 587 8916 1781 1612 4023 5099 7921 5980 6499 6780 2026 5948 4955 5826 1067 533 1931 1862 1973 6630 9267 6857 9396 4318 2889 5139 5373 8840 5705 5361 3653 979 3030 3306 2355 321 330 7901 7322 8311 4124 6372 6707 969 7486 6461 3155 3536 8228 7226 6759 925 7472 1578 4692 7862 387 2367 4749
8640 3085 1737 511 1457 8339 9501 6366 1898 8410 4655 3813 6812 1055 9211 7520 8917 3007 4960 7121 6824 1277 5021 1288 8120 8906 7339 5036 7406 507 8907 7666 9154 5504 3595 4127 9395 3417 4510 6594 4501 6182 64 1341 2243 8680 831 9499 3146 8081 824 3749 9203 5810 6088 3461 8813 7379 1428 4754 4809 6488 4146 8298 7289 543 1037 2590 5916 6635 5411 4307 1448 2862 6897 2763 6876 188 3351 1868 7457 8784 5062 2791 968 3 6163 9028 6140 8657 2447 6237 711 2091 540 2111 3557 4246
1198 8647 3040 3985 9297 6081 6665 2127 5468 1295 3335 3179 2970 4030 9256 4167 1933 9086 2948 4182 1338 7490 716 4323 3047 8997 9238 5953 3423 9210 6205 8005 7306 5582 8781 9283 8558 4028 8169 3391 9301 8749 7456 9270 6551 4005 5904 5008 6442 8652 2667 3214 4868 5797 2397 6787 3191 4604 1813 8143 2646 2732 1233 7391 2509 7109 1276 3857 2727 1186 5944 4564 4516 9424 6368 4359 4619 6591 6798 7509 9456 536 1852 8404 6332 7566 5294 7731 2660 3997 34 8113 7330 8141 4806 8985 9407 8034
4247 3271 7946 4234 6515 2910 5887 1711 8654 3083 2636 3779 5156 4129 33 53 655 792 5539 8931 6970 1799 6984 5034 120 4869 837 4791 1718 1837 6994 5917 4296 8495 3281 3689 5712 7561 1492 9421 3473 5093 2785 8687 6117 2691 170 7065 6800 3637 8089 3368 8192 1193 8271 7370 3680 1698 5603 6645 8280 7567 8653 7362 3760 7200 888 2451 626 5307 7868 47 5237 6653 1957 2991 5983 5274 9486 1922 4871 3507 6234 1684 3886 8386 8309 2178 7139 3074 5878 5529 3296 236 1895 5667 7953 2632
2586 5719 455 4235 8504 7 1976 2600 4642 8620 7793 1451 4729 8136 3955 8600 3727 6120 5945 1897 4123 744 8824 4109 737 3096 2120 401 6139 4658 7307 2899 3652 4097 1339 1061 5406 2188 6913 2683 2058 1695 643 6150 6199 8148 7865 4805 6914 2201 6296 2405 9341 7916 8059 7247 5239 3123 4385 8645 6663 693 8246 7752 8984 6356 8099 3895 7593 7443 6724 8555 738 9489 3392 6899 7879 5403 8391 7850 1742 4918 4920 2723 1527 6966 663 704 8599 6155 9351 5075 9208 8782 1660 1729 3002 112
1772 1663 8573 3835 5972 461 6105 3112 520 3291 3022 4936 9480 3502 6035 9498 3005 6339 5592 4957 1325 8237 7015 9217 2414 8880 7031 593 8900 673 1496 5127 1958 2904 7897 4349 4228 2994 5073 9265 1758 8924 5659 6833 1087 6049 4249 5473 5364 890 4436 4135 5767 2931 3733 945 3458 141 2779 2179 7958 2739 6480 5946 9334 3004 1092 9315 692 9272 9046 2644 896 3555 6383 3623 4160 4286 7417 3116 4408 6881 6976 3495 4237 6133 554 1892 6977 1632 8222 9247 6727 1572 879 7372 2187 1601
2406 6747 897 3260 3969 3180 618 1801 532 610 7355 679 5442 4206 726 8389 7043 9223 5106 4467 3654 4624 8451 8771 3611 2456 4817 5958 5114 7209 876 1610 6379 163 2529 6289 8791 808 1309 204 4410 5476 9146 2425 137 4278 3347 8405 4093 3951 397 2858 8279 5802 5026 7272 5116 7300 2431 7428 3470 3284 25 9390 1536 605 8610 986 10 1139 3137 313 9161 8039 6055 4164 4009 20 3839 1805 3436 1714 2611 855 3651 7688 5365 7962 5742 4935 3809 859 5899 5766 3658 8919 7517 5228
980 9321 751 8816 2146 6996 6596 7045 6006 1654 3372 3497 1697 3017 9350 734 6109 3878 7826 3531 4589 1569 6870 8740 4421 2461 1661 5224 6738 990 1953 2326 2468 3382 640 2918 8432 4151 8255 7995 1776 5498 7813 7552 8117 9280 1403 7622 8087 4652 2354 9018 2258 8774 1259 6322 4036 8738 7318 4362 6621 708 6061 2688 7408 1768 3916 8057 40 4256 9465 6917 1316 4193 4161 1173 4041 4520 422 8780 3020 4770 5924 951 7084 1508 5962 3534 5661 7192 2746 1337 3053 4579 539 2949 38 991
4513 3842 619 9459 3741 2795 1651 7975 8539 7382 1915 7448 7242 809 5571 1635 6151 7157 5509 2434 115 4491 3933 1556 7617 9230 4667 3815 4849 1027 5257 6903 9148 1150 638 1588 2226 4271 6244 7106 1074 2250 8567 1607 1366 3063 2129 1609 4302 2302 8786 4288 680 3920 3939 1270 1668 7745 9151 9006 28 589 9495 3785 9010 1796 9376 3042 6348 3141 2524 1395 6407 1250 2223 2321 845 8368 5987 1984 2504 4137 1954 6387 2209 4787 5037 1959 1438 9062 914 8048 1212 4982 6981 8603 2480 2424
6611 8921 9045 9479 8260 995 7579 8147 4377 6954 4848 8804 7419 6668 1216 7543 4415 1938 5221 9242 772 613 5286 9177 9047 6556 926 3963 3984 6441 6763 7927 8758 7280 2853 927 6968 8028 6170 2017 9015 5688 5423 676 1442 4670 7709 3172 26 3618 3708 6832 6469 4500 2325 7697 7032 5847 1678 3316 1833 4530 5834 328 6276 3897 2132 736 4836 6229 3808 9118 6313 2704 3380 699 8925 3353 2318 1421 7277 157 3506 3494 156 7178 7503 2607 8439 8440 6149 8833 4207 5605 4472 8253 2884 4654
7007 1476 6439 5710 4942 5485 1853 8663 3643 3016 7481 4862 6358 931 7663 3744 8073 1226 3444 9450 6547 7365 3853 5949 5913 9474 2526 910 8063 6743 5172 7271 5855 4546 6329 7412 6569 8175 9254 7585 4603 3328 3890 8489 1671 813 510 6871 5919 1705 921 5392 3889 5617 753 2452 5986 3950 4628 4515 7947 9248 858 5290 9490 8252 4398 6616 2329 3711 7987 2822 5920 9487 1393 5219 3865 2597 3060 3560 4574 5413 382 1328 6502 1585 6923 2369 6183 1269 4456 3743 5089 5267 2808 6963 2866 3363
8458 7911 8728 2121 3256 1921 877 3145 5181 8551 4887 961 6161 3422 7787 7533 3764 7198 5013 5943 1894 4088 3525 7835 5256 9381 5207 4 1581 940 4200 939 7275 6316 2471 9116 6053 201 7986 121 7957 2113 2206 279 6258 2957 9095 4979 9422 7089 5386 4531 2260 2478 1109 2313 46 253 4653 8486 84 4740 9108 7848 840 6001 2176 5460 3189 5501 139 8077 4973 1368 8125 6513 865 2814 5143 402 8977 5832 6283 6367 9491 5128 807 8593 7219 4071 2307 3563 1157 375 9337 2288 8244 4065
3518 2857 6902 4535 745 8477 4566 6572 1299 1308 2877 7639 5041 8022 5662 3684 7860 5100 8190 5703 3295 3276 2373 947 6025 2755 5691 6715 426 6166 1097 8259 7118 8424 8838 983 8320 2101 6242 8 13 4736 4581 7228 4907 6022 7137 1416 293 8970 9331 5820 7677 123 7778 2599 3129 4958 9068 8699 352 8611 4342 8227 2901 9093 2042 3621 3359 1916 7588 8826 8543 1824 7961 5101 1988 5273 8886 5397 6578 1482 1779 8499 7185 9191 2622 739 2793 4295 368 8082 9136 1834 7526 5490 4254 6614
1505 5226 9325 3149 5966 7290 8700 2204 1514 6592 3882 2798 1594 3696 7942 8944 6655 5176 1146 8579 3293 366 5896 9240 5778 2123 2619 1517 9125 3320 4904 1229 7485 1344 453 5534 3501 6377 3273 4222 9104 5694 3866 8235 8881 3262 2886 8127 1340 2878 1979 1812 4204 8494 624 3474 1283 1205 4435 2338 6312 7726 6236 5001 2588 9132 334 7706 3599 6967 2631 1379 7689 4481 7887 5579 4311 7592 8662 816 445 7598 607 2420 6995 3113 3459 4333 6542 5551 5544 8693 8031 6103 4892 3445 7110 1042
7184 8953 272 866 8427 4111 8739 6703 2510 7568 5029 505 5704 6085 8956 4618 9286 1982 6259 7932 169 8837 6882 159 2139 6619 9388 7997 5009 7821 3896 6396 2687 7983 5519 3117 9354 5971 3591 4779 7017 1059 1310 2117 8363 5533 9204 4558 2679 1200 6879 8769 6198 6767 1967 1740 5148 1948 1724 7704 3043 2309 7482 4926 8050 6218 3358 1096 3647 4646 5974 1419 5470 8937 8568 258 1015 8928 9189 4675 2174 5071 7025 2092 8581 3413 2724 4100 2157 2766 6065 8020 3724 1004 4317 9173 9413 2380
5227 9431 2221 6728 7144 134 4842 3057 8296 8515 8887 6424 5033 3373 2199 6422 5217 7817 8283 7611 2287 6190 7389 1115 3248 2177 2908 8666 2115 6414 5955 702 1696 3769 476 4746 1078 6375 4212 2821 3440 4448 2943 1091 2388 3639 4201 2587 2537 1883 2205 8287 5368 5798 3278 691 5643 4793 2227 128 3124 8801 6102 761 2432 4563 8483 7908 3858 8745 5390 9160 138 226 5550 231 4076 3312 2833 2872 568 1290 5078 595 7909 1418 7497 9215 8347 8945 3136 8414 107 5006 6636 1137 2153 4356
3734 3100 8962 4910 562 1926 6426 5024 2786 9130 1467 5565 3344 7177 5510 5753 1564 3541 3585 9219 2502 1020 4686 2266 1869 4291 76 1762 8198 6278 4285 9481 4865 5322 7073 103 6868 8920 6872 9277 7122 4399 7599 3720 2719 447 8584 114 8767 61 7140 9016 6799 3510 227 106 8426 315 9048 9448 6550 7719 2464 6164 6188 7713 2143 1121 2198 4730 8453 4099 1842 6540 6004 4895 3379 81 4532 9342 938 6223 6485 6240 3596 3671 1424 4253 1450 1847 6212 899 1630 4788 1326 6410 6179 7191
7454 283 5711 6890 571 8980 168 7082 7623 5614 2566 9420 2975 1456 6814 7877 4314 6288 5213 2320 8112 2483 8239 317 65 8277 1411 6791 1164 3378 3657 6931 6858 7251 3521 2928 5500 2896 2105 6148 1370 3869 1616 8393 229 670 4092 6771 95 952 3943 6819 6520 5465 6034 2956 7705 5687 256 5995 5190 998 6023 301 2681 3077 8146 7845 7193 4689 1789 8990 5630 3964 2099 5938 4405 5097 5369 2267 1296 508 6287 5856 3013 2735 7364 7147 6089 5982 8742 8131 9385 4761 2781 5155 6285 2947
7761 200 616 705 4154 1106 2571 2378 7749 9049 2289 2155 706 7788 3340 8450 3810 7442 6003 2865 66 9128 8328 5875 8596 7304 5272 833 2259 7977 6072 7214 9152 6087 2550 4339 8507 8278 3669 8037 9402 8040 9165 5902 8668 3468 1125 4236 2257 3856 2946 9243 8524 4373 8850 8181 3424 4846 5964 2003 6534 1367 1384 6810 7207 7963 9054 5764 2547 4727 5566 1876 2062 6701 4583 3780 8465 3324 3532 8379 5180 8231 4455 1707 7816 5576 2569 1349 1510 6952 6883 4325 8161 22 7551 6729 5905 7138
4807 8454 5819 4650 854 7895 8894 1664 4984 8245 3956 2094 6066 996 2696 1365 6284 2855 2893 3034 6494 3544 5216 3926 7218 2965 6214 3789 631 3687 1956 741 3250 7261 3451 779 2897 5254 2640 3739 2810 2608 2522 9461 2971 4240 703 5245 1800 6700 6581 8536 4463 7493 3037 79 6811 1076 7260 4945 4981 3833 8942 5292 7074 8702 6662 9180 9050 8398 4762 2875 4755 9330 8317 5313 8187 7143 7575 8212 4683 3456 8064 2661 527 340 812 4697 5242 3182 67 2794 6983 7252 7670 8007 6505 2725
5717 1685 6382 3748 1621 7401 8512 6138 2790 6761 9362 4995 1475 5779 6122 4693 2408 4102 5611 8327 7305 3772 1005 6629 4874 4479 180 408 917 6589 3919 5184 720 6362 6541 5601 6271 2460 4381 5487 4053 7026 2185 6246 2653 8891 1327 173 5512 5706 4699 5925 962 165 4911 3357 1643 4698 5606 6865 8770 7759 1658 1204 1206 5507 4047 2448 7264 4663 7349 4568 3455 4855 6357 428 7407 6595 360 2479 5107 6440 8314 2776 7789 4829 5680 2770 7468 7699 6568 1583 2232 2641 7656 3626 9034 2594
7479 5882 3431 645 5564 4854 1243 4671 2815 7964 2435 3613 2244 5866 4906 8528 4332 4990 5275 1990 5486 3438 3945 3338 5419 861 4993 7824 4559 6880 3974 3978 2238 4828 6475 4035 6153 9379 8761 4876 418 1412 1871 701 2741 5722 8285 3752 8433 4090 1343 2714 1960 7930 1786 1522 8564 451 3992 785 8624 5702 4223 6204 435 3747 7171 4487 5056 2981 4651 4310 3272 2273 7790 2717 6590 2156 3664 1981 2173 8667 8822 8866 6570 5379 3481 450 1280 2539 8941 4783 6311 7968 2562 8334 2290 1863
2927 1369 4507 8459 5554 4350 823 5532 8119 2151 7413 7088 5585 3631 4341 3695 2391 6597 405 6270 3849 635 4497 2382 822 5959 2193 4681 3292 1126 6753 3996 2977 3433 2078 8720 8133 3255 113 3650 907 9072 3289 185 6245 3706 1511 437 1861 2305 3529 3558 4197 8438 3157 7846 9299 894 7600 6775 4202 2035 7048 612 1568 8043 5125 538 3673 6054 819 639 8157 3935 4567 7100 60 936 7021 920 3437 5447 1460 4363 7112 2665 3930 5813 3545 8582 2565 4485 7415 8751 8574 3329 960 903
1278 9436 1986 8249 44 1693 4037 8352 1534 2843 5574 3457 7863 9071 389 976 7914 8186 7404 1902 2454 6230 3908 343 4678 2584 8027 3246 6564 133 9112 3738 9077 5140 6690 8018 9019 8093 2165 8166 9053 6928 1782 5299 7842 6187 7902 8104 9255 3588 3056 3167 462 8067 3135 6896 5179 2966 9261 7142 3961 2116 6524 8936 6682 8659 1518 2025 3812 4521 4094 9253 3887 6957 567 4273 1112 8384 4469 4445 6451 8151 7049 1322 1972 6398 4863 8397 5300 2929 9193 6805 2087 1798 8757 6926 3099 3114
3066 4704 50 8721 2788 2982 8557 3619 6735 2581 456 8683 4882 2079 4392 4896 6094 7500 2545 8213 8303 8394 5288 4147 8236 7641 7346 9454 5607 3095 2813 3509 6226 8377 3796 2459 1589 6660 1401 7796 1267 8382 7469 1634 3551 5559 1107 2552 4447 742 6100 6537 2604 2006 7208 3188 2056 5836 599 8995 893 1987 949 5483 2973 828 2548 6506 2830 4676 6654 9502 7602 6282 1394 6221 5004 2771 7760 4050 3723 8842 8554 1026 6562 2932 870 3467 6305 9365 2384 7477 5132 7723 3995 6092 5828 5868
1672 2690 7605 2659 6571 5393 6350 8351 7439 1443 747 4841 3098 3483 1282 1077 3811 7660 6532 4617 6527 2358 3783 636 4999 6898 5203 6937 1000 2031 7487 5647 6000 7784 9313 1147 5837 955 3105 2466 2009 8779 1063 6750 7674 4545 3861 8505 7067 4052 2501 2800 7393 2807 9305 6624 6016 1623 3855 6263 2841 6142 4141 8716 346 7459 6294 5681 6228 9418 7920 3009 4376 2809 8669 4557 2772 5689 978 5562 8000 3958 2269 2135 3800 5754 3084 1183 2300 6993 4923 412 5449 7356 9007 1040 9099 4644
6392 6874 922 3589 4946 8160 592 8796 6845 2999 5467 7951 7399 1679 7943 8851 5993 4782 6364 3847 6290 7027 2787 4309 8946 981 4087 1345 7285 233 8330 1680 1691 3605 5935 4468 6652 7676 4115 5845 7693 8754 5910 1667 1167 4057 172 795 2666 7896 8256 3144 6686 3460 8988 5028 93 1480 8101 2803 8521 7070 2349 2299 3603 7955 6180 6200 7618 2082 6145 1239 1311 3441 1817 5939 2595 8707 1024 8943 8025 6575 7898 4956 9227 4643 6709 8009 6732 6344 5586 3860 2534 1949 4257 6128 5965 183
8746 924 8122 474 3976 8727 353 2189 9205 5790 8695 4641 8023 2224 2469 3625 4737 2656 3477 8658 8205 4633 5996 3412 9411 3527 7340 3767 8408 7537 5618 6388 403 483 1787 8841 774 7020 9347 1300 1721 7965 4518 6671 5355 5463 3198 2395 280 1733 5113 1105 472 1690 7762 7369 1620 8991 4630 4280 1597 3714 2883 2481 3139 4427 4879 9408 4084 4184 8615 5171 8021 7181 2073 3685 8372 2860 3880 8390 6412 1491 1794 4899 3765 6946 1553 7893 7840 8587 3051 4994 5448 4712 3094 8091 8656 3298
3121 8388 2445 1445 4845 5812 1802 6794 4529 7384 4597 3928 5074 6797 5145 7803 7750 9171 4847 7844 8046 6786 4840 4003 1170 7780 1980 7716 8315 1048 6606 4897 641 6010 5615 4301 7851 5678 3911 4471 993 1806 8792 359 4801 5412 5521 8401 6323 4369 2301 4142 7286 1886 5488 3259 7111 3119 1301 4890 6281 1961 6815 6504 1483 880 1383 709 6430 54 5342 7383 6253 2443 3294 6548 8275 6490 5665 3678 9190 398 1318 9059 4442 8763 4371 6121 327 5489 1016 9224 9039 3449 2811 49 5427 9139
6959 4543 8086 6146 7414 7004 3542 6960 2033 8344 4214 1756 9107 1143 7052 6265 7820 285 5978 8993 5370 5333 7549 849 6912 4340 8803 3327 195 4858 2563 8800 1124 8345 468 7211 1073 3018 271 6232 8492 6425 5668 644 3768 1420 2450 2144 4438 1914 1010 7683 4327 3352 1537 63 1648 2960 7837 5249 8724 7018 4106 349 3755 8498 2430 6134 3778 8892 6460 135 1321 1889 9022 5117 1066 6255 6566 9126 4061 8986 5246 7607 4721 6766 8180 332 2001 5200 4969 2059 5552 5634 1201 1353 2170 6298
1214 4038 3360 5138 6737 6821 242 3782 8068 1068 3559 4537 5522 9426 2992 942 1256 3999 7891 1371 2767 3476 5111 6132 305 2606 5811 8072 8580 1477 4004 7366 8162 52 1431 9438 1249 8976 27 7351 7166 5814 6528 4799 6626 1031 4992 1222 3206 5573 6393 2098 1128 5031 9209 6197 1113 6247 2160 6906 5690 2592 8042 1835 8273 909 5086 1291 5620 2375 6458 8950 7030 3915 1952 1406 7432 9488 649 5666 1807 6279 1717 4412 9410 1498 9323 9322 3127 6699 8436 5728 6803 2473 2702 7717 4016 4183
1032 5016 546 1827 8509 1906 4074 7189 3575 2458 6748 5173 1195 7892 2923 2836 3490 5530 9394 4889 6658 1673 1925 2585 529 8472 1079 6684 2511 1815 5044 3140 4024 90 1011 5285 2874 839 6607 7876 2069 3274 7248 8421 363 347 8625 7096 6408 4186 5186 8218 467 2654 4757 752 1194 457 1645 5883 7172 3877 2802 6521 6464 3697 789 29 2891 214 9302 4900 2261 1904 6402 6693 9114 4820 5343 3038 4044 6501 788 6445 7232 4991 267 6159 1168 5019 5561 9415 5376 8201 8430 3971 6716 5469
8448 9285 1054 1642 6042 7283 7308 1080 1163 6274 6434 2616 8987 1968 4591 7066 3898 369 6158 7176 7560 3667 7906 1102 7016 1688 9266 5931 1937 6432 266 7276 6369 5278 7154 4498 4702 3888 5679 454 77 1224 8482 8978 3729 7281 7692 8184 9440 4277 6336 6526 8643 3269 1255 1002 181 5968 171 2743 3154 2979 661 8395 8096 2733 3937 1823 1171 8912 5455 2112 4540 5436 8689 6659 5090 5330 6508 805 475 5453 2149 7460 7572 5835 1606 3086 7075 6648 4218 4361 153 1909 8100 7253 459 2102
282 8463 6473 8132 5768 39 8024 4726 7450 8992 6173 3925 3546 5018 5428 2686 5457 7871 377 2311 5548 6013 1939 8412 5829 6955 3355 5354 8969 3967 5229 8973 8619 3986 5743 8926 2624 782 70 8365 5644 1604 7960 3737 6486 3617 5514 950 5196 2668 3707 2 787 4961 3106 5334 3686 4560 3211 6254 9029 6854 8795 8626 7093 5928 2422 8994 5437 1524 8776 7127 192 4163 8858 1471 6471 7609 4605 6986 4763 1775 8155 5491 5739 8597 3190 5769 9111 1089 2352 4978 1047 104 1545 2670 5166 9472
406 7991 5059 6894 4304 7633 487 6733 2438 756 1845 5400 4095 3719 8418 3434 1260 717 3285 2370 5984 3644 1647 6681 1057 5567 4423 6106 1764 6919 729 4345 2950 187 3906 1071 8210 4343 8238 3649 2663 5170 1562 6610 4739 1676 5903 8775 6859 1838 3439 1507 9439 1559 4519 575 7343 5260 5356 830 7288 8711 2067 6802 2276 3872 8041 4113 8261 2126 1548 2903 2799 3567 9004 6720 4797 1404 5112 2987 3170 6373 841 8642 6861 7923 1542 7170 7395 6788 3713 1857 3046 8621 3540 4768 8932 3762
2002 7484 4883 186 5255 667 2551 2871 6719 7754 4934 2304 7805 5656 7190 3118 9504 2804 3448 3763 2323 5459 2184 7498 5990 6580 9317 6620 2494 7262 2248 6841 1108 8015 8511 8595 3904 5992 9145 4789 6863 9257 3648 668 2541 659 4711 3774 2437 2689 3465 331 4226 7546 5623 2107 2648 1882 4626 6478 4144 6293 423 648 2894 148 5385 8704 8299 5388 8108 8435 3343 314 8896 9115 6822 4716 3041 2074 2010 1880 930 9144 8004 5735 3418 3028 7541 5277 992 323 7748 2682 4602 1918 8193 4790
1603 2747 4148 7087 3482 8726 4750 152 5616 5923 4264 6045 5624 2066 9271 9134 6702 524 5326 385 3058 5862 4929 341 4822 3788 3035 1459 6762 4898 3266 8335 1582 9349 3251 4348 2222 5098 6514 3261 6714 1810 8835 7266 2090 5222 1396 7116 8734 4621 6839 7742 3354 8035 9 2416 4431 1023 3515 8065 3049 2124 9290 9168 4827 3594 5625 3601 5160 8613 2109 6454 1136 4324 6924 1605 935 2487 1458 8302 4064 3538 2789 2963 4499 3832 3790 9017 7295 2532 2134 7298 5515 75 7782 6272 5199 167
1463 409 8981 3374 4905 6608 1052 3365 5632 2596 632 146 7833 3602 5760 8224 19 1056 8762 174 2560 7094 2967 367 7338 1929 436 5793 5146 7998 3547 9009 4659 5105 3143 5169 8010 1614 8416 5997 4873 3464 8566 4418 5389 6971 4735 6352 439 1046 3416 1116 1199 3419 2249 2490 2589 3770 6162 1497 9434 1380 1430 7396 1478 2905 5109 1710 6989 2564 3067 6820 1030 4814 5619 2523 5301 5165 4482 4079 5328 7635 3126 6936 3346 7235 2106 3913 4446 2262 5057 8215 2846 2131 8173 193 6678 8572
3279 7062 3606 1232 549 2449 4682 7451 6354 4351 388 5730 7651 5325 6974 4133 4476 5478 8876 5375 3299 303 7234 4125 7233 3375 2849 5907 2680 6269 2114 6847 5308 857 6380 2279 8241 4203 5296 1873 687 848 791 5346 5082 6443 4818 7215 329 9133 7464 3228 559 438 4316 2885 5979 8319 2316 7969 8356 7133 6225 4266 6465 3367 3834 4951 3370 2225 2784 2245 6457 3171 1449 9417 110 7227 5162 2164 2463 7662 492 4527 6126 6817 7581 3362 243 124 2831 4248 1160 838 325 1364 5011 5956
4303 6938 2356 3233 1730 3496 5336 5147 2439 9213 8508 3024 9109 8149 4384 7810 7874 8949 3062 3610 1893 4391 6334 1896 3923 36 615 6536 2685 308 6949 7151 732 5698 7732 1228 3029 1081 2482 800 2764 1240 2275 4859 6593 2953 9005 8583 9428 5977 2341 4191 8586 8966 7331 3152 1399 3377 6178 7785 7763 1292 2064 2573 5266 3553 843 7687 8722 8431 5339 3819 2627 2863 8556 6420 7668 5051 586 2474 2000 7703 7737 1858 4959 1702 5253 1017 7621 7466 7221 2916 4555 5158 7134 7751 1755 1874
7836 4187 2022 7183 7435 2013 6836 1180 3998 1099 6948 2868 1592 2834 6419 2043 6838 1546 2028 7058 7033 1120 4420 8446 1641 8672 4902 2777 194 7156 3158 3802 2625 131 7954 2231 5 8883 3885 4112 3730 5287 3761 3091 1828 9080 3447 7001 5191 80 8014 4205 6433 6470 306 2426 1104 198 3917 2296 413 9406 3806 3334 3698 2706 1159 2138 5628 7078 1731 1045 4386 8565 7375 7326 7068 5064 3569 9412 1843 7461 8799 7090 8474 7433 4548 1743 3395 5027 6130 8332 8324 2327 5786 4358 8289 9239
3131 8476 8383 6998 1970 2394 5151 7913 7441 7278 9087 2216 7825 6435 2638 4179 7952 8225 1526 5940 697 8877 2385 660 9284 4414 1041 7945 1759 3019 1391 1374 863 7522 7270 1539 6683 713 2553 1637 3215 7163 4609 1342 4450 7368 6360 7827 2614 9038 3703 335 1625 2364 7231 260 4980 4267 7707 7098 4117 4732 3257 2816 2046 275 6757 9492 8195 6206 835 7883 3006 4134 5167 6987 6602 6673 3200 6944 6033 5999 8062 6915 758 967 6144 2286 4931 2142 7714 5480 7348 2486 5445 8678 1162 2517
6877 5262 3987 3103 3663 2984 3931 5261 6208 1619 7257 4021 4188 3317 7994 3107 4588 4930 8455 2211 8449 5462 1784 1158 6892 5353 4974 6646 3825 9105 6489 4173 4867 1500 3581 3044 3388 6530 7128 8772 8329 8266 125 5638 6563 2561 521 2556 5311 5088 5825 1797 1425 250 1927 3087 4916 4760 6423 1865 2823 1236 9405 749 270 769 1638 224 7086 2572 9078 1433 9279 4552 5892 9399 1659 5989 6950 2254 9169 1864 5741 5591 9316 3217 246 760 6029 9202 7595 5348 2835 4585 8703 9122 344 7354
932 7654 7153 7014 6051 6040 4269 3753 7859 3548 4335 1006 718 4728 4511 8860 6119 6346 1875 5283 7229 3840 6009 1761 3980 2190 5929 7350 4705 7495 4221 5048 6895 9124 2332 7889 6522 7696 7970 4224 6453 4672 7922 158 8263 3409 3660 9259 7586 7818 1575 7999 3403 4108 542 4872 6495 5570 7474 5947 9143 3561 7269 7187 499 5593 1860 2633 1746 1557 3692 4130 1185 4031 2136 480 7458 6875 1351 5803 326 3661 5193 8026 8341 1745 3341 2376 5063 8038 3178 4894 211 7912 8189 4312 4792 999
8884 1964 6428 415 3990 3339 1025 4780 7053 4326 9174 7684 9042 4282 1736 4857 3059 7869 1726 8200 6431 2856 4319 7665 7345 4025 3791 5895 2491 7508 8374 3504 1348 265 2909 1247 1361 8359 4255 7268 6097 5898 434 1920 7808 8250 5087 1009 7747 6046 902 6017 7102 264 5022 1405 2152 89 6687 6019 8300 1210 2295 3899 108 5839 7875 6043 1769 3443 9453 5381 9370 2758 5120 3851 4140 8326 953 1856 3909 62 287 235 6565 2762 2988 5936 6862 7711 3726 7212 8114 1584 342 1804 764 6942
3493 223 43 2361 2047 2048 7974 7453 5897 6310 2711 4260 6586 2011 6256 8923 8254 3700 818 2615 6063 4166 442 6331 682 206 3466 2379 4594 5854 506 1320 479 7864 6446 8773 7802 1235 1919 5070 4800 1003 3435 4168 1708 6251 2998 5344 1955 8922 6472 3153 1487 4081 8196 7772 1387 7173 4390 3907 7297 4331 6784 8411 6107 1376 5363 9414 821 3212 9182 6657 4043 4620 6011 3185 8679 6297 9231 6118 3725 356 6612 8349 2220 956 8350 650 5094 6167 1202 1436 5513 6734 556 7799 6643 9352
5600 1687 2330 8085 1072 8001 7547 4964 6921 862 4227 4198 8478 2237 1558 8013 889 8616 9064 579 155 2775 5998 458 5921 4002 3668 8918 416 7978 1044 9263 842 4660 3003 1413 528 6884 2730 4259 6050 2036 5362 7423 3795 1165 7647 6341 8618 465 1086 3994 767 786 3201 8955 3638 8670 5789 3549 4008 5042 1749 4638 8756 778 8869 2716 3721 8606 6935 1689 1675 5297 2662 9260 794 299 373 4158 3181 5683 1878 8815 1417 1884 3036 7005 7996 2141 8219 6972 509 8561 6084 3879 4252 142
1172 8361 8684 7756 5066 1271 7061 2684 1840 6739 4893 8514 2955 5869 7447 7010 2230 628 2930 5208 8719 2096 58 5384 5461 2070 2283 5633 7550 3642 8304 3953 6266 1464 5770 646 2887 5750 8447 5164 319 1940 7077 7672 2167 5065 8562 2555 3552 8257 5320 6447 5763 5350 1598 5906 6807 4059 4437 9197 55 9012 6096 1866 4525 5860 386 8223 1051 8074 2602 5425 1795 553 1888 1429 6760 117 6165 2331 400 109 3280 515 7038 4245 3109 5775 6326 2119 4290 1257 8233 2738 41 4388 1780 6143
8736 6713 8612 6579 5525 3425 6745 2498 6160 5096 2525 1994 1313 1176 8905 3948 3404 912 100 2442 3641 6930 5188 3960 8550 9001 7054 9236 3801 584 2392 8502 2844 3830 1415 8729 9221 6238 3045 2655 7499 8785 8292 6095 2274 2864 3263 2228 2264 8718 4932 2935 3333 5701 2272 263 3196 7473 8859 2579 8457 4275 7597 2514 7416 811 7583 5332 9183 1187 7815 7022 5749 1785 2902 9372 743 4464 8199 5279 1103 2403 5136 7162 2060 5827 2399 5555 9300 5233 7080 1203 3428 8708 8939 7744 6587 5281
7989 7806 5715 6156 4086 2582 5282 7637 1111 6058 6020 7971 166 8893 1942 4866 3133 5709 7273 1088 6353 5714 4178 2040 7725 4365 1182 8503 4549 0 5588 1870 8291 6335 1462 3026 5894 7801 6855 5575 8276 3831 7640 834 5589 4612 1303 2757 3516 1773 7388 7843 3799 7679 4700 5360 8531 8051 3389 6444 1378 8045 9303 4379 719 8178 2324 552 4007 8529 4917 5684 4298 5175 5951 4091 2054 143 6705 5785 7480 6404 8755 2873 3615 91 5594 7885 1070 3740 9442 7653 8717 518 4639 6695 4962 3665
6679 790 374 2650 417 8588 8354 5163 1323 8733 2192 463 4649 5414 970 4073 2546 578 5123 4998 1149 3168 4758 4012 7002 3165 1700 1355 4586 3169 1 588 9008 6481 2347 9138 7571 3069 8748 1082 781 929 4239 4506 8214 105 3072 4416 6843 8069 2976 1305 7455 2820 7917 5692 4919 3786 937 196 7213 4648 3979 4321 7046 6625 6027 684 3972 7292 6778 4753 3064 5426 1751 6558 1905 9233 2879 6468 7532 2265 3503 4512 4885 7739 4105 2336 8655 6048 8140 6301 783 4156 8972 3965 1975 1608
2172 2990 7245 6979 1435 4503 362 5863 8783 775 3090 7701 8750 448 9467 4279 4250 1969 2726 9435 2485 7652 3983 6074 1242 8957 3827 8863 5060 7117 7467 6676 2328 4284 1579 7685 3537 3530 581 4528 2247 5032 4606 6796 4058 827 4475 1777 9377 9036 4110 4745 6137 8376 1830 9226 1392 184 5874 4744 2610 4126 5626 3301 154 87 7347 4015 1908 5841 3936 6195 1631 9127 2759 8284 3982 5456 8305 6189 4270 1169 6878 3234 6345 3160 6781 3472 1060 5595 3616 2516 7569 8083 68 3025 8874 2630
5880 2906 9409 9153 4927 6169 6452 1846 5371 6371 7557 1007 1251 8301 8576 6321 6437 9249 2368 6939 1422 6123 2084 5608 1373 504 7937 5685 3258 934 9289 1062 3311 1563 611 4440 9469 7720 3390 257 7512 3600 5234 7325 7169 290 7230 6911 1586 9212 5651 5204 5247 4162 1481 8456 3102 885 6099 583 6561 735 261 9333 1551 5494 4830 8078 3222 1359 8126 6108 5394 7371 6299 6866 5578 923 8578 2752 1262 4509 3491 2137 6835 3321 4954 1715 2077 5250 6186 4494 5673 4138 3508 6669 8167 8530
8248 3304 8312 5713 1778 984 4860 6922 5192 6864 7108 3884 4673 4533 7104 2191 2778 3630 7328 1681 8510 101 5663 2032 2100 8111 8294 237 5472 3462 4425 7023 7807 2255 2045 3633 6147 6664 6576 4677 810 2029 9027 7949 1117 873 8268 8639 9157 4881 1208 1386 5309 4242 7935 18 9478 4261 6749 3071 8413 136 2774 4522 5243 3108 2081 5466 8444 4983 6603 8164 8145 3705 2319 6257 217 4679 7041 4610 3533 3771 6613 2322 1622 7387 6842 6491 3480 2034 6582 4268 8500 8097 4687 7556 7105 4419
1930 815 4853 8109 7554 3676 5015 1266 1012 4354 1901 1820 5416 1217 3163 8473 3156 4320 2505 3798 2235 3828 6507 8865 1237 2104 8765 1332 959 6403 8297 5806 5908 4128 2993 2986 9135 989 5622 3528 6073 4013 8307 2308 4027 8696 4046 6639 6860 6041 8698 6381 119 1950 971 1900 2357 7182 6730 3031 9055 1095 8930 2939 7240 1354 427 4347 7753 900 594 8889 8206 7740 4778 3973 2761 3384 4938 5231 8156 3342 8845 4944 6934 5572 288 728 5967 3000 9186 8425 4584 2933 3429 9320 2427 9477
