97 98
2264 6302 9149 1005 7264 8322 4231 4982 8411 1892 8212 7740 4485 6415 8696 8051 2262 481 9208 5456 6365 8488 1099 8634 547 4019 7498 7154 8712 4071 200 1589 5959 429 3636 400 607 3292 7398 1487 2629 3132 7689 8014 2186 2234 551 8943 7292 4461 2169 5282 9286 6996 7973 1748 6542 4365 7762 8581 189 743 4589 8565 6506 5119 2461 7203 1557 4961 4190 5039 5265 6842 3057 2505 414 4570 8311 7449 5139 3086 4491 5011 964 9 9283 7840 8945 3233 6564 1751 8399 6733 1565 7608 6379 1498
8033 8477 8763 5953 5567 4933 4700 2685 2557 3935 6782 4209 3709 3342 1916 4545 7634 2439 7791 9334 6114 3016 3050 4298 4067 7088 7032 8573 6072 4765 6039 3456 5992 5414 1684 9230 3724 6734 2460 6196 6822 2080 1534 7421 1451 3970 252 7996 266 9193 7530 7850 4132 9221 4442 2427 6611 5229 483 8333 5120 6516 736 1454 3954 5715 381 3819 4108 2414 7589 3071 599 5402 3570 5205 2346 7483 7459 5738 1809 1345 3468 1121 2007 8557 4824 3732 5521 3285 3673 4494 1738 9408 27 945 601 2221
2812 460 829 238 4268 4997 5283 6458 6810 8123 4866 2426 4370 6292 7296 8214 8843 7881 9458 3023 5249 8343 7167 3799 664 3484 1259 6066 9339 3219 7272 2419 1444 8884 8558 4371 6966 7110 6635 541 5248 8479 7402 7938 3106 4470 4847 7918 8012 5245 1039 7744 197 1110 7057 2765 8782 7774 5942 8643 3364 9047 8867 7888 1077 40 6392 1357 6857 1176 5117 7626 1668 2004 9303 6369 9362 8361 2323 7208 8879 343 2565 6898 4741 4859 3798 3225 1878 1343 3746 408 5224 355 3223 6293 3660 6515
5745 3234 6319 7669 8019 6875 5676 1191 3088 3403 6130 1226 8827 5499 2009 3888 8013 7731 4603 5336 7480 8611 813 1868 7500 4024 6081 1385 4507 6422 9409 3434 7461 5827 5708 7502 8166 6812 7196 7569 6960 1425 727 8995 4917 6891 774 4151 811 7962 5677 156 2863 2836 2012 7816 1930 2668 4127 4981 1936 8125 2628 6502 1052 7857 6188 8213 5950 5354 6501 5411 4390 9451 5274 2257 3195 7359 8159 6222 7680 2289 7556 7967 8837 3648 5666 3870 7224 8391 5041 6728 5906 5659 2988 3744 4265 3842
785 4443 9100 8532 6239 7187 3432 7475 2041 2347 3618 1626 153 5489 2631 5937 8385 7876 8789 36 5884 8453 1019 8238 6685 8392 1115 3268 965 3802 966 4623 4576 8785 8582 8372 3623 3912 568 4211 8891 9265 8008 3135 1211 911 8929 8814 7946 2968 943 7400 1556 931 2707 3245 6783 6240 7654 2808 5276 7362 8596 805 4971 394 4313 8533 1166 260 5940 4763 7651 8299 4979 8029 7792 954 2783 4887 1223 1048 7081 6456 5088 7006 4171 913 380 2127 543 2976 3572 3664 1676 4393 3556 4353
6184 1779 4122 7662 4038 6050 1426 2331 109 2500 4683 6965 7683 3490 4884 5204 4367 7373 2376 4569 8179 9354 5524 5678 3757 3357 5688 8450 6565 71 6045 4574 8636 4619 9146 8007 2754 4716 5580 6911 377 3924 3921 3090 9099 5711 1770 8006 1866 3074 1374 1846 8775 7169 6906 605 8961 6799 7854 5166 9127 5426 3753 1686 1707 103 3286 5469 6828 2798 6792 2721 676 3925 5491 4777 5241 4978 114 8969 1452 9202 3192 7394 592 9090 7407 6712 1393 3514 7985 9225 639 637 7705 7678 9438 219
9384 5264 5671 6886 4493 4590 3101 1735 6821 5154 1609 4355 6218 4405 6295 5398 8705 3993 2495 9388 6683 4625 5312 8277 7823 1716 118 7609 9062 6726 5736 6479 3370 8464 79 6881 3593 8206 2456 2079 2282 621 3519 3411 1889 5335 7632 5815 9486 1135 3058 8728 7287 3302 4509 7861 6969 4018 420 6453 7666 3373 5231 4560 5759 4334 9197 2038 5464 5473 5896 656 6207 1208 6117 2626 1965 6597 9294 8048 5234 2970 9245 4807 5314 978 1712 2700 1907 3131 7601 7672 8338 2544 9389 4026 5707 4125
3171 2878 3377 1596 4335 6132 2801 91 6047 654 3133 120 8731 4112 8470 1706 5192 8503 937 6373 1986 331 2482 419 8629 6971 3462 196 1066 7805 609 4316 318 2315 5072 530 1895 4320 3563 9173 948 1206 7635 6324 3969 1162 7153 9043 3843 9055 1583 628 8543 1977 4551 9232 1221 5474 8131 1914 3218 6174 9454 226 9430 791 1789 6408 9366 9151 4155 6509 2964 4449 8881 1768 1421 1599 4040 5859 373 5620 6232 360 1456 353 4263 5786 6220 7710 5845 4704 1382 8022 3981 1893 1697 6155
4460 3191 3263 3293 3196 4620 8158 765 1608 422 6264 3933 4514 8662 3910 6025 6246 5362 1953 3740 2088 7098 786 7690 3680 1633 3608 42 6420 4825 4960 3503 4970 959 8318 6331 3761 591 626 4869 7321 5096 1663 8913 967 842 3714 2045 5838 5963 8068 812 3584 3072 1967 6730 3949 4994 698 1518 6190 4622 1520 838 531 1801 7403 9181 5136 8847 5874 5401 4556 1647 9300 5387 3242 6472 1240 690 9273 5630 7410 4043 7442 7220 6573 2452 1389 6322 3857 9348 905 475 8954 1197 3701 2897
5355 7275 6725 8197 9271 8508 1528 4728 9475 2474 8554 7113 9020 3226 4882 3944 8402 3121 4715 3347 4663 8974 4012 2083 1958 8522 8042 3271 3775 7219 6840 224 6210 3856 9147 87 8547 9289 2483 8514 3620 9496 6283 8506 8587 5599 7205 7069 2320 3607 1666 8545 8742 5542 5163 9182 7161 8723 631 3632 6036 4516 8940 5709 7928 6487 5246 8400 6970 8602 8112 973 4889 938 442 6791 8836 957 4338 3989 366 4161 6354 90 6684 2412 7026 4333 6500 8235 8433 3977 8648 8200 1063 1313 4247 9041
5254 5165 5995 4895 5034 4218 6151 8921 7586 7388 9235 836 8811 4537 5985 3669 5297 5612 3298 1411 7847 950 432 688 3336 8023 5123 4626 5557 7568 6275 5374 7810 9435 7040 7908 2501 4386 2400 5637 3936 8695 386 9453 2048 1659 7695 8088 1606 7240 2756 3776 9397 8959 47 1836 4575 4088 4357 2864 2974 7708 1637 4888 4930 6402 1333 4428 5015 4535 4165 1337 5629 9393 7234 7942 6176 8321 2909 4648 2210 3483 4753 7214 8990 8745 4237 2724 878 2349 5352 8650 7310 7605 1540 3877 4658 6603
6838 5299 8204 5530 3065 8415 2541 3566 3140 1131 5298 5360 6531 4854 6312 3107 4595 5584 7450 7614 2826 1952 561 5925 8983 1407 9274 4271 6032 2056 3939 125 2536 602 340 4244 6807 5686 2577 4832 8529 5127 5001 3343 4351 7700 3725 7010 1395 6846 4886 3329 1278 3904 6394 389 4029 7094 4937 2140 5505 144 5183 4401 9466 4524 7001 1408 8906 8737 3839 2986 3167 6473 403 8987 7298 7424 273 5044 8104 3766 32 4117 7925 1793 8594 7108 7512 5548 1988 1769 1156 1723 6300 6357 6535 8627
3386 2715 2344 2778 9299 6628 4814 2717 4932 4612 1681 6123 7588 9448 4768 3745 6386 4469 4384 4875 3186 5422 5848 5137 7336 1961 3034 1026 5513 4010 6087 7290 1244 6825 5206 6518 4486 7859 7516 4363 5463 5663 8404 2795 7793 6485 8780 7348 961 934 4170 3957 4584 2691 5972 6124 2726 9293 6924 1990 5510 7405 391 2664 3278 6118 7335 7195 7256 4530 2943 7598 8922 4178 2649 2540 8957 6103 722 7035 2517 8858 1198 3690 1994 8673 7087 3542 8273 5440 5703 3349 4285 1188 9167 6644 6852 3451
7016 1011 6457 7148 9360 9412 6448 9356 3056 4821 7811 7276 5143 2337 6850 1777 4907 7591 6359 7227 4059 6896 258 6115 5590 8701 1898 5867 5749 2464 8140 2394 669 7427 1215 1891 8962 7702 2815 8702 7817 2919 3014 5603 8265 9457 4503 7319 6520 6189 7333 5390 4782 3815 6950 480 1972 2278 6202 7977 2173 7947 1154 4531 5877 1287 1449 4105 3800 7370 8150 4511 9434 4189 1992 3564 6414 6584 8211 7131 2348 8038 6430 1376 7406 3829 875 2727 2249 2996 5020 5849 8016 8585 5750 3480 6940 6824
6576 182 3151 3390 5503 4796 2868 2678 3126 3230 6223 603 8342 4984 5803 3763 1187 2029 5555 9192 5741 6586 7761 101 747 3030 1164 7719 5113 7401 84 7544 453 3035 3794 7794 7555 2777 9238 229 2359 2832 1627 3511 7323 4804 6713 7176 2819 5927 9452 4463 6817 753 8144 270 8316 6648 338 4867 7047 4817 6985 7056 5693 652 4321 5344 809 7308 9033 347 2574 6941 2209 6310 2888 4489 1957 2606 6401 8849 7958 6007 6200 4002 2170 8071 4973 4219 7455 6461 9050 2069 1428 6885 1122 2550
892 4013 176 7236 4453 2423 9312 918 1488 6177 7957 6503 4142 5046 7656 5792 2377 3304 7383 1728 2214 411 2245 748 8914 4093 689 3531 6421 8630 636 4778 276 7571 587 3158 1874 4336 9292 4288 7923 16 8413 7293 7396 463 8294 5905 1812 6010 8926 3222 1036 3668 5343 7213 5658 6181 1022 1270 351 5519 2301 1726 6715 4651 4693 6925 500 6156 1194 4362 6871 6390 8396 6944 9166 9160 1119 6247 1482 1871 5376 2790 1328 1308 4312 4987 8595 4065 2731 5263 7721 608 3860 1190 1009 4993
4529 9328 77 3454 7505 3671 5581 625 9476 3104 2261 8659 6274 8011 740 6677 6449 5472 1109 4006 478 1610 242 8217 2561 7192 245 5533 2681 7432 123 2071 1760 5406 6341 8523 8753 5019 8770 86 2459 8441 6067 5591 4872 9216 7117 9111 8001 10 801 1268 8444 288 2961 6336 3536 4898 2645 2696 3154 3719 4242 1295 5914 7747 290 9184 3011 4707 6120 6861 5947 8106 4856 1363 3988 4408 7629 462 7842 0 5333 8771 4676 1764 1024 7130 3198 910 4841 6540 4188 680 537 8591 1000 337
7313 566 7283 7100 5726 7285 963 7210 1774 850 7501 3586 5005 1361 4980 3160 7580 5842 5038 5364 5081 6981 2732 7419 3616 4639 6109 3205 57 3210 62 5322 7726 7004 5680 8764 8852 718 7267 7351 714 8574 6031 9332 618 9455 7798 9212 7451 6041 4153 127 1563 4559 8887 3052 7447 5164 699 2947 3450 9040 5351 1293 883 1490 7463 1653 548 3896 3996 5879 6363 3900 4585 5907 671 2581 2355 5971 6915 1939 642 4792 5434 5430 2560 754 8043 3460 8693 9035 6975 8340 8864 2141 3007 5262
412 5828 8319 2827 3102 1554 9280 5415 3416 3314 8341 6528 4705 88 5275 1467 3803 1709 3640 6741 7168 5043 7701 4158 6968 7675 2253 1527 6619 352 6693 6468 2957 8323 562 4440 154 2183 1196 4275 1032 2411 6334 9319 7924 9138 3735 8473 1830 8209 2470 7241 9493 2014 6532 4325 6208 3181 5200 1828 5383 8924 6864 7786 8779 7707 8684 8832 8697 6608 6649 2081 1803 4270 1365 863 8646 2005 2485 2711 2492 6329 6738 9087 4430 4203 820 53 306 777 2042 7092 7676 8362 8787 3858 3232 2780
8138 856 1675 4073 1040 7813 3850 234 1780 241 2266 1284 5337 8658 4080 158 4915 2161 9049 2785 7572 7104 3004 5133 7567 141 9103 9006 5334 1963 1301 6224 8967 7115 2074 6211 6098 1987 2566 8149 5467 6514 4053 378 6837 6381 1531 2646 4635 5305 1758 4714 2339 7261 5695 1536 104 8778 5152 8390 8168 8434 4210 8869 8889 7492 6055 5186 6554 1535 3699 2723 7128 8765 5863 7739 9378 1970 7172 674 3555 192 474 8147 2418 6280 9064 8224 6764 4617 7390 8925 6694 6077 6249 97 7540 7886
7137 2043 1824 304 1303 5099 2408 7434 4475 7507 6833 8715 5051 2018 5534 5059 2661 4133 9343 4942 831 2636 5509 3017 8826 5089 80 4297 8313 1113 8774 5538 1478 5781 7795 6696 9442 6023 2663 993 1352 3316 8709 4562 7144 1202 9239 3569 3846 3180 8339 5802 9018 2097 5455 1414 2073 7796 4835 1412 7587 5998 3706 535 254 1501 6752 9479 6049 6146 7191 1927 5641 5435 209 363 4295 395 6545 1804 434 4441 4505 1305 2932 9399 121 7350 5983 1811 759 1904 3166 5291 1890 3554 3296 5776
6656 3345 8100 1318 3187 7000 3552 7013 6843 4860 5622 2741 1201 7050 9126 2740 7594 9375 17 8966 4504 4472 3754 4358 552 4090 908 2838 2933 7428 4482 2722 9445 968 3524 7889 8950 5220 4747 2002 1969 1905 7397 1255 8215 5126 43 2024 7706 4017 1067 6883 914 1552 3134 1966 6086 4398 4366 6297 186 1899 1856 4857 4195 7036 6005 4605 2638 5052 8747 3331 858 731 4538 3662 7378 9429 8762 4736 3446 7709 2475 3143 6900 1031 5661 1559 2341 798 6107 3785 8628 4914 5269 5702 5986 2047
2216 1913 6954 7671 6028 172 1730 2576 6084 3393 9203 8786 3917 2542 8124 327 2635 9025 6116 2521 1087 4173 4767 2148 1924 5756 7734 4910 160 5488 7948 1252 9264 5891 8410 6921 9350 319 7377 5624 8462 7033 6962 1985 5023 6260 8680 7949 4360 6157 4798 8034 1651 556 3259 8401 6839 4901 7741 6489 8910 840 3491 8905 7574 5482 2248 1919 3672 8640 9290 3248 7879 8244 5494 524 7725 4302 5138 4377 8504 1739 5536 896 6703 4048 4916 6026 5668 3118 7875 9315 210 4487 806 7489 3923 9200
3093 2515 8219 3333 9141 4255 7299 4095 6033 6549 3172 4022 6519 4947 3183 111 7418 4861 650 2656 3739 1078 2250 2268 9136 2779 4726 8897 6705 3758 2191 5294 9395 4719 5787 8081 6862 7639 3729 4478 3497 8170 2851 4784 8930 3324 5261 370 1757 8329 161 8784 4182 7343 7668 5176 7020 7014 6571 2883 5912 2229 6164 6364 9477 2329 6740 8283 6802 6193 5826 8239 7549 5169 4771 771 4098 2392 2241 1410 4554 2804 6060 2313 251 2865 5397 8912 8267 7803 627 4086 1973 1366 9427 8688 1068 9420
9501 8129 9251 5037 1060 387 8799 207 4372 3573 5923 5981 8538 4290 8917 8245 8899 3930 3185 5587 792 2288 6046 7109 5989 4923 8120 6205 8298 5382 7338 8984 744 6445 7295 2813 2945 6374 5449 7685 2772 168 164 6433 3047 7476 8182 1954 1852 9485 7288 9254 4816 8347 6754 9306 4070 7929 2265 1855 8894 8555 302 3313 7780 9081 5739 3789 6744 7437 1138 3412 289 5339 976 3175 157 5594 2738 2506 5977 7921 1872 4656 6185 7539 8665 8044 6637 415 5520 3128 8469 8467 3693 7245 7812 7022
8994 3311 6234 7520 9417 3851 393 3913 7909 3948 3127 8720 4250 3568 5418 7736 7215 5451 3601 7868 5151 9390 3577 1805 7896 7844 1857 3548 6622 6513 4315 18 4992 8935 2831 3105 4952 8915 4711 773 6670 4183 1671 6602 4927 7306 3787 5902 9250 9468 8927 4128 9010 8677 3202 8956 5118 4672 728 5714 808 7470 4310 4252 8471 5317 9465 1523 8398 1870 4447 8597 9093 301 7801 397 9298 6393 5617 4205 8424 4397 3020 4654 4508 3108 6566 1418 685 3257 6953 3908 8518 4823 6111 8810 1923 8234
7231 1317 4120 7777 8409 4873 5277 6465 1012 9472 3348 1822 6784 5148 6904 3407 7749 8880 4184 852 20 6976 2491 1982 7621 5954 7863 6021 4056 8327 8683 4383 8743 9387 421 947 8292 9318 2442 7934 9156 6767 4566 3075 8189 7139 4571 4607 5967 1250 4624 4011 9333 7869 9176 4456 1652 5949 4415 6206 7163 6759 9084 3652 2177 7462 1076 2052 2458 1383 7371 3598 4258 1283 4522 9247 21 1734 2388 69 4272 3654 2293 8977 2150 4791 4968 8625 9335 8982 388 1654 4897 7471 5316 8736 5960 359
3355 2993 8939 4820 4495 1064 7518 1322 1368 593 4523 4152 2327 1112 807 6550 1624 9012 549 7831 8725 7311 712 4940 3938 4085 8248 6126 4975 5609 7301 345 8169 6582 1717 574 2469 8222 7961 8435 663 3863 2697 7097 4775 5237 6563 8754 4062 3237 5968 9059 5760 1481 2876 5679 3448 4174 8991 4565 4238 8472 2599 8290 6977 2936 781 6480 8825 647 1432 5412 5589 2267 1741 7758 904 3410 2730 2462 15 4087 3419 4387 522 6382 7524 1149 6 2096 7496 2110 962 9321 6709 4762 5368 7990
3338 9391 5431 1001 1359 4464 1020 7822 8645 6645 1143 1348 1236 8028 5400 5526 6097 589 3619 7038 7927 2437 7965 7510 332 5871 1002 9349 2165 6874 222 3689 7029 1602 4572 7770 2136 4253 4781 3882 6596 7399 6351 284 4404 6982 2068 8133 7269 6600 3811 8932 5045 7585 7015 2429 1879 320 6452 3679 8612 6100 5506 8115 2940 7697 7146 5885 6583 4912 8604 5721 2457 1551 5910 3738 6756 2124 5936 8812 2226 2874 3681 5504 424 228 7183 7552 2823 7453 5323 2363 5069 4101 9056 1844 2057 5664
8616 2975 2030 3379 5170 3378 1505 7246 600 8054 6259 3240 7534 4294 202 6671 5437 7420 990 6311 8190 354 5903 4354 73 7199 9355 9373 8978 8050 8679 4212 4655 510 4671 49 8621 9478 630 9195 6750 350 8420 8600 9418 7511 9376 3609 8405 4708 4766 4324 1842 2487 6672 8314 7759 5833 9424 4185 8501 7086 7249 5098 6973 1713 8755 7055 9500 5535 2923 783 5965 5854 6779 5994 216 7667 3080 7273 3899 5145 9403 3678 1754 330 2319 6769 5396 1158 1159 8671 3464 4003 960 3389 6964 4492
3025 2735 3265 6002 7248 6009 406 2386 6397 5112 4055 2701 4028 3002 2983 8408 7341 479 2892 1015 2443 1732 4319 1783 8201 2710 5313 5817 5199 6927 4809 2549 5690 6536 1107 9063 2049 7045 5915 849 7920 4849 1010 9268 3733 3512 5683 7636 9075 8427 8496 8685 886 9358 9310 1324 5705 2568 8689 7456 5177 2647 7945 2473 3062 2805 2545 9057 7059 7046 2189 6765 8844 3243 2256 3595 4317 2489 5644 3300 769 5772 6378 1887 7392 1847 9364 7954 8274 2302 5332 6747 9098 2889 4945 7201 3163 9201
5823 6451 9130 1477 2316 6616 9316 9104 1100 7266 2444 5197 166 6585 4740 5410 9329 5610 1145 6125 6352 5804 4965 1642 1860 5207 8174 2774 298 7408 8066 4004 6657 5326 3458 3162 8423 5777 2064 3323 1962 1151 2190 7806 5556 5363 8656 5026 3423 5256 633 2882 716 2063 7073 2734 5966 6796 1209 6375 5242 7637 928 2953 5128 6707 4169 9186 5674 1146 5566 1928 9326 3339 8965 4769 6037 2928 6276 8724 1004 8515 4990 5029 578 3387 7807 7541 1085 2742 7899 8942 6058 9082 4462 8860 7487 2122
6048 8868 6403 2910 4921 3489 8272 7303 4225 738 1105 841 4226 1013 6257 3452 4812 2924 7940 3845 3543 2421 7189 5346 3700 1169 678 3312 7278 7025 137 5221 2192 9113 4727 1179 3174 2675 3256 5179 6701 2402 8830 7446 5002 3051 8297 8018 8250 3985 4587 7294 2033 8674 6772 1347 4014 7559 8326 8807 218 6854 2358 5691 3997 696 8128 1464 6967 4851 1524 4451 4533 3942 1815 9179 4282 6194 1742 4899 5307 409 1886 4196 9143 3358 4550 2251 4344 469 4031 7499 9446 4686 3656 1560 9015 5279
9168 815 6823 8866 5614 2528 980 2977 8834 4069 2980 2193 5864 3605 996 8260 6988 8947 3019 4644 428 285 4126 211 1280 6345 7328 9489 7422 6071 3666 6030 6826 8626 5066 789 3463 7440 1947 3466 4615 1093 2588 1929 6149 1750 2982 8706 4121 450 5290 6928 128 2077 1340 797 8146 6894 4199 7611 5632 283 3622 8734 2949 5987 5511 3251 1431 7790 7063 2820 7291 6335 1123 5450 1715 2354 8167 498 5115 4520 569 1274 5876 737 7159 3807 5515 7260 8975 7322 7922 7320 644 5746 9069 5210
8916 2830 2061 1369 5446 9153 4241 5886 7225 5701 6884 6191 1212 7389 339 5161 5753 8651 5634 8998 6490 6676 6203 7760 1810 8809 8186 6241 3144 3749 6530 7469 6435 7893 9410 506 7259 9154 3297 3053 2178 4725 4976 7228 8161 1911 3179 6737 1443 3646 4629 8818 529 4432 8345 5970 9233 4236 9291 8463 2887 2743 7998 5391 7755 8002 4400 1074 4248 4423 5211 6689 3516 3866 2847 772 4039 5539 8964 8269 1690 4476 5636 4879 1699 2171 6044 4227 890 7852 3840 8492 2862 7160 1371 8436 4023 5064
4380 4480 972 7891 833 3413 4667 8449 7999 5733 9282 243 3279 8049 8065 6888 8026 9026 487 5461 4412 1175 2753 5378 7355 7120 3752 6076 2641 23 4277 3482 1140 8207 7752 4810 446 7513 9067 2776 3960 459 9401 749 1615 4392 4145 8590 1862 6639 1998 6251 4573 6572 891 604 2665 4756 3239 2852 2433 3369 7242 261 8356 7353 1096 9331 8676 1702 6814 3922 4134 8952 4808 3771 7302 8037 5377 6273 8093 8623 981 4555 2556 8772 4479 3805 1095 1170 9226 3836 6818 4597 1674 3444 1705 2026
860 922 6209 3087 5330 6912 5650 1103 5647 917 175 8459 1239 9421 2114 969 1275 6454 9223 8262 7438 5598 1612 5462 3085 719 5723 8152 2807 4852 2657 4077 3987 4350 8024 6525 8419 902 6051 8552 7916 6914 6153 107 9258 9135 6594 825 5894 4652 4689 7413 2859 3077 1071 457 3280 3783 8421 7103 24 8795 5728 1558 3078 6340 1749 8750 8829 5239 9320 3558 7358 8530 2255 1582 9009 5009 2424 4058 7066 3736 5667 682 325 1153 1736 2762 2490 1081 7872 4389 3117 119 6562 159 6441 3119
4429 7833 9004 3887 5860 8087 6419 3920 8951 8838 6012 7030 6201 5525 4191 6599 987 9070 81 7078 7349 6450 5190 7177 6135 7674 293 5370 5818 8295 1291 1445 34 2612 7019 8379 3571 2514 4402 8855 730 729 1227 8953 4532 2051 9252 512 2119 1381 7537 3782 3534 6667 9431 9220 4299 7691 6803 7429 6909 323 5184 984 870 6640 7781 3683 9464 2028 4758 7628 8541 2511 4422 2829 7114 7932 6172 8099 9204 5576 3227 8003 6517 979 9029 2692 9502 6268 7486 4030 4750 5615 5628 7670 8325 1470
1423 1859 3849 6127 3621 3587 6217 9005 1692 5747 6261 9169 1881 9367 8220 4518 4369 2817 3755 9256 5144 1839 5932 3414 7785 2454 6043 9327 1129 7682 2305 2583 8776 514 9091 6907 6551 2529 4883 5861 3768 8422 1722 2207 5673 563 4222 8064 1883 3915 1331 3737 6820 8143 8727 2185 2904 1623 237 7194 9137 8589 6658 8756 5897 5110 3031 4339 471 4109 661 9411 1781 5021 8835 6936 417 4092 374 3375 2654 1400 826 1701 1247 1956 5012 5083 239 3691 3617 2082 6919 5764 4862 4063 816 6389
5592 2425 3354 1217 3774 7880 6560 5675 5913 5837 1014 4154 5079 3116 3440 6775 6271 1679 6575 1817 6609 7457 7325 6173 8960 8934 25 9236 3747 3538 1120 1473 5684 7644 2471 6613 4592 5340 6605 2916 5888 4577 4348 7897 7277 5892 8798 8176 7075 995 1326 2667 6620 8803 8460 5558 3561 4512 6595 1360 9180 4180 5100 4301 6804 6868 9491 9398 5367 3940 208 2789 6339 1541 8546 1519 5706 6244 7164 517 1646 2404 1595 8309 28 1297 4454 606 5549 4033 8025 2705 5710 1795 4892 5789 7485 1248
6526 3982 7454 3139 3697 2939 2403 1439 7018 4517 8607 3341 3120 9277 2712 8668 59 4773 5984 3743 9037 5146 1491 3465 8041 385 6346 9152 5956 5916 246 5816 7173 7882 8036 952 2662 6313 5084 2060 2906 2796 6951 3667 8761 7309 6150 4264 267 2750 3727 9407 9305 3835 6568 1316 3861 1959 673 7188 1391 7864 8510 6556 3150 2466 2787 703 9242 6409 9196 6873 7316 2620 6219 9076 7119 9295 3502 4800 6089 5579 1620 8089 4948 8928 5058 1782 2162 1507 6432 8746 766 6698 8850 8577 1292 3821
6654 4374 1643 8252 790 7890 5704 8053 1917 9163 7152 132 8749 274 5771 476 6949 5904 8495 872 2406 8618 8384 6853 2733 5373 3844 2751 8175 5485 8931 3110 4846 2810 9032 5386 7102 8853 6920 1117 953 4375 1991 8989 5171 9275 4721 6428 939 8678 8443 1511 1172 770 9237 9086 5537 5102 2508 8579 3875 686 2966 8963 5529 1673 2871 1875 1509 5725 2997 2792 3980 8839 7366 6524 9218 7874 4035 6990 4501 9132 4103 8330 2284 7975 873 1327 622 456 9207 2413 7976 2103 212 8456 8986 5288
7820 1943 6367 3437 1634 9297 3207 7467 7832 4395 3796 6316 8614 9243 6845 2194 8760 3362 9214 4036 2254 4434 8617 1516 2580 2611 56 8968 1200 1028 2307 7951 3122 828 3422 6959 2175 8256 7641 1538 7482 1572 133 8877 7826 2199 191 7984 983 8732 6777 8243 149 1356 497 5167 7722 1997 9359 2168 2637 5774 8550 8193 2769 6349 3442 5292 9363 3956 7116 5135 4521 9142 7560 4640 1069 2472 8498 8622 7699 1996 1733 3625 7307 9191 1906 7906 5552 9155 4322 8721 3291 3884 6464 4156 4304 2111
5209 6106 3675 5324 2295 162 4956 940 5240 1877 8846 2958 4797 8373 5974 2246 151 7592 8768 8020 2197 2493 8635 4944 3472 7280 357 3064 2553 8382 1949 3731 6253 1157 7738 1700 3814 6250 2891 4602 7368 1238 4115 3658 491 7640 8376 4245 4966 876 6993 1373 8285 5645 227 5734 8157 8549 5160 6537 6134 8095 3109 4632 7578 9344 2720 9459 2011 6075 8766 4201 2979 5278 3950 8374 6105 2917 1484 6527 1628 9124 2634 8358 7074 5836 1826 6212 6497 7143 31 3396 998 9504 9030 2713 2108 2507
8058 5608 5568 2420 2518 700 7415 8667 8457 1525 3394 9497 508 3409 2225 6475 6085 178 447 3883 3801 8840 2090 3289 1773 7065 5613 4502 5719 3984 764 726 2860 8090 2357 9096 929 2102 6678 1403 4345 3540 275 2201 4049 2277 5076 4399 6723 9021 1499 3076 2481 3471 2575 333 7178 5212 4659 8237 1387 8871 1816 1042 5730 3043 6231 577 5920 3441 9371 492 2303 6255 1225 4834 1941 2547 2497 6330 4114 6748 8801 8130 7068 7630 1258 4787 5631 5763 2204 6872 706 472 2850 7968 3769 3565
1778 280 5486 8608 8603 5653 5459 2196 4347 6482 2770 2809 2188 1937 5883 5188 5943 4702 6848 2072 7931 6789 3461 5791 2181 3310 1370 399 8641 2431 1935 4848 6136 6263 5583 5881 8440 1231 5257 523 7745 2391 1772 9330 2746 1183 2117 2739 8902 6407 2112 8512 6347 2259 6948 8904 2397 564 843 7468 259 7519 5518 3510 3945 8266 1530 8387 6587 4276 6700 2684 4289 5050 5121 3880 5109 5036 672 362 1636 6980 6410 8520 6746 8757 668 1315 7997 5531 1568 3467 50 1837 1203 8578 5260 8863
3813 9140 4187 6697 8907 3201 213 5443 4009 8320 814 8859 3772 9494 9159 4326 6882 6511 3457 4929 3974 921 5180 7824 152 5073 7495 3169 3756 6291 4052 6722 9088 8394 7327 3301 1450 4406 4712 8242 2925 3596 1046 4794 8072 1336 1416 3066 7692 7613 2875 8386 9253 2589 1630 7525 7121 951 1901 8139 2866 3958 6612 5899 2275 7529 1672 9278 7363 3628 2220 250 1968 9308 3742 895 6687 6160 100 8096 5846 2445 4738 1515 5648 1251 573 1429 1485 4157 8059 7375 6093 8132 6029 3934 5107 9095
4246 65 3436 3515 6947 5865 6133 8553 1195 2062 438 8360 1584 1597 4223 5024 4084 2914 3383 877 8377 2156 7779 1321 1320 4361 5086 6425 5281 2627 6278 2617 3705 5669 4143 1508 893 6299 4446 8509 9183 5722 4561 1314 1740 5134 2648 6992 278 977 4249 6623 794 5054 7053 8539 7663 5978 2407 2526 3998 2372 3567 7602 6053 181 6286 8287 4803 5031 6256 5507 6314 2510 501 4645 5588 1458 8562 3603 8738 5174 7364 7332 4720 9106 173 201 8556 9178 9014 8854 6426 1714 2708 2999 2228 2931
4490 8748 4601 7185 4267 5961 2036 7714 6743 2504 7649 864 1435 1755 6178 4924 657 4149 3344 5810 8733 2310 9416 467 8893 3790 3559 3049 4140 8767 835 9112 9257 9051 2390 130 7956 8657 4539 5627 5616 7553 5540 4418 7838 2782 1832 675 22 8973 4909 6816 4677 8586 5318 6819 3963 5405 9248 8605 3340 837 1044 539 4697 4445 7337 5569 4262 3704 9144 5393 3250 1711 6229 3589 8583 6831 3968 1766 9450 3008 7289 1271 7717 8177 1640 2608 6344 5490 4394 8162 3123 116 9385 6471 6555 6946
7563 2632 2361 4802 8985 570 2998 5293 1808 2959 5093 5919 6161 401 8331 4419 2843 3094 4280 8521 4436 2499 702 4113 3576 8882 3485 2182 3067 1438 7200 9123 9461 3130 1888 9122 1932 7982 8485 8160 2682 6015 1016 8976 54 4986 6096 2969 5345 5585 6361 1018 1489 6631 2326 1616 1050 8669 4413 7862 974 8647 2274 8909 7197 2465 5223 5878 3477 1058 540 6727 648 9281 617 3711 7300 29 9171 4042 8083 3129 6561 3579 7132 4094 3544 7619 5737 3499 9260 5309 6836 8704 9379 3602 2332 7352
1753 3182 6651 6368 7165 1168 324 2793 6776 4609 2601 7089 179 3765 8710 7694 5724 1797 8898 7566 4202 2322 4496 445 9150 2230 3832 4833 85 7012 5785 1759 2448 4341 3246 2748 9369 8824 7915 1057 2093 5047 7607 3633 8875 4130 3614 4144 1861 1575 9304 3487 8817 3549 6633 5900 9270 1302 1912 6491 5214 1785 2896 8971 405 1865 2834 3447 5243 2718 2243 148 2296 7797 3626 8639 5416 272 1180 4996 6323 2154 3591 6665 8949 1419 1658 1600 5445 2383 784 884 2971 6574 1813 4072 4670 3149
2650 7372 7754 6978 1696 2503 1580 7181 6463 6059 2104 2978 3266 1045 2775 8366 4641 8613 1820 5013 6423 8999 2537 2151 468 8599 5522 3827 802 6943 6546 6406 6429 454 1062 7093 3964 8862 9109 3099 1756 9170 112 2415 1152 441 986 6757 9262 2658 4409 1415 6282 7123 5805 707 6625 4710 4150 1181 7135 263 1232 5394 1304 1818 8110 3098 1796 5866 4939 1942 2912 2416 7660 9449 5560 2163 2121 5092 7385 8895 8188 3236 2523 9311 3391 313 4519 4233 3952 1934 1925 5356 5652 3040 334 6876
919 4457 2240 1834 2389 6548 7425 1173 6692 5735 5955 1306 2615 2934 4813 4918 6768 9206 6137 2180 1827 4729 3003 2911 2065 5341 2938 2689 7257 3855 1446 2027 803 4701 7007 1447 2530 1547 9287 1902 171 265 8489 6348 464 5457 2094 4391 8291 579 5196 13 3141 240 6533 3178 5625 6466 8154 1440 2430 4735 7381 532 6258 1471 3332 4839 5611 4611 8888 8783 1084 6647 6866 2512 4890 8142 286 6091 9017 7286 3501 3676 6396 4610 384 1629 3165 2564 4842 2159 2791 4579 8035 6847 336 3513
7430 7315 2639 3287 6265 1486 126 1257 8821 3100 7582 2387 7944 7003 3808 667 5006 6411 1909 1843 7051 3871 7493 534 2582 2915 7444 3321 5762 3653 8032 8228 565 6064 6108 9022 3433 2759 1483 1007 745 708 7071 4757 170 9116 8490 3204 1876 7912 9164 6691 5562 5484 7221 3455 3029 7647 5880 6101 4159 489 7849 1161 533 5814 225 4904 4379 7379 9296 6166 3262 3604 8564 6855 2366 5348 1908 778 3021 9377 571 4759 2555 8448 8280 8328 2219 6790 5381 8845 4925 8109 4207 9117 4691 5104
3713 6495 7002 4967 5466 6668 525 9246 6880 6739 4608 925 8615 8487 2070 7223 6650 6272 4811 4034 7883 1186 8941 2380 3469 616 7631 560 4770 9352 89 1090 7062 3372 8919 9188 7226 2613 2729 810 177 8082 2037 5748 528 7262 681 7028 5328 4481 8116 8890 7898 2992 5655 2935 2328 7186 3941 3360 2677 5022 6711 7776 7848 2367 3590 5215 76 344 4510 8980 8576 143 8227 2989 7989 8700 9285 8127 2176 6057 6006 2291 8534 2476 2290 5230 9031 8077 4477 6337 5067 6808 8117 1132 3853 1745
5951 5388 7367 5996 2078 567 3305 3820 2600 8357 1041 2610 9058 2231 2155 3112 782 8393 855 8136 426 2725 5301 5358 4083 2105 4139 4439 2671 5938 4722 8258 3532 6653 3522 5000 697 624 5824 8451 1776 7043 7612 8223 7983 3773 6380 3824 147 4660 610 2019 1210 1476 7125 6718 4381 8610 8230 2844 368 187 5369 4239 1253 6934 1148 4646 7509 2901 4020 5350 6577 720 3530 5065 5770 8692 1430 9065 4001 5101 5255 5800 6994 9484 7474 861 2764 9426 5516 3505 3283 6877 8251 7684 3318 3600
6391 9261 6444 8261 4806 8781 6918 4192 6590 3061 5270 1404 3990 3551 8937 6938 1566 2619 5217 1299 1605 3634 9255 7082 105 4416 7229 6931 1218 894 7151 7564 7979 8690 9406 5286 7156 1838 9402 8819 5751 7625 582 8439 7775 1116 2744 4364 4230 2698 5320 6710 7836 3361 746 146 4175 2258 1323 4527 5442 1265 6094 8397 5295 2849 1533 3164 3537 1944 8900 5423 1134 5233 8886 2877 741 4558 991 8052 711 713 3914 7044 3228 1021 2703 9157 4681 7584 9052 2706 2736 3326 4696 4044 8892 7658
8279 2040 5399 4780 504 8707 367 7715 5502 4051 2907 2382 2101 927 1097 7339 7766 5448 5602 8544 98 1639 3897 6606 3854 5361 519 5359 3770 3718 6325 5775 3392 7504 4007 9189 7271 3892 9038 1971 1463 1388 5338 6121 4064 2200 371 1591 7646 2822 6279 5428 3828 5327 598 4278 122 2655 6780 576 7711 5429 3068 9119 4664 2144 724 732 8878 7751 7620 2146 6442 3557 8652 1417 8936 7346 9114 5574 335 2799 7633 8970 768 4744 7764 1344 4951 3018 5623 8349 7096 6483 8796 7304 1729 466
1237 8353 2745 2760 9404 8609 6343 4483 8528 1394 8039 1075 3898 8682 8017 9381 4699 6646 4988 2516 4198 5259 2280 66 9351 7547 6110 8015 834 9213 2840 2440 9460 5654 1457 4941 6956 5857 4840 2015 5921 2334 30 1272 5185 2435 3254 6593 2438 1199 3767 4786 4256 8275 5545 8148 7599 2244 5697 9357 1926 595 4141 499 2222 5331 1649 4015 4147 1761 4793 465 8559 8062 2755 361 8271 1920 1325 6721 9219 5244 2174 3209 9165 3560 3791 5901 2704 7877 7851 297 8901 1267 6353 3979 4785 3891
2602 8566 9079 6437 7494 3575 4657 4450 5941 3918 1127 3270 2089 3001 2345 2147 1396 2872 6755 575 6128 5619 2930 5379 6144 6358 1133 8885 6917 7799 7576 4959 5758 1098 3013 7155 1082 9309 2034 6214 1802 1665 2039 2239 2525 4783 5111 5597 7737 7314 3334 6083 8300 6890 7819 8575 5512 924 4684 2044 4549 7037 8708 5687 2399 2271 5153 7072 7561 3657 8718 5882 4877 4955 4500 6014 8806 9016 269 1798 4760 2913 64 3627 83 8135 9422 5125 5247 2086 6099 6016 2050 3507 3206 5887 4303 8232
7815 5273 2781 1136 1841 3834 1307 8857 3890 1851 9428 5201 3972 155 5453 6787 7679 5820 1101 2449 1192 5181 8729 3909 2869 6686 2747 8686 233 5296 8988 6298 5033 4799 7873 9447 2340 2963 9007 7905 2463 4680 2213 9139 1106 6913 7060 232 2728 4876 4331 3398 2761 935 495 3395 8848 5004 1465 1790 6708 392 5834 3478 930 3415 7281 1940 6438 2660 629 6591 379 795 6579 6074 3194 693 6070 7994 3592 8570 3319 1664 1587 6243 7077 1819 2252 8874 7964 6225 1108 4129 818 9046 5869 1379
8601 1656 2922 7079 7904 5365 1207 2856 7835 7374 9396 448 5268 7748 6242 2520 9001 7517 8777 5851 8368 1747 4913 8073 958 5547 975 6418 4828 6578 1406 7600 3578 7443 5444 6630 8046 5284 3113 5238 5103 4600 6416 3159 2623 2890 767 9490 3644 6486 9470 7750 8005 5106 2994 4274 1543 3527 4731 7395 5303 546 9263 8184 8714 2247 7583 5773 1260 4594 294 7950 4327 1910 7910 3213 6436 1480 1049 9487 7252 7356 3781 3083 1459 907 7409 2311 1590 4698 6412 9068 4964 2695 1931 8194 853 4499
2308 9121 4868 7827 485 9107 7101 6643 5853 1695 1493 4082 5342 9078 8389 4328 6309 6266 2853 3215 440 2821 169 7531 8703 2395 6797 9481 129 634 1562 2058 8719 5057 5572 6815 7558 3152 1549 342 7573 3438 1900 5452 5095 2806 6897 3142 4179 329 3777 2353 8664 5471 5008 230 7005 6139 4096 6661 3508 2379 4717 5403 2085 7417 8805 1073 8631 8813 7903 5227 281 3585 1955 4050 8791 376 7911 906 6142 5639 8653 2952 1281 3041 5384 3712 1422 6972 72 4591 1312 3431 4881 5720 3504 1234
183 8270 6431 5740 2607 6235 5108 6498 8876 110 2702 4057 3097 3528 3453 9337 7129 244 1502 5114 5716 6793 1372 9279 1341 5315 8268 3778 4110 5689 6719 4724 1171 2927 8691 4642 665 7603 3255 7693 3397 7263 1506 8468 6679 4687 4928 7479 2370 3247 2837 1038 5999 3708 2453 8085 6849 3267 9353 844 9211 4679 7617 5465 509 5872 4194 3277 2260 5441 3885 7514 2803 3978 7778 3092 8563 8551 7090 2595 6113 3010 1864 1390 3430 2384 8430 5657 6270 6729 6238 5203 8070 8383 6063 5158 1338 7828
4878 3581 5993 2031 5194 3663 1938 1821 8428 4734 956 7546 3290 303 9002 900 5253 4985 61 443 1008 3252 6922 558 2115 9361 915 6404 5300 1999 584 1577 3272 5638 2519 7198 5385 3421 9380 5606 7222 5551 3380 477 8474 6008 6215 8663 2981 9336 8185 3082 2768 3405 5168 7987 2494 1367 1378 7773 2543 2590 9345 9162 6937 5727 779 6496 7767 7732 2153 660 9386 108 99 1655 4235 5514 5944 6476 1189 6277 536 7034 5642 6544 1800 6801 5061 8793 7365 6254 5140 7238 9105 6248 8644 7860
3337 7393 3703 1555 4373 4553 6038 7265 4718 1088 4983 416 3971 3199 7830 557 1661 249 295 7650 4136 8416 7206 3886 2609 8164 5150 5801 4957 3429 3381 4047 7099 1160 8108 3759 7870 8516 3965 6832 1380 7017 8519 4627 5487 4027 751 6607 348 6303 6735 2223 5078 6714 1167 7244 2292 1354 6056 404 3630 6592 6770 6405 5656 6470 7735 1984 51 2905 7548 5649 3674 1548 5306 8305 1687 9061 3838 5793 6296 817 6629 9338 3224 5497 5141 1056 9089 5840 1989 1300 5712 6158 4220 1185 4634 2592
7939 4172 117 7866 2432 8126 8231 2321 1794 8202 279 236 5794 5586 6773 1130 1688 7535 4168 9436 3793 2208 521 390 6377 6559 6052 750 5743 5911 9432 5939 5825 94 70 912 2951 2926 1829 4448 848 5280 5575 8865 3876 4340 2687 131 1662 5222 299 282 3111 9097 5082 5635 7743 375 4292 3629 8337 655 8056 9314 3932 413 8446 3459 2053 427 9370 3138 2811 5105 651 2364 8208 2824 1648 1264 757 4977 8249 2763 4005 3382 3865 9284 9039 5048 3869 2468 3 4743 9272 7782 494 3350
632 3498 7604 4435 5235 2802 3707 3927 926 3026 3992 4908 3550 8363 8619 4054 7021 2995 7953 6494 2455 8010 8226 6905 6652 7122 5931 9120 3486 7318 124 3039 2816 1273 7917 3643 5692 6614 8741 2008 1086 1503 8364 4474 5035 8253 4552 8584 3615 8751 1510 5841 2335 3841 5681 5797 701 7274 1332 4104 526 8276 4637 8196 5964 8458 398 6624 5097 2160 879 2281 4557 1863 8996 6634 3309 4544 2855 7980 8241 800 6417 9101 7887 3582 425 7083 7357 3953 5407 8592 3024 6088 372 1621 8191 511
5813 1213 9092 7545 9317 8371 8040 4588 7846 2032 4382 885 2203 1918 1896 1398 8229 6999 8525 1392 3346 8324 2676 6362 2304 5162 6477 8094 1472 5129 1854 3943 8572 5765 296 248 3353 8151 4287 6227 2884 6287 437 5766 9433 2450 735 7506 4284 6505 2107 5571 8660 4426 970 619 8476 5077 3208 9110 6467 1089 871 5788 6383 4074 4606 5409 6869 5142 8425 6308 6186 2396 2539 9474 7466 6169 2920 8828 3809 1771 1139 4318 1437 6642 4548 8334 7134 4604 287 653 2195 4905 7595 581 8378 3710
5075 3173 4568 2604 7284 6460 7118 7768 6529 2132 1174 9118 8861 6844 6356 7166 6666 2373 203 659 2771 5447 3650 1448 1279 2719 4713 6315 8606 5404 8369 1027 6986 7184 4674 8800 3574 2532 5193 8569 1631 4779 7312 1521 2022 6332 7239 8344 2480 9269 9405 7664 3926 1792 7618 3006 5822 8233 6018 4346 8681 2279 1720 6304 6068 4526 832 6663 8633 3818 6995 4749 4025 6901 2716 7532 4089 2116 5922 2767 851 3929 8815 5979 6983 444 3306 804 3520 7653 1334 3264 4972 3115 3661 6154 1214 6781
6305 6434 8445 1725 2990 7627 2546 5189 1619 4008 3764 8670 4902 6800 78 3795 3631 9392 780 6699 5582 2422 7527 7133 7345 7971 3188 7484 6706 8057 136 2139 7845 2886 1266 2786 2100 4164 503 6856 6553 5420 5392 9161 8180 7279 2118 5918 3089 6889 8195 310 1775 5700 5460 9323 4745 185 2023 3401 1650 7733 7937 451 1689 6507 1576 5672 6122 4685 6552 7445 4751 1262 5893 8359 2571 2001 640 1980 1743 5080 5945 7966 8061 7756 7581 2017 8281 2098 1386 6027 5694 6543 1567 2758 3780 6538
2142 3217 5665 4733 2616 8598 4682 6355 6182 5149 7543 4467 5621 7218 1256 3258 2551 3388 4850 7216 1409 3931 6168 4838 4662 8263 2833 4618 2861 2593 3848 9469 3698 1006 346 3613 2130 95 8735 6682 7597 7268 585 4438 1581 4969 5225 3889 2879 2640 7686 37 8938 5477 8493 3294 5480 4534 1537 7638 9441 2984 7508 1029 3955 8431 4206 7048 1111 4963 5795 3479 2131 710 715 7696 520 8483 2937 723 7677 9482 2659 3696 6879 8336 7718 4949 1118 5321 4506 2054 3241 8833 3476 2548 7809 8911
7655 4761 949 396 439 6766 4041 679 223 3874 6926 1342 2644 4260 8997 8187 4789 6159 2233 1848 8332 3947 2000 1845 1840 8923 4167 2903 4243 4513 6061 6569 3647 5640 8141 3368 5016 4118 3295 2152 1698 5216 8004 3509 8486 3307 1147 4709 1043 3356 4666 5554 8288 4943 2752 4421 4688 8257 8842 8918 2025 4543 2299 5495 4830 760 8103 5417 8933 7347 3253 5844 6788 2524 2417 496 6167 1126 1030 7885 7746 3606 6090 9503 2502 8527 8484 3276 7570 3103 6446 1667 4723 5236 505 3523 5251 1427
3872 5858 4431 6615 4858 3723 5875 3420 5578 5850 4669 2375 2773 9365 1660 3366 2690 7943 1023 5982 5027 8084 7834 1933 7180 1351 317 6704 6013 4116 9048 4488 4075 6753 1763 8067 6930 8946 6484 7024 5175 2666 4962 1466 5546 5754 2324 5780 3493 8156 4259 3684 635 1462 4213 4176 5479 142 8816 7258 1737 3967 6395 5767 3687 4818 5173 985 8505 1384 8047 3288 7687 7624 1823 5308 705 6680 5055 9080 5570 5600 7411 6078 19 3928 7855 1539 8278 3385 3702 8105 5325 1059 8739 75 611 9054
6284 3894 7523 3153 9505 5935 3831 3244 1124 2552 4111 7610 231 5523 4540 8171 1070 8620 5213 4343 3788 2350 2198 5595 7972 6702 7577 2294 5839 507 3193 4396 2158 3439 2673 9347 3214 6539 6903 3810 2848 5458 1532 113 847 787 9019 6342 3096 1903 7138 2633 167 2683 4920 1405 5432 5049 3588 2944 3449 5997 5717 2784 9383 646 45 6580 2488 513 1604 7542 4066 8412 2845 1178 2 4525 6974 8009 4694 7230 2143 6140 9267 8304 7703 1413 827 9060 4311 9148 3895 1355 9249 4995 292 4163
2374 6102 7720 1513 2835 7243 4737 6228 9003 2686 3474 5421 41 6742 1593 7329 4208 2967 2598 5040 7936 6758 4293 1788 6521 5182 1310 5798 3539 8447 6175 2587 6761 6152 1114 3823 6626 5553 6474 3261 3868 2351 3760 5752 1727 7448 5559 1397 2269 7209 7659 5287 725 8092 7825 9492 4498 4638 3044 4306 5508 6534 1594 5651 204 2092 5573 6610 1216 6745 2960 3114 5116 1588 3145 2135 6893 6399 8247 8210 8137 9024 4160 3070 7497 7902 5577 4801 5843 2138 322 135 846 7354 8979 4564 2013 5783
55 5969 1455 7217 5662 5071 7 4330 7140 6570 3659 4240 3063 4061 5980 2538 8694 2918 8507 889 734 572 315 33 221 3125 3901 5565 2709 1037 1632 1072 6398 3535 8870 1285 1495 3506 4900 1377 823 1229 6695 5311 7416 5017 2157 8666 5811 1128 1420 1553 8499 2818 4954 1319 46 9498 7783 3322 2232 8255 2591 3045 4484 8111 5493 7952 7009 6908 271 3371 3553 3176 8074 3424 5156 5329 6129 6813 3079 2757 257 2579 4403 6811 5091 9276 1494 8153 2737 7821 2434 4359 2238 7211 2145 1025
3812 311 6541 2184 3073 7477 4661 8788 3367 8352 308 7182 5835 7900 8920 7458 4329 8820 4060 7596 4668 1061 704 859 982 2797 7648 5550 3408 6939 4332 1246 4181 3022 2985 7342 6859 694 4578 9115 4076 7995 670 8254 3036 2651 1573 5427 6062 1163 4938 758 5258 4732 3748 9234 7808 314 1329 2794 6867 6469 4232 1635 4016 3852 1102 5713 7317 9023 1564 2513 6290 3363 4894 8851 7959 6732 5790 5302 6333 4863 3443 763 2478 1054 2333 7988 6910 8794 8031 9346 6958 3541 1921 3281 7698 5744
3716 3203 5347 5187 899 5191 3597 3211 1644 6717 865 5757 5926 5475 407 6147 4148 2035 7533 9190 1479 4257 7623 6216 482 1641 6413 11 5252 9495 8698 8903 7802 6945 3273 3797 9073 8958 2237 4692 8769 516 8466 8030 3825 6285 7616 5357 3649 6328 586 1592 3284 2021 328 7190 515 455 869 1561 5930 6858 6003 4730 7193 8165 7991 1358 6492 5470 1055 8414 3612 205 14 6198 3526 4437 6660 6192 1570 8593 8365 5729 7894 7106 9340 3084 3734 3235 3694 7878 7054 613 2569 3645 4528 2075
9145 6655 8293 2285 8730 7729 4420 3330 6504 830 2846 6786 6069 2800 2694 1350 4079 8282 8303 7091 3999 4286 1233 7282 6195 5929 3670 435 3351 882 165 1424 5 8792 3157 2902 1946 5178 7892 5962 8722 7856 5975 3750 7334 8055 4614 7935 7565 5809 8301 7727 4186 9368 1282 4337 6798 2941 4649 6054 6794 1550 6998 1442 1691 662 134 4106 8972 8354 4309 7867 3470 5028 2164 7491 3642 999 3722 5626 2870 4385 5643 2693 4433 3376 3229 3406 2972 6245 7464 8823 5670 3335 2006 38 1514 824
8355 2362 7895 1296 8259 2642 2342 7930 7380 2558 4068 8101 2020 8284 2766 2330 2120 761 4755 1288 932 262 1744 2187 6262 3919 8540 588 1184 8122 6933 3594 4032 4998 1693 4254 1948 4903 5433 4217 6778 7404 5796 7326 8181 4950 2605 5408 6237 7061 1220 3400 6493 5219 8183 6557 2955 1277 5250 5517 4819 2596 4124 2368 4742 2405 7435 3426 3190 3328 4300 8475 9209 3216 5266 8873 1224 6440 3137 4266 9210 5425 3837 7901 4097 2314 4411 5532 9480 4919 8172 4630 2149 4162 6179 4000 5094 6916
903 383 1703 2814 4107 3402 6000 2123 583 4471 994 3907 9456 6289 9471 5924 1752 1104 9174 739 8395 2059 1544 7771 4281 461 4831 5198 5732 2873 7472 8454 1461 8203 1814 641 1228 2950 6252 8381 5375 2486 8098 8335 4795 8429 6221 7441 2451 8086 255 1835 264 3384 4870 9131 2365 1475 6199 7673 8403 4177 2356 6001 5042 5087 1578 8822 6961 5768 9400 5988 3352 3374 3081 9083 4631 1401 527 8114 942 2688 1155 4100 6079 7361 7426 3817 4599 1618 8752 5304 3847 8513 3786 6233 5799 4349
989 5389 8069 6317 6187 4465 6294 215 5372 880 2398 3032 3951 5454 3095 3816 1276 452 7235 2484 1873 7551 5218 4764 4497 4376 6481 1294 8571 9133 7124 2908 369 3435 597 7981 1094 9463 5289 3496 2563 8306 5755 7974 7515 1694 7784 3189 6073 8225 955 8726 7933 5563 7554 6688 4581 5779 6366 3060 868 1182 6131 7789 3873 6805 470 5070 887 9129 6720 8246 580 6042 7963 7179 822 3475 3878 3168 4650 3282 2272 6598 431 3059 2522 2378 6462 555 9217 1433 6306 866 7858 5478 2857 5483
3521 3000 2674 8307 1254 3741 82 2749 1512 867 4934 300 2371 4864 6321 8711 1017 5122 5934 6827 449 2954 7526 163 7661 3533 2973 553 9325 8308 5605 2622 8076 2653 4536 7712 7688 819 8351 6104 8672 74 3494 7171 7052 7955 2067 6567 7742 2410 433 9413 3610 1125 8080 9302 7606 590 9437 4678 2369 8948 5271 845 44 7615 7992 839 3427 5596 1205 1286 8872 5889 7136 3492 1978 1708 2325 7202 4200 2948 8699 1614 7150 4407 1545 1858 6510 8145 139 4999 5742 554 8426 6024 58 3517
4547 5032 1091 5544 4424 3721 4427 658 8380 8526 145 4636 2126 5130 4228 5063 7488 8560 2236 1680 5633 9444 1242 4647 2167 2087 190 2562 6320 6424 5319 7652 2643 2965 3859 7787 5782 7465 4305 988 1869 1141 6604 4146 6204 4843 7521 7814 5873 3730 5543 775 1867 5847 7716 402 1497 5769 796 3784 5226 3905 2652 7067 5172 9042 6638 4675 1289 6795 9027 4102 2447 6443 3308 8045 1230 473 1975 5973 430 3966 4459 6165 8465 4356 8642 214 9094 8497 5413 3231 9374 1601 5501 7590 217 2381
1492 9266 2899 5855 3260 4229 2428 5604 3365 2215 1724 1204 3037 4458 2531 4137 8079 7818 8993 8759 4410 3717 8192 7969 1678 3583 4 2263 7579 7593 8264 9008 6301 3325 3624 623 5085 9229 1622 916 4314 6952 5007 8981 2179 6512 2137 1718 9382 4703 5062 721 6581 6022 6878 7270 12 3682 5068 2956 4774 2129 93 5090 1177 2401 6835 8236 7008 7941 1833 2133 7162 7011 3580 3156 4417 717 3005 1546 2669 7763 4466 5761 1219 6267 4046 4885 6230 5528 1065 6360 7562 9128 1269 1607 8649 6447
4772 2066 6338 6887 1669 4922 2206 2385 6163 1298 7237 4296 2479 7757 8205 4953 1683 6080 1522 9372 3792 2962 901 1436 4826 5784 2679 4788 3317 4836 3042 6370 920 881 8407 2202 1399 6384 2894 7724 7232 6269 7080 5267 7800 8568 9134 9324 8478 5159 26 7207 1165 8580 4352 8289 8113 7253 1784 9000 4583 9066 3525 3091 1034 486 2567 1981 2338 1825 5807 6632 6984 8418 8802 3518 1853 4706 9013 4613 7730 9199 1645 2625 4204 9488 52 3274 436 5060 1880 5564 1710 1598 4893 3299 2573 92
3027 3715 1574 8437 4695 3688 3822 188 8317 7041 6171 7170 2893 8716 490 9036 7175 1670 6664 7111 6618 4221 4896 1762 5806 5696 1311 6851 8744 8078 7414 1885 7884 3177 3170 8021 1526 5808 4746 2828 3529 1611 7382 923 6774 7085 8896 2895 9394 7297 5147 8537 7145 321 6617 1894 3911 9125 4542 4269 649 7978 3488 5698 8588 7387 1402 4673 6372 6019 7233 5601 9419 7084 3500 3048 3961 6478 1362 7622 9028 3055 2900 2312 9462 8856 2898 1603 6011 4473 5014 971 2885 1882 7769 8500 1685 1500
7452 645 3038 8199 3327 3864 6180 3906 3161 3124 3986 1613 9443 8310 8221 7039 8482 2283 198 1496 8944 349 9313 2300 545 2309 3417 8417 1850 5958 7384 3611 9322 4936 7105 857 1517 5492 1951 8511 194 6621 614 1786 4593 8432 874 5991 4131 7841 7772 6724 5852 4135 6455 6942 8831 6589 3136 2242 9499 799 7665 5909 7254 1349 9423 1677 677 1529 1469 7431 8075 1767 7490 2858 3867 8286 8350 8524 5030 7305 291 1807 7645 4388 8740 2276 2841 5829 2084 8063 5380 8097 4690 7550 5898 6281
4748 615 8548 6082 8134 3804 3200 4308 6004 2621 6929 3937 6318 1263 5821 1571 8567 5527 2235 4541 5003 2942 5908 620 6870 3975 1964 4880 5496 7423 8655 594 6020 2867 1617 1460 488 4368 4805 1434 8296 6863 8542 3184 358 4621 6387 8480 4598 5646 2318 4081 3445 2788 7478 5468 309 484 2091 6141 3826 8481 7147 2016 6288 2217 2597 7723 2533 3916 2527 3399 7503 2441 1003 115 6065 8218 2585 2343 909 1474 9077 6809 6716 9467 8315 3046 1657 6736 7753 4342 1922 5895 4567 596 9215 256
2106 6860 6148 4855 8637 936 4931 5699 7330 4853 2336 1453 7027 5976 6092 7158 8346 6226 6508 2298 6669 2109 4138 6763 2618 2614 6932 6547 5831 542 8370 174 2046 4468 9288 3833 4091 6762 6627 3639 6902 458 762 1799 8163 2317 1080 8 2128 8442 2166 3994 9187 8178 8491 1504 1960 559 7439 8027 493 8240 3635 7433 7142 8517 2586 8091 5541 4643 3655 1222 1974 4974 3959 7157 5371 2076 3320 6957 4958 4283 9425 6236 3991 48 1375 1721 4563 5436 6681 7360 3862 3028 6785 4078 1995 7643
9415 1309 8536 9053 2477 277 6017 5946 1993 4216 4906 502 6673 7481 8717 7126 2594 9228 6935 6899 6427 7391 3495 2825 2211 3962 247 6731 3069 3881 3315 3220 7340 4871 5074 2603 4425 7127 7460 5868 1051 4935 6690 1831 6170 6895 1144 7765 1950 7960 96 8955 5957 3946 5025 2624 1083 3976 691 3720 3726 1638 9205 3902 1335 5682 8107 6326 8452 4926 6522 6588 4307 1945 2699 3359 6991 6760 5948 312 5419 944 6162 9414 2559 7993 8797 2286 6040 8790 7853 854 1235 709 4119 4251 1719 2881
1339 8388 8675 5053 7843 3425 9198 1849 992 6371 3562 7704 102 5718 1142 7970 3638 6955 3685 1468 2352 1290 4586 2393 7575 3054 140 7522 8531 7386 7642 2205 2535 3806 4234 1193 5830 1035 1150 3238 6488 2409 1585 5731 2273 2987 3404 3762 1353 3599 4815 2099 4911 2134 6997 4215 8461 1441 9194 5285 5819 6892 5155 4452 7986 7095 4291 2467 3973 8000 8102 5353 8216 1569 7344 4946 5481 6197 2584 6035 4790 8841 5660 6138 39 5856 7871 1746 6558 8155 6979 316 5917 7536 7788 5812 8654 1579
1787 1053 206 8348 6601 8561 3146 356 4874 4891 897 307 2929 5195 2360 8758 8455 7538 2672 3473 6119 756 3303 4665 7376 5890 6662 1330 8638 2554 3547 1261 7914 7049 7149 7204 6213 5618 6963 6834 7829 2991 5366 6829 6674 9172 184 7174 2498 1731 9011 2446 7107 2630 2055 5157 9102 1079 3728 7031 7473 3428 2578 666 5272 1884 4323 7112 6400 138 8312 5870 7713 4515 4754 6641 3009 5561 1897 6923 1625 106 6989 4378 7839 1346 2113 5202 5132 5395 4989 9259 4099 2570 4166 7865 6749 2680
5208 9175 3269 6439 3751 941 755 788 235 3692 3879 9227 5952 8713 3641 9158 8375 3275 7728 7324 8438 5933 4616 898 6388 4822 793 8624 9044 63 7070 7141 695 9439 35 410 6675 3418 683 6145 6112 862 8119 1542 5990 3983 2436 9473 9240 5498 4582 6327 9074 3545 4273 6459 3546 7913 2287 5018 4865 4193 9307 9071 544 9177 946 193 7528 3249 4045 2227 687 5500 3012 3677 9034 7657 1241 518 4844 220 6034 1047 7919 7331 4829 8494 2842 6095 8883 550 8121 1704 3695 7804 9341 365
6771 2270 7064 4739 9241 4197 4653 2921 1983 2946 2003 3221 5056 7250 733 6636 9224 776 8118 253 2496 612 3903 7212 888 7436 5438 6307 2670 1245 4633 1364 9231 1682 5778 6376 1915 6830 8535 7837 8661 2306 7557 8302 2218 2224 4021 5228 326 418 2854 1249 7369 9483 9045 9108 6499 933 643 638 3779 2714 1092 1806 3995 3148 538 1243 2125 3155 5928 1586 199 7058 742 8198 6183 8687 2297 4580 5349 752 3893 2572 60 8367 8502 5310 180 305 3033 7412 4037 4214 1791 2509 4261 8992
2839 3481 7255 9222 9440 9185 1137 7251 2534 821 4596 684 6350 4444 4414 3686 67 5424 4827 7907 5862 1979 6143 3665 6523 5607 6751 9072 2010 1976 5832 3147 7042 6659 382 8406 8808 3637 4628 1765 692 7023 4776 5010 7681 5476 8773 6841 8173 1033 4224 68 423 341 268 4455 4752 2095 9301 3651 2880 2172 3830 997 3197 7247 8632 4546 9244 150 2212 5131 3015 5232 7926 3212 5593 195 4279 9085 6385 6987 4837 9342 8908 6865 5124 7076 8060 5685 8804 4991 5439 6806 1 364 4123 4845
