100 96
2558 2355 3000 6494 5627 5316 5838 6412 113 7149 5185 3502 3809 6156 5128 9184 3409 7970 8395 1948 4111 6865 5726 3804 7853 6995 8783 8912 9293 8516 8031 3575 6473 9262 2864 827 6926 8210 7042 2121 1982 7971 5954 2739 8449 3580 4089 6184 20 9353 1528 5075 1034 3383 4108 5018 2127 8060 5032 3697 2286 8883 9221 2665 5472 2779 2486 1480 3711 6500 9216 4689 7280 6624 5484 2490 7485 2364 7165 7619 4354 8370 3522 4688 7247 6916 4359 569 7664 6949 3066 5375 2883 3141 8585 1828
4864 9302 8098 5906 7354 3313 4897 8310 5897 5602 7137 3805 1394 644 9053 7855 5962 6772 5074 3903 9289 3846 1181 4031 3186 495 6534 8390 7039 4320 4584 1956 7911 2138 4291 7049 8519 8358 5141 3300 1239 4837 5033 2435 3215 8750 1433 7763 4906 3999 2900 7064 245 4047 2666 1370 7249 9230 8029 5424 7463 2380 6655 3986 5111 7432 2799 764 6723 7714 3042 9568 3449 6129 8159 8976 4806 7543 8038 23 1760 9237 2097 7677 8615 6411 2425 8507 6979 513 5603 5837 3084 9251 375 7034
6401 5382 4783 471 7379 8997 7557 1372 2327 6155 6387 1929 8016 2539 3932 2331 2105 9142 7778 5943 4371 3902 398 2210 3225 3465 5973 7370 3836 25 3910 5197 6410 883 8820 229 1517 114 9022 6502 9113 7952 8581 4251 5045 1611 1044 2830 8417 5526 954 293 9314 6388 4196 7879 5281 4776 4401 6598 1833 6761 2076 6158 1317 3389 9082 3455 8303 3167 4555 5741 1233 486 5193 5769 6818 5598 6099 2237 7464 9536 3108 7982 8433 2513 8017 3557 8286 7309 3440 1415 1272 9562 62 6253
4241 7180 2187 6830 4299 7060 5676 6566 3624 8309 1157 1441 346 3193 8105 8445 5468 6626 4295 8543 9044 2452 9040 8864 8492 7736 8644 877 459 3589 2359 5891 774 2547 7689 952 7659 4131 6196 2730 4511 6808 673 3078 9144 7850 647 5979 7765 6044 2114 1581 5900 622 6650 5791 7224 506 767 9400 8648 2282 1976 5852 5499 679 625 9180 9083 9525 183 2212 4188 2450 2057 2385 5007 9391 3238 7146 3750 6120 8836 6144 1134 2001 652 5139 1418 5381 7201 2230 682 6000 3968 3983
3333 7214 6729 2628 5860 9493 4717 489 2469 1713 5918 1470 8464 9507 6273 5680 6868 523 7902 7308 5758 4818 8001 8662 3392 2009 8689 1556 6185 4112 3979 5964 1674 3175 8818 3171 1127 2414 3032 5248 2810 699 3705 6147 6856 5671 7442 8759 649 1980 1481 9104 7688 1495 7717 9509 4606 8250 6876 6909 7818 1668 1212 7852 6169 3044 7996 8257 1730 5945 5944 5041 7605 3372 3907 5922 849 4990 6272 2191 1095 1954 9229 8230 8920 6999 1543 9572 9258 1000 7713 4375 7424 7875 5784 2902
720 1850 2167 4790 6619 1308 5810 2926 2907 749 4697 4724 8467 4673 5413 3519 8471 6040 685 8862 2854 7496 1246 9487 8169 4240 2790 6967 6684 4095 8133 4263 158 7277 6519 2844 5196 1432 6374 5626 4801 5020 6201 2868 9505 4765 3019 6302 2231 8803 2307 517 6391 3822 3718 7589 514 5350 806 7334 3587 4205 6937 7233 9007 2257 8901 3719 9173 4740 5609 1642 5936 8713 2283 2744 7108 1654 2400 7056 4817 9397 2545 3160 1945 862 1115 2379 5706 985 5533 3621 298 467 8401 6359
8987 1540 160 5536 4592 4991 5190 6101 7383 4767 8737 8363 4187 8090 8974 1090 7565 5165 2741 6478 5251 7097 1989 3462 7364 6117 4885 2516 5106 7658 801 3915 8493 7883 2801 615 5088 2870 5287 1802 6972 2161 9000 4079 3331 3418 7420 1423 5823 7096 7486 6955 3613 1708 9405 6422 4462 7748 2592 4453 9435 286 5061 5498 7780 6973 3615 468 8979 2260 8652 6161 698 5819 4151 6871 5913 884 4822 994 7269 344 359 2120 1099 2285 1697 1756 5641 7756 8704 4603 7767 4054 3124 2071
8189 777 4901 5501 7786 2648 7858 3177 6724 9539 4294 4704 3201 8051 7743 3843 5370 1173 7481 8900 8794 2546 6448 8960 5005 5596 6870 7395 6168 8956 6659 630 5401 4477 2886 4317 4745 3100 4133 9326 8666 7789 3343 4369 5677 1255 2793 6204 5360 1458 3423 8243 7117 4463 7260 1381 4160 3471 1863 9362 8547 3183 3206 9552 5327 8178 5893 711 1579 9521 8024 661 5556 2753 986 5983 4616 9067 8984 1934 7317 951 676 4803 7744 3210 1210 8237 6610 5205 5348 6604 3390 5992 7449 5787
4264 8371 962 7622 6240 4911 4143 6482 6128 4730 608 1546 2520 6625 6712 7900 1566 2910 4081 3076 3662 429 1567 3146 7864 7993 8877 284 6293 5026 8514 1740 4898 2751 244 585 5653 3950 3787 2350 6542 9359 1856 8108 3896 7638 8092 4612 6247 6710 5591 1195 5582 8426 4249 8907 7363 4443 998 2054 5509 1337 5985 8146 303 2004 8918 4880 8277 4166 4125 7753 1325 1979 554 4535 61 4809 6670 1779 1449 6349 5188 908 3488 8566 3994 6943 9347 5932 9395 8082 6332 166 7590 7672
7550 7460 4708 7465 8241 641 1849 5941 8150 7630 7857 2817 1835 1639 4344 3549 6106 7503 4775 7084 3581 1719 9451 385 7831 2692 207 8402 234 9054 4501 187 6797 4565 7995 9272 746 4539 2872 1094 3513 9540 8272 6852 5442 8482 4398 9374 3799 8843 167 7903 842 7444 8270 4607 7708 8643 9155 1281 399 9306 9070 6543 1895 1287 8489 2761 3344 5493 8059 4982 819 6318 2010 5616 5974 1131 5802 9072 251 4225 7490 4307 1018 6517 4614 2297 3892 9332 4587 5176 6788 8699 1742 7024
5845 3138 9175 9132 2219 5371 2489 5841 4916 5363 7562 1912 9241 3853 1588 2495 1447 1900 7085 7566 3972 8810 7098 9172 2696 7325 6035 4289 7721 7895 5873 5457 7596 9045 6268 1598 4862 8964 5393 4595 4244 6481 370 1252 3057 639 5461 313 8308 7715 154 326 2064 6769 4170 5385 221 7699 248 447 4557 9133 6855 5240 7223 9194 7147 1793 8022 7976 1705 5882 4296 9484 5524 3741 3328 9506 1939 5343 7919 3263 4288 4066 6178 7217 2475 479 1066 8179 181 9583 3943 5416 7539 4308
1843 3562 6287 1 8757 9556 4137 1136 1482 8824 2688 3675 7815 4087 4049 643 8393 71 4102 7724 6121 5052 2572 6028 3073 7816 1096 9038 73 8302 6716 7405 8641 9355 6832 131 6291 7870 7003 9410 6844 6755 3633 9561 8084 3770 4623 6825 7521 2289 9234 9434 6065 2319 4298 6442 7685 8224 7822 6080 4610 9061 8879 7992 1998 1310 6264 9091 7243 1124 3630 4798 5937 9557 6013 6238 216 4103 989 7286 7393 5127 7705 8828 2913 1981 9445 2104 7844 3144 9518 1961 4142 8594 7005 2065
9501 2481 2317 4860 653 2274 3848 1302 8330 6969 4975 5629 1520 2962 4721 1665 5364 3446 2698 9431 294 6138 126 1299 8800 4922 2185 905 2713 1743 5545 8455 4303 1878 277 2553 3197 726 4163 2881 7735 6484 3947 5997 4035 2899 8510 9345 6397 8046 9460 8709 5500 4952 4486 7326 6540 8676 8457 2059 7430 3010 9169 9570 9412 1202 6096 3918 6143 7834 9261 6882 6479 3126 9013 8860 9360 1192 2221 8647 6862 4399 4313 1977 6134 6579 1088 6263 5797 3619 3555 2888 2795 2653 2681 8420
8723 2072 5069 1701 7707 8683 4395 8072 4464 3021 8253 511 6026 3771 1154 432 3951 4126 7981 5264 2168 6186 9274 2279 2972 9121 3099 9123 5577 1132 5548 6703 9311 2889 2706 2060 6205 3259 5868 5538 9384 7821 8813 8419 3802 6554 6249 7701 431 7186 6861 4193 3095 5257 2699 481 6605 943 706 4159 1203 9459 2917 4733 5432 2641 6087 8113 7372 7351 7446 2695 1416 9514 7651 4848 6551 7332 5339 2720 5311 9404 3925 6248 311 1214 2935 5988 7198 5215 498 5697 8312 2994 1648 9191
9387 324 7125 2990 3145 8917 4687 5219 7440 8355 4139 5216 9035 9485 3997 7846 3528 6351 2682 7079 5337 357 4357 7004 8781 5858 4350 1959 7792 5865 5831 2026 8166 4503 2861 8259 2672 2483 6564 6398 5515 4391 1630 9287 6465 2373 3153 6646 6658 7362 6424 613 2487 2585 4816 4671 8201 3524 578 6565 7977 8980 336 5510 7928 1330 6310 3607 6055 5412 6523 7141 5622 4104 2021 8158 1560 7050 1001 4136 5874 7400 7028 845 890 590 7752 5798 2554 2658 1964 595 5617 7559 4590 1602
2094 8849 3730 112 1996 6906 9188 9300 2860 1511 9492 1427 5305 22 5228 4998 3264 6864 7742 4858 1789 9196 7889 6406 2128 1378 5163 7221 3725 265 3556 5876 1826 7236 8386 7642 9002 1268 377 3600 892 5857 6012 5417 8432 4026 3534 8949 369 6971 345 3274 1678 7882 2727 8099 5494 9388 4489 7411 8496 8656 961 5346 5835 8580 9020 2062 5333 6786 4329 4410 2305 4409 1829 502 7418 351 8659 3087 1279 4345 148 980 9420 3835 9269 275 1419 435 2582 3272 4483 3971 5361 8904
5091 9192 9181 533 6950 6638 1031 4720 2108 5866 7526 7409 9309 5092 8913 1864 7878 6656 3959 8221 295 4070 8509 7614 4902 3533 7194 6212 8385 7200 2145 6260 2629 2270 3801 4995 3881 875 3011 3762 5013 3599 1002 8361 12 9346 2971 6922 8736 7187 9161 8079 8381 335 5055 669 7274 5062 8624 3511 4618 7578 2340 2248 9367 5570 8360 8453 6640 9154 8855 1467 1794 43 9504 9146 6648 3880 3786 7267 3436 771 2201 394 687 3961 8054 8691 525 2542 2986 8439 7609 8944 7929 5134
4107 640 5814 2855 6654 8141 7517 6348 1107 9379 3314 329 9364 1196 4293 6023 5034 6590 1809 7600 2548 3747 7933 4449 7265 7693 7257 2875 8939 1479 8727 7211 47 222 1216 9325 1231 5573 1841 3703 3413 1445 1804 9372 312 8107 1600 8535 1020 881 7508 3361 6453 347 2455 8124 8755 2633 5017 3291 9401 4643 2621 5180 6020 1262 179 7188 516 3732 1461 3865 1837 4426 5624 9129 8477 6474 6244 4203 5828 8668 1050 1618 419 7549 7536 9486 5615 7513 2310 760 4711 4749 4611 5083
7356 8192 1815 6266 6549 8890 1047 6913 4850 2451 8512 9415 560 6850 1306 6608 317 5560 3355 9122 18 151 8982 5901 7297 7682 2919 6720 1937 249 3690 7472 5285 4287 9551 5693 7220 6990 9582 5690 1644 5644 3230 8888 6872 9567 8908 4279 6228 1019 1361 8104 6705 8867 4969 116 7510 6488 5631 4854 8149 3684 4972 5539 6954 5072 4476 8792 8763 808 3756 7655 6469 4029 9317 6927 381 587 8967 5186 3872 2430 6688 3290 4640 1661 6103 1643 797 1045 1392 7329 1271 614 9278 1350
6222 6698 6754 2349 9164 3794 6914 2431 6059 6271 7668 5089 8315 1101 4923 5136 9394 7732 6003 2959 9213 6976 7103 3007 7416 4336 691 858 3751 7985 396 5160 6235 809 7271 7355 8274 9029 2711 7462 3112 7757 8443 7484 7963 2978 9303 8978 2259 4396 5373 6234 1709 4435 6730 7110 5422 2655 7140 7158 8747 7129 9533 7252 4759 8086 205 4710 816 4390 1084 6823 8629 7607 5909 7851 3479 1865 6575 7469 655 7173 5194 2496 4470 1118 8428 4182 8817 2859 4663 8922 5683 4893 8663 621
6751 4934 2838 1323 3574 5593 7397 5313 3466 592 8183 878 8065 7439 5031 8563 434 3655 5968 3664 1984 9503 32 4594 3831 8591 4845 4008 8380 9543 1251 6577 2845 2540 9594 7861 6082 2505 2822 5006 9263 2566 7196 1947 8660 364 5896 1236 2332 1298 7360 6530 9095 4368 9439 3680 6325 5155 3094 8058 3746 9429 2866 6894 1206 3421 7045 6764 4509 3305 5014 5656 3913 5827 6570 9590 1578 8460 6859 2157 104 3239 1435 1439 3356 1717 8584 2352 4309 4167 598 2887 3041 4668 4551 5552
8863 5166 5319 4605 279 6009 7080 8553 8233 5712 5871 9171 7518 5217 2471 8529 7197 779 8254 9351 2781 7843 1254 2344 301 5799 631 3388 6126 4650 747 1484 120 7936 4788 4602 2575 388 5745 6063 9187 5040 8565 7947 8744 9206 6669 7307 2784 5426 239 5757 8884 2737 5236 2360 1207 3027 3478 26 822 7014 223 9292 3866 7262 2714 4048 9299 5133 7898 580 5429 524 5012 5002 6822 1314 5314 3945 7435 708 7323 6875 217 8933 8123 548 648 3909 9385 5885 9073 1631 3707 247
4821 6355 5175 7339 5284 6960 1371 5025 9472 7052 6173 8195 7833 6606 7011 9424 8631 8658 9028 111 6417 2507 1851 7772 7425 9527 2979 5463 793 532 7337 4386 9369 9101 1811 9545 7799 1785 2040 5275 2075 8469 4599 700 6991 8352 3304 1015 6312 3346 8028 7698 3759 5054 4742 3458 7000 8488 6801 3085 1647 5096 3208 1405 2427 8319 3694 6987 9358 3433 3086 3402 7745 8228 8324 4340 6047 1406 7949 8844 152 7704 3360 7264 9143 6368 7480 2202 5625 6123 306 4786 2447 4810 7291 7678
1621 4994 5894 3385 7836 9348 8703 5456 8260 5996 2013 5396 5353 5123 2278 9017 4173 2222 6518 6609 1172 4052 7680 8868 1722 5601 1496 6270 3963 2132 356 7144 1640 6074 3405 5374 5674 657 3808 257 2027 1890 8834 4178 894 9488 6298 5225 9316 6413 1761 3933 2535 3895 2625 2367 446 3457 5998 5756 4589 534 6828 4868 3190 3709 8856 3025 8491 7569 119 4238 9511 9128 2502 6807 5587 3837 1450 444 4988 1797 1552 6450 3560 6588 480 7635 7002 8959 2017 7987 7849 4380 3905 5492
5551 4932 6879 9304 1658 7907 2087 4658 1549 8359 4084 1398 8636 136 2915 8680 3425 833 5762 425 5336 9531 1752 1853 2399 7033 7215 500 4865 6172 6539 2258 8592 7114 5482 1783 5048 2063 2446 476 44 5953 213 9107 1463 6787 1636 9349 2763 3091 7751 7391 3292 8741 8127 7728 2176 2453 3507 4516 5474 2835 4152 7043 2439 5634 5792 80 1867 5749 9119 4285 8014 7250 7916 6220 4914 6130 5408 8628 4430 156 7422 7453 7324 9469 8442 4058 2530 6206 6485 1625 8490 470 8340 9116
8841 702 7749 4685 5686 5604 7266 6165 8608 8739 6493 4442 8977 9555 5663 1666 7632 4324 5806 526 271 5253 5466 6463 6043 559 7294 1551 5916 2376 4144 5848 1605 6652 1623 5995 3813 6817 8282 2160 1637 7645 2347 936 4268 8893 1410 4582 168 6127 246 2346 7151 3708 7476 4770 215 5942 1788 280 88 3477 3626 6105 5562 5728 3266 3341 287 3001 8511 7623 978 3163 8586 2991 7066 7865 4056 605 7738 7389 7021 5060 9376 9291 5898 2661 6464 2923 714 3399 612 2608 2760 1383
8061 5016 9489 4773 7328 5189 4348 8085 5102 9109 8935 5981 9587 8501 8985 6017 3255 9015 8925 5967 7495 1958 42 2428 6295 6513 5652 3059 5022 8962 2492 3772 2244 8853 176 8050 3832 5853 5323 1619 6630 3546 5886 968 5975 6939 6257 5662 269 2041 2593 5863 8336 348 1373 3070 7357 9339 7069 1060 9578 7123 8971 3179 4853 2596 8657 7538 7007 8194 7100 2577 2662 3036 1123 5293 996 9321 2263 4622 5855 5341 3901 2885 6125 4713 9432 5917 5288 6347 3551 5843 6154 5534 5987 3340
5082 6547 7854 1909 9519 3109 9428 2960 762 9052 6980 1128 7419 7374 2378 1987 90 1942 8616 5124 4560 8326 2042 8635 2865 2391 6738 8366 1525 7161 3784 3878 8247 5569 3666 4020 2388 6057 8807 880 3325 1899 3106 3410 5171 8305 6316 9036 6326 4993 137 873 5214 3371 2000 3988 5135 5734 3618 2086 6376 1222 9307 909 1175 5367 5553 1200 8870 8955 4418 1771 2338 5340 4877 8665 473 2703 9500 41 5576 8945 5242 3311 5117 3871 6878 3935 5555 37 8549 227 3420 4417 3939 6107
6362 8494 3120 1189 8796 6600 2970 406 6826 8333 5149 3152 1911 6984 955 2234 4892 2049 7573 3860 3776 7535 7670 483 2534 3850 2898 2690 9130 8379 2697 8468 6483 9419 5818 9043 4004 2420 5811 1902 309 3593 9496 6812 2948 139 5976 993 3377 2223 4684 8969 5707 1609 4254 1226 7910 7441 814 7169 8992 3989 8937 8394 8729 1632 1182 8556 2607 1213 1307 2099 6497 291 1662 1755 8209 5566 4333 1997 89 4930 3688 1097 3134 1429 4752 8306 2155 288 4233 9157 134 4661 6733 4795
29 8373 5796 6084 686 7938 8176 5118 1436 5378 6352 2723 2095 2916 7823 4875 8606 203 5774 7128 6664 1917 3734 6888 4772 960 8255 4791 3217 7369 5752 1818 8687 6024 6504 9512 2375 8275 8829 3220 3987 1042 8278 824 8965 5320 4543 2537 7127 1563 7239 273 7237 5452 8429 4013 4758 8526 6004 98 2906 5386 1165 2930 8811 1698 8582 5951 7729 5628 6627 3841 8951 7285 6675 6574 7804 765 4537 9099 5914 2081 7555 4074 8163 3107 5200 7931 4007 6700 7797 8080 7545 5748 4946 1004
4836 9598 7111 6666 491 8111 6586 9592 4639 3055 5580 8094 1374 7969 6731 3321 6555 5703 4356 8572 4177 7921 2015 1409 829 8049 782 4544 9120 635 6071 7957 6736 6775 2110 6162 6262 7336 5004 7366 5904 7470 103 1504 4478 7758 8171 7150 4115 6841 7625 3645 3267 1499 4222 3752 4645 6515 7835 8738 97 3198 810 5473 1570 1603 2529 9569 4825 8261 6521 4415 1126 6992 2836 1918 9532 8042 3731 3764 4564 5125 3919 6594 5572 6498 832 4894 5805 7983 3316 9396 7347 8062 1651 6644
9392 6908 3297 5817 6765 2517 142 4838 384 1700 1903 2189 230 4828 9421 8983 6297 9064 6986 5098 8190 4328 8734 770 7105 4042 4088 9005 8532 4228 6685 4140 2536 6552 611 974 1513 6476 5115 6095 8823 9227 4393 3893 2680 2674 2538 2183 8682 5733 7479 3251 1071 8692 8052 8840 3923 9236 1487 8264 1659 6944 7669 3131 1332 96 1142 8391 4422 1359 4213 1082 6718 7674 2556 2663 3807 4259 4146 6851 2203 5720 7551 5317 6209 60 2196 7226 963 674 7862 515 8335 9136 6510 3789
6030 4114 5338 9413 4548 2555 3948 9210 4207 2746 8 9553 5540 4683 794 5880 4844 2847 4859 3953 9580 1275 6802 8627 7571 9452 4129 3974 7994 8279 1414 7542 3142 1250 3605 2927 3965 3627 4431 6085 7643 7832 3172 3526 6170 7563 5910 5458 1355 8835 1974 5116 4106 1051 2598 5980 5821 6907 1412 1966 5684 3904 7511 4958 5490 4832 3052 4461 8156 4882 3521 2025 2586 3054 947 5530 8091 5820 5778 9340 278 9502 144 2856 333 9156 3506 6898 5639 8520 4405 4615 457 6437 8670 607
1403 1502 5921 7075 4022 6917 4505 3090 628 8537 6639 3295 6734 1615 5023 2891 5881 1455 2985 6589 4034 3354 8772 39 6657 4646 3240 9417 4414 2904 7222 3646 7690 2463 1769 5112 2659 932 1782 6416 8914 6277 3897 4006 7281 6948 1592 5763 4400 3452 1430 6925 7504 3721 2509 9467 9542 138 2946 9573 3406 7398 3894 5695 5487 6136 5400 3244 4613 5147 7791 127 8225 3941 3033 6449 6067 4127 6361 2777 5035 8067 3503 8252 1420 2893 3656 4092 7037 4239 3474 1139 879 6159 3663 9282
4561 3014 1266 8202 4 472 4214 5592 7090 6073 6503 7048 5990 1036 7516 7070 1178 4984 840 6602 5015 5608 9323 8283 5289 510 5971 7166 8328 5666 2482 2740 1732 1946 7375 7734 8211 4591 264 3739 5427 2150 7667 4855 2088 4979 9530 853 6280 3640 7777 6612 7671 352 5575 233 3140 8562 7401 6 6452 8318 5169 1243 3922 5991 3954 7058 3673 382 5486 1062 7515 8508 4134 6400 9591 7599 1384 6958 2180 7912 1507 6336 7710 7806 5419 5650 923 6839 9508 9033 7031 2728 3975 5812
4427 713 5352 2867 4626 4852 7990 4744 911 2816 6642 1347 677 3 983 7702 8554 2581 825 9298 5067 51 843 4630 6998 4064 2668 2397 2215 9365 4831 1923 6746 5807 9354 1264 3644 5842 6111 7022 1284 4823 2318 7954 4001 9098 8619 8265 9378 3775 4490 4576 6459 1922 2329 9584 2456 3149 6081 9585 895 8886 3219 9069 846 417 327 1838 5547 9049 7471 2199 5222 5672 354 5738 5058 2181 7514 6061 6050 7561 9456 5717 7930 193 3839 8602 1329 466 1881 2328 3728 2038 3194 8365
2251 8369 6041 7255 7523 874 9170 1201 7190 100 9393 7154 5633 7923 5245 4277 7359 5531 290 3810 7675 1735 597 6407 7972 6947 6792 527 5239 1824 3017 716 8132 7459 1048 6728 5902 2184 2156 9 8009 146 2171 3639 3192 8791 2029 4282 5754 1388 942 2170 3773 1396 3460 1059 2031 6774 2365 7177 2239 4779 1456 7934 8075 5161 3758 9124 1229 6301 8497 1583 3223 508 2011 5056 8579 9084 2821 7013 6259 3400 7946 2514 573 5081 2953 1318 1074 1855 3505 8779 4311 6340 3432 4258
1721 7606 8921 1218 3351 4246 4315 745 4949 6582 3942 1294 8240 2704 5448 8071 1646 7540 3900 917 7626 2294 8923 3596 1187 1986 4907 6682 1490 226 8892 6330 823 8839 5636 4792 6886 76 8838 3610 8897 4009 3978 1147 9231 5588 9565 6829 130 4377 6230 9297 5704 8341 6557 836 2417 4768 7390 6122 7653 3301 9182 6486 2552 7216 2236 2884 6748 9414 1891 7415 6426 1591 553 5586 788 5104 3323 8928 6115 6661 4662 5637 8625 8590 1857 8899 1080 8722 3742 9092 1547 9189 1100 1608
4954 3386 6962 9443 9423 9528 8377 8112 8486 5356 9597 5221 1387 5449 2113 7120 6267 2051 4452 3647 7172 3148 1278 7306 7499 7519 8679 7312 391 5537 6275 8577 8564 5366 1348 8911 5187 5 4636 1489 9014 8527 4000 3527 8131 4248 7656 976 9267 3879 1349 3496 3441 4849 1152 2863 8649 1649 3830 8809 2802 7937 8728 3870 8337 8425 6903 3584 7673 6439 7884 718 855 9330 3307 4895 2912 315 1692 8441 5883 784 8910 1321 3395 1812 4335 9579 1273 8353 2693 8414 2813 6283 9100 8269
6306 4215 1731 9513 6982 4886 4337 2702 8165 903 9324 4304 7746 2837 7030 3350 1068 3342 6904 3318 3299 4908 755 1921 1873 733 3347 5736 8480 6224 3038 4450 570 7227 4119 509 2477 5164 4579 7624 6466 5597 8561 372 8784 2014 5181 9284 3681 7436 5926 6633 7856 4184 3541 969 2652 4800 8331 665 735 1880 9301 4135 2262 4093 3515 3535 5334 5357 2468 9520 633 1762 8531 4540 4627 8681 9430 2717 3908 7501 2137 8181 4782 5003 8621 7228 6337 8995 4558 9197 9019 289 2499 4741
1823 366 8472 7298 1555 6936 3122 7377 4847 2211 2434 3236 7567 1514 1500 3101 6034 5584 8466 736 9377 4037 4495 9380 4797 906 2303 210 1904 5042 1457 8372 7134 1858 8182 7273 7764 6307 3565 6932 6068 1401 1914 6920 4171 6750 6458 5138 9308 2512 34 1685 1356 6198 1537 8626 1628 1098 5259 8047 5946 4804 3698 2050 603 8678 4165 9195 3243 3165 6773 2493 5410 3024 1013 2267 4871 5813 7466 3571 6899 7914 5673 6290 7726 2950 4647 4331 5173 5824 4796 4659 93 8411 4283 8034
6831 9225 1114 8654 8073 5403 1681 1898 9576 7986 8847 115 9037 4253 1421 1635 675 3302 1767 1641 9220 8578 7065 1286 4488 6114 5559 795 929 2002 520 8882 9252 6883 1882 7795 3761 1475 7652 3339 2732 2462 7191 6051 2498 5483 8070 4985 624 1102 6966 2351 4055 1133 953 3334 2158 7641 5174 8746 856 2377 4874 6447 5635 4267 2976 6933 5010 697 9295 7077 1119 8288 5262 6207 741 6309 6327 2524 593 2567 214 7533 7579 3687 9151 7012 2574 9566 9160 1110 2172 1304 2224 3030
461 450 3861 4553 3757 2246 2217 3885 477 4265 6315 4910 321 6133 1775 1161 6739 2686 4094 464 2357 8011 2106 3242 4541 3967 1893 8764 2794 6440 5766 3949 1840 5600 1303 9470 7528 7095 3995 6629 4672 4512 7160 1508 4274 4346 6392 3254 7593 1955 3079 4404 799 2458 4247 610 1293 5481 2403 6062 5935 6667 219 9235 3740 1559 2250 8126 6516 5859 8023 2392 3284 6512 9247 5421 4389 1364 241 4216 1184 3785 6674 3960 9546 9483 642 2722 8101 8702 7649 4588 3111 7210 1727 6660
1753 4352 4439 1557 6045 2233 4652 3774 8825 4019 8518 8116 1453 7192 4105 5711 5177 893 1040 1655 1258 1745 261 1624 4706 496 4951 3378 5908 7340 5730 6611 1113 3791 2588 2684 802 3367 2787 6364 9275 7109 2039 2154 9250 925 15 8637 1241 3744 285 7975 8162 236 5888 2396 8074 4941 7845 3497 8476 7189 6149 4353 9254 150 9558 1805 363 9475 8544 2934 3065 7331 937 8598 5270 5411 3952 3958 1535 4987 3659 586 2609 7099 4870 7554 1999 4824 5929 7915 6572 7283 250 549
7358 1023 565 2125 869 6460 769 1938 4761 2981 7071 7433 544 8954 428 7811 1141 7962 4236 3428 4827 6171 7637 4073 6305 4388 9165 3985 9259 6314 8323 422 1344 3467 129 4492 6254 7776 4570 3387 1493 339 5793 1089 2036 125 5879 5583 3682 1320 4869 5612 914 3252 2043 1888 3306 6039 4242 6145 8633 4378 4301 5086 8782 8040 3136 6506 6418 4669 7868 8948 8095 3568 6405 7287 7966 3158 4737 2749 6083 3308 2226 7121 8740 5705 704 1754 7980 4507 1978 1526 4459 5321 7182 1687
2500 8407 2873 4956 8350 8096 1193 839 7820 5406 4664 5213 2823 2144 5567 6010 4931 6842 3139 2945 5963 3931 5623 343 7874 4811 8122 5710 5502 1339 5927 2034 3005 8454 6596 8653 3029 7621 7785 452 9446 1814 3753 6580 9390 7053 3672 9088 4118 9426 5184 407 4256 6740 5209 9491 6671 3716 1724 6261 3653 6436 9131 8831 7023 1830 3430 3512 441 4833 7591 5027 7019 6790 4128 7148 4407 7814 3812 3062 1305 2409 4164 5129 3023 9081 1683 1422 1376 8620 6942 7367 9438 4641 6840 1714
3598 3595 4436 8118 945 2325 9244 66 3448 7943 9338 8674 7456 8397 1053 4955 2747 3834 891 5324 740 3649 8898 8576 4819 2967 7207 3277 7661 2532 135 3166 6784 7802 416 743 4466 4148 6423 1930 3394 2618 8961 5435 378 3233 9134 8902 9003 2287 1711 9510 730 2800 1846 2398 901 547 2459 7691 175 7497 2444 196 5008 2748 4514 4725 6742 5265 4221 14 9586 3592 2858 9085 870 7454 2725 4157 8368 6019 2418 94 5664 7648 2560 7310 8845 8304 5718 1462 3691 2667 1702 9148
6007 7955 8707 1016 7353 1877 6834 4846 7016 3133 5829 2387 8693 9534 3874 3790 1988 7330 8463 2371 6005 6929 1772 7731 528 1056 6360 2073 8871 3938 1464 4227 9103 5204 6536 7371 6694 5590 2179 2238 7805 8053 5059 4510 1622 7598 7475 3884 9047 690 920 412 8926 8461 427 8175 5844 260 2792 804 4413 7888 1380 9333 5399 6799 2052 3973 3611 6236 815 1763 6415 9232 6189 4927 9305 3966 3159 7407 6491 7203 6760 8064 1887 9341 7246 8180 1185 1792 8865 296 3438 8571 9246 6618
7373 9219 1220 8700 4169 4235 2647 7458 1736 188 4575 7787 7633 2497 4692 6763 3357 1446 6874 1249 332 723 5073 7272 5701 4068 4044 1800 4016 4158 2752 9524 9158 4261 6696 8205 2316 584 7251 3566 817 2742 4769 397 4424 8805 2759 8081 6338 2897 2515 2061 4554 2654 6152 3104 331 3912 7662 4280 8730 2207 5729 5258 7631 2595 8263 7027 3722 8981 912 7376 1518 5349 8953 5691 2798 4381 8281 6877 2589 4531 519 7315 462 898 5304 8726 4566 9257 9198 3487 5688 627 5297 3490
2053 2407 2862 4655 449 2266 9276 8121 7867 3957 153 4445 3858 9336 9140 6508 8300 1542 2255 9448 4597 4502 6174 297 8231 6031 1061 6282 8446 5152 8268 3665 173 3419 8833 1953 252 4918 5329 1816 5132 7741 2504 999 3671 9152 1992 5462 8280 482 1972 4562 1573 6683 6396 2162 4924 3934 5280 3695 4679 8891 3920 503 2293 316 3491 2984 7706 5939 5414 5050 9243 2272 3623 9212 2390 6895 6373 9186 3281 2941 5295 3792 6278 7988 1933 4199 3320 8596 2020 6615 3875 670 5407 4542
2085 9361 9050 200 5302 4120 9529 36 1465 1340 3353 1125 1003 935 4921 2192 172 7840 9318 8154 754 6428 8505 2874 7434 5488 8027 8756 4521 2551 5574 8298 9499 8413 54 9249 3270 6434 1104 859 7032 147 8026 1228 2762 2457 1444 5235 2298 1533 8412 7284 3677 5715 6472 4341 5438 6970 7341 2362 7965 5744 2824 6109 6576 4625 3857 7529 1341 2676 2225 5392 9063 8597 8989 4419 3564 9021 2922 9290 8559 2683 8267 9574 2782 2561 5727 1907 9055 3362 4574 3930 602 7847 8919 2635
7703 9544 5157 1766 2074 8314 6757 494 5930 1194 409 1836 4739 4275 6118 2135 1176 6759 2165 4440 1883 2448 1204 6910 6567 8851 1235 102 6116 1256 7349 3714 1777 3373 7241 4053 430 408 5737 6300 1224 5719 1587 1750 8374 2590 1390 5347 2543 1052 4890 4003 6934 4168 3692 6820 9344 8558 3184 8325 6108 1054 5047 4434 8950 552 8418 8932 7067 1675 3451 4876 5478 5884 6585 8761 1351 7235 9480 4255 1723 8655 2809 798 8444 5263 478 2624 8208 6821 4963 2570 4735 1817 6409 694
5459 8436 8936 6601 3381 4997 551 2775 6597 8589 9108 8343 885 7368 7026 7819 8019 6018 790 2622 6457 1780 3868 3047 1505 2973 6394 7525 8506 1991 4723 7320 4460 852 991 7560 302 8776 9203 4269 4550 2997 6651 6269 1116 8966 2280 1208 9090 6058 4010 3748 5146 2882 7640 2769 5246 3072 658 1861 4364 4325 8387 939 4805 338 4703 3780 6905 1905 6858 1606 5229 2386 1530 4316 1803 6846 7730 512 3368 2047 820 3026 8119 8384 5507 9238 184 6614 4889 4913 6383 8271 9327 8604
3723 8996 7548 2671 8731 3324 6070 1385 3209 2169 617 3174 4920 7081 4504 5241 8906 8542 8448 5518 3617 5000 2345 896 9370 7170 5503 5878 4600 7245 4416 1296 6390 972 5867 1791 6571 7568 8669 8499 3635 8483 1733 2252 1790 27 383 5512 529 2048 6274 6389 7040 2322 2853 1720 2709 7338 5724 772 4500 5247 5721 550 3178 1477 2523 8174 6833 4498 5605 5110 3658 8999 4374 9471 6167 4578 4384 1613 1483 3096 4124 9402 6715 2271 7827 1910 6885 9458 2573 5029 8032 2177 8861 328
4469 4021 6668 1485 9416 2415 6006 2936 7762 1728 4437 4808 6781 5390 8797 1008 9589 3514 117 3258 3329 155 133 6160 3249 1684 334 4028 6311 7275 6897 7133 6441 4624 3651 9204 7723 4220 9208 268 536 109 1230 6353 64 902 7512 83 4451 5377 9105 5444 5254 4651 721 485 4789 8952 2549 1585 3444 1029 169 2213 6796 1169 8930 5260 7881 5238 1227 6783 6795 8816 6981 844 7116 403 5001 5804 9012 8931 3137 8216 681 5546 8808 5969 1896 982 4964 6511 995 1232 8222 9482
1718 1174 8998 5732 3531 2597 6419 2519 3370 8198 8134 3189 2920 7174 3824 2627 5113 8405 2134 4302 9087 2814 7288 3123 159 6333 4123 6997 6402 7394 4653 2218 4097 8645 9279 4604 6706 7828 672 2306 5290 5261 7825 8970 1043 3232 805 7445 6745 3298 692 3696 5268 4150 3704 4888 6445 1155 7552 2694 6487 2116 688 561 9461 1326 7018 4675 5491 3426 6900 1362 6245 6849 1876 6011 8102 6328 379 4826 3944 2464 8661 8618 9265 4358 4493 8743 9114 6358 1712 4787 1626 8694 3504 1747
4496 8227 4365 1448 9010 5681 242 886 4300 3590 2803 7534 6573 9207 2521 5836 1404 5303 2235 2300 5780 232 8947 3778 7570 5687 31 2587 9453 5300 1901 5342 4851 1610 3537 1022 5525 140 9075 1301 1564 3577 2372 8603 5682 9176 6211 198 6382 6717 2308 6891 8830 6819 1787 2993 3838 3037 5508 5713 4183 5470 5145 8735 576 7350 6809 8905 424 6363 9464 5250 8560 5101 7842 8138 3701 6621 9218 3996 5097 2084 7766 8688 4883 4212 2304 4935 2055 1925 4965 2840 8037 752 9449 965
1343 910 3712 3398 8684 4117 6192 3693 1342 8651 7361 6779 4718 1561 2616 4051 5191 5144 4373 186 2660 2082 7906 1440 6737 4556 9008 6313 8642 1360 2614 563 68 2438 5961 2143 6180 3396 8199 1049 6892 5276 8440 3652 5065 3064 9596 4674 6021 4138 2940 314 4200 8513 8857 353 9593 439 5380 4755 5192 9266 2410 6538 4366 6367 3926 9277 9455 507 4110 3384 8089 9094 2829 8718 7086 9051 8929 6060 304 1263 8348 6938 2914 683 1331 930 1827 3916 2715 3335 8539 8530 1497 6075
1597 2789 1379 1973 5606 5520 944 1315 6208 7650 7775 7234 3088 3401 8588 4063 8610 8500 4586 3288 848 1565 7727 1734 2174 7142 2227 1292 8219 2718 8005 4155 6532 4273 8573 2766 1871 1757 2610 1476 9494 1093 4656 6679 8140 8711 7254 785 8068 8502 1162 5142 1798 4695 2525 7507 4863 8256 9222 7238 2019 8346 1807 8139 9273 9498 6090 8170 1764 5441 4387 6317 7119 8593 9541 1188 7695 2511 6918 1773 8217 664 8769 2393 4018 2326 4367 2241 2646 2651 1327 1554 5330 5887 9481 6676
7951 4670 2743 9201 531 5915 4974 3216 4411 7612 8206 1153 209 645 1149 3195 2559 2491 4843 2044 2142 938 5398 1163 650 2831 1916 3068 3338 7754 3603 2591 7343 7132 1146 7494 5851 581 3679 543 33 3763 4900 2982 2503 8762 274 1005 8044 6322 6752 8342 2565 2033 3749 3332 3063 3464 7131 141 3689 2309 6901 5694 1454 3098 75 2750 5647 8114 7316 2636 7076 6785 8320 887 1265 6631 5607 4360 118 9190 3237 6371 2842 7295 4596 6798 8063 8006 606 6176 933 6641 9163 6622
1975 3911 7860 7488 208 6166 4529 228 8273 1407 5877 5731 2626 7646 6561 9086 3576 7813 8993 5475 7327 3374 7253 1726 2522 9057 283 5395 2421 850 1221 322 9350 7647 7709 3573 8404 3235 2068 981 8874 4872 728 1086 1426 2079 5497 5437 1078 5839 6777 6687 2541 1191 1269 3155 4996 4271 1297 3434 7556 8646 4812 4402 4025 1906 6749 6191 5384 5094 2649 8069 7313 1521 4349 2296 5037 7263 5783 4154 5702 6911 6343 3212 4757 4027 7739 7592 1085 8232 3724 3538 7008 4771 7319 1148
8383 3869 1105 6677 1391 8299 8229 5011 2381 2335 7455 684 3256 8018 1967 1282 81 4698 101 4977 1599 583 2206 8705 1238 1170 8885 2638 4986 3733 9535 5771 6221 4406 7747 3499 8819 6824 8155 2901 5299 4226 2571 6132 7225 1538 4629 5911 2361 8916 4971 931 5750 1081 7941 4465 6256 834 4385 3736 3844 395 3319 3265 8479 9462 3735 6559 9440 4071 6210 6563 3492 1572 3213 3110 632 2166 6288 1122 362 4383 6345 3031 488 9153 371 292 7138 5669 2963 7866 199 703 5103 2924
3727 1248 9059 1957 7258 5875 6303 8251 773 5940 8569 1397 2295 4091 8793 132 2416 568 2232 5306 8975 1715 3486 3187 2877 7872 5167 8721 6233 707 7483 6672 6064 8185 8775 575 796 3437 1852 1960 4601 3710 201 6056 3602 4272 108 5266 3494 10 2470 2827 1737 1333 6887 5594 2544 3191 4829 7541 458 7771 8773 6593 1995 3745 4856 8410 5273 1225 177 5043 7859 8749 6384 9409 7974 2811 2931 9465 9139 9335 7999 5331 4953 8548 4210 8786 1834 2245 8076 3248 6528 2164 6599 5801
2806 8815 7183 3067 8415 72 9009 9224 414 1215 619 6243 1009 7509 6357 928 6202 8568 2712 8611 9523 8167 5561 2141 2436 5589 689 2937 4024 3404 1434 9127 3876 4940 4046 2188 3642 7403 1400 712 7740 5764 8614 2254 5430 4760 4499 2384 2738 56 501 7532 6805 7877 9071 8168 3937 7575 6231 355 4948 3840 5700 3289 9205 4456 8787 1063 4552 4179 9463 2007 7618 9060 3976 8873 2382 7716 7038 4785 7044 6319 5267 2413 7989 1486 882 841 3358 7826 8115 4701 7385 212 8367 9255
4573 1424 8613 4471 4830 1058 9398 4534 4321 2175 2402 7209 7041 3463 2630 3545 7683 973 4693 5825 4023 266 2366 2705 7478 6015 5307 2488 3154 1575 4223 6444 5434 7492 807 7604 4989 6104 2786 8458 5513 4206 5511 6767 3157 8859 1510 837 6836 5202 3443 2774 922 5445 2003 786 4284 3411 3582 591 1103 4338 1150 6977 3924 8431 1908 6467 8223 2124 5223 2974 4690 9517 2429 1257 5325 8806 6946 9313 3616 3530 5759 6756 6140 4764 742 5312 6989 7091 2825 6265 7794 6079 3668 8000
8887 6033 3475 4180 3676 5692 7918 4113 6227 7544 7564 7808 915 1057 8316 5394 6923 7953 6959 8788 2584 2341 8109 1129 4691 5743 4577 7181 4322 3586 9433 1028 3604 6091 7679 8671 5418 1707 2281 2433 2117 5716 2602 63 8191 8842 5249 2966 5614 5528 4076 211 5761 2264 6002 6175 5621 1472 3559 2480 4712 4680 3667 1983 3185 8376 8487 7318 1519 7289 2395 6088 4631 418 8677 7378 3484 1808 3636 3594 729 6747 3793 5433 6139 7927 1503 8790 7244 1087 3660 8832 106 7296 8364 4815
8848 299 1276 1017 5114 5869 5970 2093 1261 5708 9034 8753 1667 367 1091 4959 4208 3188 913 5699 567 618 7437 4412 3271 2022 1428 9312 161 8760 1703 3468 2330 7803 3597 594 3082 4429 1594 8484 8732 7594 623 8909 783 5517 9174 3303 4981 6187 1822 5648 1751 4750 979 1645 7451 899 6867 8523 693 6837 3641 8812 8895 7913 4525 6853 5668 1109 5495 7932 6762 171 5776 6816 3815 8534 9538 9418 3008 1459 8218 5826 8799 3204 6527 2791 3737 8036 1219 6421 8751 6193 8187 8515
3431 9296 863 2273 9066 2634 6545 6569 8650 7314 3013 5208 6804 8941 7104 5522 3826 5049 8774 263 4250 7195 7917 3250 918 4080 195 3536 541 1677 8110 572 4938 8004 8125 8546 6146 6810 7063 4334 9150 3713 3147 3578 1237 1795 8639 1614 1671 2745 1920 1471 5178 3806 1357 2851 2358 7755 6470 538 5080 5630 3992 4747 1612 3572 2374 9268 6386 9242 2623 5563 3045 6215 7531 57 924 4696 9356 6113 3058 5402 1041 8399 5230 5747 191 5070 2689 4433 8145 8545 1617 6501 4217 8524
680 6884 5618 2032 67 6701 6153 3143 3873 5172 9264 5354 7958 5469 860 6197 3480 9352 3282 1993 1596 2961 7396 1190 959 7681 2849 9478 2819 442 9200 2461 866 4211 6709 8135 7761 6924 440 8481 433 4231 437 5846 2880 4372 6217 3083 3427 9001 7887 7942 4153 4100 6978 4057 3006 2083 5351 6814 8821 2605 5170 5505 7292 6721 6404 4085 1336 456 6029 6719 5278 4121 1083 8292 8356 9343 5659 91 557 1704 2716 5489 8550 956 5923 7665 9294 1515 7829 6953 656 318 4676 6289
6617 3754 0 1971 9118 6094 9062 4403 3717 4421 3269 1431 4039 2229 1994 2848 7636 4266 5506 8136 5660 6613 7229 8430 3890 3061 2771 9550 1682 7909 8301 2632 562 5423 2056 3214 3211 4527 4116 9041 6988 9363 8942 6014 7072 3246 8575 2100 6686 589 2466 1322 2908 8612 2508 206 4899 3567 3816 2599 3797 17 4943 7587 5830 342 7725 3927 8375 7248 8214 6634 373 8416 9373 9328 3609 8605 4944 1949 6791 53 6499 5785 2600 8802 535 5620 9357 1874 2369 2426 1313 4705 5678 3540
8875 9473 6889 6663 3760 6693 436 5158 8266 4980 518 2130 5661 9068 6531 3447 6379 4517 864 719 1962 6921 7603 256 5447 8041 9248 58 9454 3634 6112 6335 5298 5479 185 6393 6993 5753 240 5454 8435 2578 5093 3074 4549 9588 7078 5557 830 9560 7959 8940 6377 3481 1536 1892 1399 1240 6022 6964 8087 7 3202 8403 2312 8184 1223 6049 2024 904 8827 9447 7167 7595 847 1234 2411 3847 421 262 540 6704 3982 3075 3080 1741 2726 9319 792 7611 107 4305 2449 8552 6296 3296
6148 4937 7601 7447 897 6435 5021 8207 6294 3408 5514 6086 2441 7305 734 8215 2733 9245 2321 620 2758 2999 2139 4686 6285 7130 5443 4751 2437 3445 8777 1604 7242 6225 4654 4099 7202 2315 3261 7001 1363 3685 2983 5803 4059 2988 7968 4727 9215 987 5565 6843 5790 9337 8226 5496 3043 2980 5100 3612 8438 4743 1382 7450 6873 9436 7768 1006 6653 7088 4942 7948 5362 5322 3899 1778 178 7527 6177 4533 9011 463 4581 558 4784 3364 7582 7136 1010 4777 6524 9168 6535 5809 3416 5243
5064 1408 8878 3456 225 4678 1117 6541 8010 5379 7302 5455 3970 571 8297 800 1413 4423 1950 4494 7722 6027 2818 8462 6380 7427 122 6533 5368 95 8311 6372 445 8317 3060 6643 3585 1025 6726 7956 2852 921 6553 1522 2832 5332 6038 8934 7950 2269 2484 9329 1801 1492 636 6213 3856 4005 6098 2197 170 6025 1491 5465 2579 7613 1539 5232 3470 9089 5816 1197 2719 9141 2098 8242 7020 678 5282 3849 2394 8008 8715 6636 7101 3955 1393 349 5344 4297 487 2370 5143 3921 2770 1030
582 7759 5153 1820 3591 1437 52 3767 4638 5212 8406 2656 4925 1158 7581 9375 2707 2612 4467 6713 4201 5519 1859 276 6370 8424 8339 926 2408 3380 3352 202 6550 4547 4262 4515 9042 8927 5640 4519 7824 8066 5938 3454 5404 4326 6968 3862 6369 4928 9320 2895 9080 1452 6811 7029 6695 9283 6480 6471 4884 8972 9039 5126 4648 8351 4382 1842 4966 1676 9427 4513 505 9167 2876 8117 5151 2568 546 6069 9407 2957 6477 7124 8030 6252 876 5019 5579 7700 7054 6985 5770 4245 3156 2102
7979 768 1425 2947 1663 2765 9468 164 1245 865 4746 6780 1179 8780 2103 6344 9559 6827 867 8203 1913 1460 2012 1014 851 2528 6770 3262 3048 6556 1033 3588 9226 7062 3053 789 7208 8804 4041 555 2 637 24 7694 6323 6952 1657 6354 5907 4634 776 1627 3326 9031 8035 5108 1516 5030 6880 7342 4617 6072 9422 8157 6250 3508 3382 5107 5767 8234 6100 5585 7880 3940 189 6940 668 1868 3015 4425 8517 2005 5076 7885 4156 4061 7502 8903 2323 7891 3424 2780 2035 1346 4583 8822
380 4192 9102 3046 1806 2977 3375 9166 6414 2339 8290 6495 9281 9145 1670 3631 6620 7869 5795 7783 6935 5309 6793 2958 390 9515 1574 4257 6860 727 2778 4754 59 8239 1156 1211 7876 2611 4083 4524 4327 5972 1919 946 6093 3309 2133 739 7871 4992 3442 1862 400 1335 2348 1897 4736 2243 2153 3883 5782 522 4644 2066 4475 5039 8173 1395 1073 3482 2685 5063 4428 5078 2796 4069 413 6286 6881 8988 426 7925 1186 5638 5292 8289 7769 124 6078 6522 243 8634 6054 5234 3525 2639
3855 237 2942 1253 4082 1680 744 5986 8667 6930 4446 6956 5131 6678 3363 5120 2292 4062 5256 9441 2918 7153 4161 8389 5439 307 2216 8106 6431 4145 1749 2356 3020 722 6692 4482 2389 8258 3743 761 766 8120 835 6835 9366 7663 5467 5655 9522 8048 1180 1267 1531 2383 7973 8197 958 3417 2952 7381 8322 5794 8525 4230 7617 1927 6110 3092 1309 2069 1710 7384 330 7417 6432 2943 7697 5849 9018 2812 2754 6008 267 9595 3081 8685 7620 1247 1140 3161 5808 1277 3414 821 2023 3516
5252 7061 5856 2879 8795 3529 7718 6462 7586 4330 8248 9382 2826 2163 2194 3686 5296 5450 182 9135 9138 1177 1026 1759 564 1324 3643 4454 7352 5150 5746 497 6558 5066 3563 4209 705 660 5156 3429 1288 1501 3412 2008 7406 28 750 8768 5436 6691 2301 2925 3579 7546 7452 3218 8771 9466 3379 3176 2724 6443 8714 270 2111 7628 2109 3278 3882 2839 4536 5870 415 5162 1924 8142 1673 2550 4762 2208 2123 50 8717 6771 8295 7093 6741 8894 826 484 4379 5535 272 6425 6722 3993
8204 5541 8846 1894 4569 1183 4571 7113 1941 8025 3990 6637 616 5255 600 3683 5619 4780 1137 4960 7408 4842 5679 6141 6151 803 9477 4813 2476 7321 4794 8924 6292 6645 8347 6381 21 3817 6284 6179 6529 368 7922 838 2677 5028 737 3670 5071 4109 7431 4474 3049 5211 7810 7720 6548 2878 1744 7793 3854 8213 7429 1936 5226 5651 4961 5675 4444 7892 1438 8551 8958 2617 2178 1729 4936 1291 3260 3828 5948 8313 6308 6568 9286 1562 2808 7290 3518 7711 6216 3981 13 3287 2804 4072
8249 5779 190 8186 6135 3891 2290 3245 7426 5646 7164 5038 5269 8698 3181 5978 5892 8033 3601 6408 7904 9408 5949 6711 4323 1580 3200 2929 1027 5122 7145 3040 7278 1166 7978 4195 662 2018 2277 2253 787 4926 8503 4132 1259 5889 8601 4799 8172 1607 4310 1290 5140 341 5272 8973 5409 1768 3315 2569 6806 5581 5460 8334 5310 3422 6525 8160 4086 8015 5224 1199 5765 1699 3407 4363 8600 7666 758 3500 763 2928 990 2954 9399 8456 3700 7094 3345 3317 7083 1765 6276 4077 282 9315
4729 7812 8459 5822 2195 916 5199 16 1990 163 8329 3135 7268 7784 9516 4162 1488 7448 5405 1334 8398 5993 9334 3991 4441 8244 1012 2333 1164 530 3222 2905 8869 5899 145 5440 4339 5800 1198 8332 5658 4065 1796 2894 3127 3889 6584 1120 9549 7639 2951 2368 8043 577 4873 8421 4835 1634 5890 8408 8161 5568 2645 3550 6203 629 4270 934 9389 7036 4728 6578 4376 405 337 5358 8754 4867 7684 6077 3365 1168 7184 6181 8724 5227 6066 3969 5649 556 7574 7737 3548 2501 1111 5755
320 3330 3517 3998 8778 5925 386 5057 9004 9233 8504 1935 5982 460 1523 2148 7984 6048 1338 5613 1512 1509 1260 443 1776 8986 4546 6665 7046 6052 907 1931 4620 6690 4633 7893 281 3929 6857 5834 3393 3461 4149 1784 4814 6451 2850 5179 813 3359 868 2078 9479 1353 9495 6016 3348 8246 6673 7505 9526 4649 4185 5053 1527 6489 3205 7901 3169 1664 4370 6776 8285 6708 5933 1660 2080 2527 2987 5931 8475 8388 7644 6042 7232 9078 4526 1295 8344 8245 4276 7139 4699 1529 7157 8144
2474 3469 6587 2494 2805 738 1656 5121 8915 49 4681 2673 1498 7580 1889 4532 4983 5989 7212 8362 9442 3542 2401 8287 5554 2670 6537 2992 2028 9209 4468 1869 2657 2404 4485 5999 4559 1810 6232 967 5549 1738 5446 7873 4887 3366 4881 7413 6199 4667 2583 4677 358 9554 6662 7558 7185 8151 889 2209 6378 5376 7282 3827 87 5130 1144 7193 8752 8785 2764 1965 1070 9381 5928 2909 9577 6714 8327 6375 2637 6595 7588 666 6902 9117 8767 8056 6782 8137 2757 4447 4593 988 3435 3132
6251 4017 6124 7279 70 5077 3569 123 3182 4394 7897 174 1870 5847 2159 2058 966 85 9065 4802 5777 504 6475 8570 4181 7163 7801 3606 40 9179 5957 7410 8557 2186 8196 8400 4292 9074 3234 5109 7421 2518 9023 1847 1799 3625 105 38 4332 7055 4012 1369 5903 3781 5391 1072 756 3415 2619 3115 7733 2783 8077 7051 3279 9106 84 3699 5431 7537 1825 8758 659 1159 4722 1940 545 7380 6188 5044 2473 4666 4947 6919 4580 3863 4281 4397 9386 5735 2354 7009 121 4484 753 4702
4480 919 4347 2479 3022 9253 7487 6399 1038 3327 1112 9260 7025 1748 3285 99 6456 8021 9093 7230 6961 4642 8696 3493 3638 2302 3936 5905 7615 5984 4420 9056 3113 8881 6915 46 667 7585 3485 8153 3164 3654 1813 9406 6869 663 7199 6815 4198 1582 3173 6190 235 9425 4568 2107 2363 9076 2152 7524 3117 9342 1145 6194 1774 2140 1872 8097 5786 7798 1468 1389 731 1151 8789 438 9214 7788 325 7010 3845 4905 6142 3114 2118 2284 4778 8447 3539 4719 2580 2938 8235 1345 423 35
3547 1311 1689 1130 3964 2557 5389 300 1691 1328 9599 1417 4567 4756 4252 1550 8473 6366 2324 8129 940 8708 1368 3050 7583 3498 1932 1106 8148 7926 1595 6768 6365 9110 2857 2136 55 7115 1943 4660 1541 9371 3312 7584 8083 2911 389 828 1365 791 6195 2240 5994 6562 8675 7178 5564 3286 5464 3928 3738 8284 3632 2122 4234 2424 2620 3268 8143 9564 7015 7074 732 2785 3116 811 7597 404 4011 4497 2242 3788 3162 6403 2820 1695 1065 2190 3819 4715 143 3293 2729 4912 8766 2643
778 4038 2736 224 1926 8236 4343 3755 3782 4632 3069 7506 651 1844 6163 4879 7482 4481 77 5051 374 6951 3150 1076 1532 6526 7572 1672 2846 3495 1693 588 4716 3207 7991 5451 3028 2965 4197 5739 2313 8567 1524 9240 5318 7017 542 7634 5099 9193 5947 5751 6446 7059 6036 3103 8541 9032 3661 2454 9147 5912 453 1944 1300 7719 6496 4260 8130 1694 5832 2932 4448 8485 7205 3501 5425 7863 3337 4040 9026 748 759 7176 8876 2091 1289 1758 4473 204 7841 5714 2126 5203 128 2563
6974 2828 7779 6427 2701 831 6546 900 5544 6341 48 5864 2261 6854 6560 6255 4619 7293 4839 7404 2256 4598 6983 1781 2969 1544 9096 6725 2205 3170 671 7577 5966 3553 6037 2735 3842 7106 9228 8200 8609 1969 2112 3766 7610 4491 3310 7231 8088 7386 5453 7345 7365 4520 3877 6994 8422 8745 3224 6214 7303 7477 6803 3823 5105 3800 5420 4523 3543 454 7156 4970 5359 2276 6680 9137 6342 2815 3818 8632 634 376 6838 1548 2336 4840 7073 717 7800 3657 4458 4929 7126 3825 3257 3864
492 1386 7530 9126 6164 6239 5919 4968 3946 4714 997 7171 5206 8354 2472 3203 7204 7300 30 7657 5654 3473 6975 4487 2485 92 5084 4731 157 1928 7964 4734 8748 490 2601 1696 8220 1039 3980 7627 7304 5428 574 5009 4857 6847 9149 1571 8007 970 1167 8057 4732 2933 5645 2675 3397 4939 7576 3009 6583 812 7616 1352 5952 2995 7676 162 9450 7428 4635 2265 5328 857 3769 5277 8012 8826 3628 8013 7939 5722 7057 3056 654 1739 9548 5068 3294 949 5611 3544 4172 7790 7781 7654
6928 475 9046 6544 7602 5815 5046 2944 5895 3552 3859 9457 7553 2788 3702 4189 499 9097 4572 2149 4361 2890 7809 5036 9202 7344 1366 8725 6520 7276 695 2311 9571 7159 9217 984 8321 231 5840 451 4962 3129 1786 6461 5955 410 6996 5595 7687 2533 7168 4878 7796 2615 8291 8574 6735 7270 2687 1968 6607 8640 5740 8451 1046 1367 5345 1886 3125 7118 8536 3247 2204 2037 2247 259 3669 8307 1951 9331 6092 2193 3648 180 6324 871 6242 7006 1839 9030 7908 2288 6321 8055 2921 7392
5182 5024 1011 3779 6076 3886 2146 2773 8078 6753 5599 8296 9474 1411 3322 888 7322 6339 1669 1377 9027 8003 7782 4408 1653 6385 8814 9077 6331 8896 7894 5154 1616 3510 2342 1024 8465 4522 5119 725 4186 971 9025 4278 2077 2478 5315 3376 5742 2016 5772 5387 1854 7773 4060 2903 465 4392 323 3476 7686 8188 8238 3226 7143 5632 5369 596 2603 4781 7750 8100 4585 3520 4820 4229 9411 2045 6699 6866 1283 5709 6507 975 3002 4176 305 2151 6963 3089 1970 1558 1037 7218 3829 3483
1686 3906 7102 6813 2834 2419 6032 3039 6845 4067 4033 8177 4237 4318 401 165 2096 2353 8623 1160 5210 6758 9285 7311 1312 11 4002 7256 7082 4472 6281 3077 8854 4101 8850 5504 6237 8706 4861 9024 521 7890 8409 4190 4432 7629 6433 1285 2440 2892 9437 5543 4174 3280 4807 1108 2030 7089 9199 9223 2807 4455 2767 2214 7346 8770 1576 7402 79 3403 5958 757 1478 8638 8382 7388 9183 9006 9125 9383 1143 4032 861 8193 5542 2006 2975 2708 2090 4528 8957 6789 8994 1280 2642 7830
8990 2691 4141 7960 1451 6732 6279 197 420 5529 3729 3821 7498 6848 1963 3887 5271 9547 3798 3851 4314 2700 5159 3199 7175 5286 8495 9563 6697 4976 5768 3349 3962 5657 6097 2871 6454 6182 609 4030 8452 7259 7135 1819 1021 1985 5237 1866 2406 5550 3229 310 255 9162 86 5480 3253 5667 7935 1534 927 8045 2755 3275 2129 4351 5095 8742 2756 6727 1629 4738 5773 4657 8968 8093 5397 1746 6766 5850 780 2843 4545 6623 365 8434 8498 6241 4457 361 7333 3650 2119 3558 5516 308
4957 3917 5723 8991 5183 2423 638 3003 4793 5527 8938 8147 5950 1716 2465 1860 2442 3898 2679 5355 8852 8712 3803 3035 6218 9575 2772 4945 69 194 1473 3071 220 4098 4319 3608 5960 2070 6896 3472 2337 4224 3459 4896 3561 2841 5532 1244 258 7240 238 1494 4219 1138 1821 6945 1443 3034 6223 8695 6229 493 2964 5137 7414 8427 2896 2869 6941 3726 4917 3820 340 4479 7838 6329 3570 2939 149 8672 7474 2460 872 751 4609 8583 5477 1885 8719 5244 1064 6581 6681 8276 4078 1358
1209 8521 2343 4700 6001 7817 3554 3614 1270 5670 1469 6157 7500 8437 5233 6702 7087 7774 4306 8617 3369 1545 5279 2510 4753 192 1242 2275 7035 7961 4508 3168 8607 6089 5924 6299 82 3097 4903 4915 8522 2562 6632 7122 4774 5365 8798 319 3888 19 3674 7382 5788 6219 7112 6931 7848 2998 6346 3105 3795 5388 4621 3956 5665 5781 8686 6395 6592 3768 5198 5610 8880 3241 4043 1589 2996 9537 5274 8720 9490 8963 1171 4096 3637 6246 8538 3018 2640 5558 6890 4834 3273 1092 2768 2797
8345 1590 8164 7206 6455 8528 1135 8020 1442 3796 5965 1075 7423 5079 1770 6226 3783 7335 3811 1121 6649 3004 3629 5301 4218 2989 78 1688 9058 8599 5854 469 715 6137 2291 4973 4665 4904 253 6743 6430 2131 402 818 2833 5643 4933 5335 3620 8152 2678 6744 2182 7299 775 9079 65 5201 3678 4194 1553 4355 350 4191 5372 604 1316 3051 2115 7443 1055 7899 4342 1915 5085 7520 3852 7467 7945 8710 2228 2949 6046 7412 8943 218 3130 4036 5220 3336 4766 7213 2956 6468 2089 1067
6707 4866 6591 2604 3583 4637 4204 2173 7997 9016 1069 2268 992 1875 5326 1205 7387 8103 4726 6429 2955 5920 5789 3231 1593 6794 7920 646 5471 8294 5195 2576 45 6490 7301 8262 3984 3833 8765 4312 5231 1466 8378 7155 6119 5696 1354 6635 4506 2443 5521 5685 5775 7107 3151 3391 957 2776 474 566 1832 3777 7489 9178 9112 7924 1032 7896 7692 696 3765 6492 6505 4090 7493 539 964 7179 854 3221 6102 8293 9280 2432 6320 2644 1679 1633 4202 3118 1079 9322 9048 1077 9177 2220
3715 4682 2731 8128 2101 781 3228 7348 601 5308 3093 4978 1725 3121 8866 7219 8540 5485 3453 7438 5725 2198 5571 4748 6893 2506 4841 1402 2968 6420 6509 5090 4563 5415 1007 7660 7457 9271 5523 7399 4075 3814 6863 8533 8357 448 5087 6334 4919 3706 4290 7998 5698 7770 7068 7261 3450 2631 4608 6200 110 9270 1652 6957 5959 4628 3119 4015 7608 4999 5872 2721 8587 4050 8474 8002 3532 3180 8622 8733 1601 9288 5642 2067 2467 9310 1845 1569 9444 6438 1568 2669 2564 3012 5476 599
6628 6616 9476 9581 8837 1650 8701 2412 3867 9159 6514 4707 8630 9403 8470 5148 2710 5294 7696 3489 6778 6965 8673 9256 393 941 7712 7473 1848 74 1506 6356 4967 5383 8697 411 2046 1319 387 7940 7807 1620 1586 8392 579 6053 5833 8946 7839 1952 8450 5977 4122 6304 8664 4014 4694 2200 6800 8555 5168 5283 4147 2531 2422 6647 8338 3227 9115 392 977 2405 2320 4709 4232 5760 7491 5218 360 5689 7944 1217 6131 1690 7886 8396 4891 1638 3102 1035 4438 3914 4362 8349 4243 1474
4175 4130 5862 1831 626 2734 6258 4518 2594 2613 2092 2314 3128 710 7162 2606 5861 2664 709 537 4045 5934 6183 9111 2249 4530 9497 7837 3622 7152 2526 5578 9368 6350 3439 3196 8212 7092 1884 8889 5207 2147 1274 1584 8858 1577 1375 3016 8478 8690 6912 7967 8801 7760 2299 6603 2334 724 8423 6150 8039 4950 3523 254 3509 2445 8872 7547 3977 8716 4286 7905 9211 8595 9239 701 2650 4763 5291 3276 4538 7047 6689 7522 9185 3720 3283 7461 455 5956 7468 1706 950 948 1879 4909
