99 97
7202 4875 9374 442 8235 230 5189 7374 619 52 5353 7803 3039 703 1467 3977 319 6351 4180 1168 257 1605 354 798 8870 6502 342 7253 8837 3672 3060 5090 7581 8606 1003 5052 7261 7619 5817 5032 6148 8685 4661 3576 9428 5864 6184 4285 482 1696 2023 8569 7272 7146 7768 5203 4755 3268 441 5818 1405 8252 7110 7552 650 8021 1721 383 5351 3964 3058 1030 6355 444 3553 9284 6214 1981 5119 2395 3440 1794 8990 8983 293 7811 2811 5368 4522 6385 3265 3654 8560 5761 5307 7774 7271
6280 2401 5860 7425 53 2622 4053 7600 5643 6592 884 6446 968 3069 1749 4612 1561 5060 6134 8007 6190 4521 9516 9517 9405 8953 2733 2967 4973 3757 2418 5126 431 4480 1490 19 7635 4557 7964 6861 7216 4177 6399 8189 5978 8806 4968 2543 6010 5241 3297 5874 8444 1134 1357 9386 1482 9301 5532 2264 6013 267 3726 4165 8164 4794 8935 5219 3676 5873 2628 195 3032 8408 4933 5355 659 6608 3255 779 7576 1751 3671 3067 7651 8430 4110 1031 2441 8011 5337 7002 5329 6283 2919 214 3765
2446 6955 1372 669 2059 8809 7549 96 4579 3074 4809 887 9293 5847 8455 3333 2151 8472 9458 8176 5580 268 5116 8972 9251 4570 775 7554 1720 6909 9581 5594 7993 8640 6483 3623 5228 2716 1542 6673 9587 612 5996 862 4352 4483 2830 6951 1717 9577 2832 514 5077 2044 4463 6396 5391 7318 6180 3279 2406 844 6847 8630 6637 7026 6982 2656 3119 8293 1152 3130 3822 8339 1821 131 1877 8102 6191 3615 6981 127 8567 899 6549 9505 4026 8338 9204 6401 8012 6917 2015 1988 6234 504 1762
1477 1428 9511 3789 1185 9575 181 5250 978 9148 4808 8479 6202 6912 6236 8141 4959 3415 3678 6036 6679 4925 12 7489 3859 5507 9357 2787 4784 2472 8229 4418 3713 1558 3749 6260 2115 251 8431 6494 4836 3824 3969 9073 8861 1566 3246 8650 2323 9285 7609 1390 3005 1759 2342 5803 7289 6753 8772 4368 4100 6343 2694 999 7171 3967 4273 7467 7527 3245 292 4143 6466 1307 1872 6100 3195 645 8525 8558 4629 3368 515 4553 1132 1670 4061 5336 7142 6702 9592 9103 2735 3393 5653 6585 2131
6941 3464 3397 4539 3361 7176 2279 6621 8634 4999 3457 312 8146 3966 4268 2902 307 6882 8346 7671 7956 3243 7397 7477 6661 5139 5042 4405 331 7319 807 1270 8613 6644 6686 2189 1009 7555 6541 1675 4102 6785 7161 8788 5206 7113 6147 177 421 1730 4923 7406 8924 7905 5017 2175 7980 8561 5796 6272 9464 2202 5748 1417 7839 4462 5571 6417 2110 9223 6064 5242 2076 930 3847 2231 8303 2040 3508 3109 6390 8410 8880 5013 2723 3020 7068 5987 6646 5786 8191 4002 9422 2671 8928 5505 7522
5167 8664 2171 2885 8578 6382 6965 1250 1063 8505 6303 3004 6759 8968 9039 3029 5231 569 1415 1263 3584 2605 8404 801 5742 1046 5785 2272 4645 3166 3400 5397 4616 1317 3438 1161 575 4837 8476 2906 1291 8632 6569 6360 6822 5942 1097 4290 7195 2035 7833 8667 3867 2879 2275 4555 4151 5415 8199 2385 7608 3222 1826 1610 2122 3021 6853 7447 6139 7125 5284 6264 6384 7039 6511 4882 339 6323 4860 3527 2081 9595 1064 1220 2338 6705 3914 4062 7785 7201 1897 1942 3426 7721 6597 8382 8066
9038 5619 2523 249 9498 3167 2438 7354 3572 6706 7268 2652 4234 94 7846 3536 3795 9323 6537 2947 3269 4159 2381 38 2111 6334 1748 3371 8594 5548 9034 8529 1994 6464 4919 6874 6490 9311 8520 5623 9450 7808 9520 5057 7971 3752 6391 3073 4778 2370 2943 7948 8359 9567 7788 4922 4652 9261 590 2981 2623 3543 5299 3848 1952 624 239 7159 4711 1806 5576 2331 3090 3410 2466 1209 2416 9110 5780 8072 3164 8107 7968 8398 1562 5669 3591 4422 2978 97 1972 306 8669 2532 5386 3208 4725
6151 7556 5857 3657 3040 5842 902 2063 7417 7361 5358 6071 4949 4604 3639 3993 8956 3334 502 548 3050 1076 5481 2649 4967 3175 1382 7357 4876 1707 5552 5419 2052 3882 1687 784 3973 536 3137 5755 9155 5345 1636 165 8864 6983 9150 4073 4871 4183 9364 7940 3165 3651 3453 63 5246 6580 821 1656 5495 7396 2322 4623 5305 2748 8438 8136 9533 3719 6023 1739 9449 7682 6525 7336 5040 7098 5251 374 8451 7961 4362 7730 8791 6772 8493 1629 716 8211 3873 4905 2899 8841 1684 2375 2725
531 9547 3958 603 282 2658 8356 2892 1170 6268 6072 7283 4742 7418 3198 1102 8943 7153 4879 830 788 1723 5989 8835 2315 5668 6725 7281 8518 1661 3549 1121 8747 7579 5269 8530 676 3126 8648 6349 489 7543 2185 7067 8000 5485 642 3741 7132 1949 8818 6333 226 6398 1951 1599 3971 5685 3425 6975 1813 974 8139 6238 1287 5254 8337 6920 7894 3214 3431 3327 705 3348 333 1143 4671 8622 7817 466 411 2711 8125 1496 3941 1370 6830 154 7105 302 3523 1545 7935 3610 2366 8856 5262
7822 950 4667 4284 1379 9049 2942 430 588 8854 8240 7987 4289 2361 3156 469 687 7950 4914 4039 6914 6004 7983 380 3014 9109 3762 7311 5666 7922 2599 14 328 822 1460 5867 8776 7182 8699 7257 7213 857 3347 615 735 2152 6595 8258 1361 1787 6359 2581 963 7882 8545 1147 5325 7487 5240 4190 9213 464 5994 1870 4304 6101 8673 5527 2558 5647 9294 5163 7602 6873 8424 8192 6883 3920 1159 5290 8760 3065 5248 5256 7666 4845 298 731 8790 5513 7901 8185 693 8311 487 6516 6003
4217 2800 5554 6561 7931 2277 3444 4067 3488 8042 8049 105 1425 5728 9290 593 1828 7474 5982 5753 4833 5260 4842 7629 8559 1831 6404 231 3911 7440 5858 2904 6645 5388 1939 2326 5536 2083 3366 9194 5399 9141 1630 700 4168 4335 2653 2674 1935 6521 6329 5650 6916 1024 8402 1442 501 2695 4683 4209 1202 4915 2882 9334 1546 2999 4409 1601 3086 7799 6797 4202 670 8644 2598 7025 8469 2529 483 6708 8280 3143 9229 6500 9101 8193 4764 3994 6583 8103 8265 6467 2239 8363 756 4856 15
8876 1485 894 7180 8457 5258 1254 5907 2946 7891 3990 7405 2571 8230 3221 649 9107 505 2461 8418 4700 2513 905 780 5763 1350 7223 7951 7904 349 8392 3442 5539 7672 7338 2341 811 744 4094 2306 846 9531 7959 3170 7492 5512 50 9127 2990 7981 4287 5887 4487 6879 1911 538 5085 7593 2098 967 3332 4059 9209 680 7222 9363 9273 6105 638 1458 4305 4128 3815 1 2525 7633 8127 6168 69 4638 3840 24 227 2479 4229 5944 3517 1672 7162 1399 5584 6121 5869 1404 8692 959 3850
3497 2088 4846 473 8844 2458 634 1868 9105 8385 5969 7443 1196 715 3799 5729 8242 3930 9328 1283 2400 4435 996 6160 8539 3916 9240 7075 6626 4065 2169 6996 6394 4032 1974 594 2170 6237 5686 8498 3135 3287 8901 8201 2346 7695 3963 9524 6978 3770 6973 734 4639 8677 6491 4718 7076 5381 929 8052 4071 4805 2255 4760 7084 6045 8134 868 115 2852 5898 5169 2230 2155 3746 5917 5535 1818 7592 3604 3660 5005 3022 9528 5421 4299 4005 1181 6054 2254 492 323 3670 5302 5328 4095 3959
5823 488 3612 9550 4740 2075 2627 2480 4246 4995 7219 1931 6305 3095 8751 764 8448 35 1486 2359 4188 223 3845 6681 558 3721 2833 1622 9159 6011 1017 7394 4514 2360 4250 8039 8927 5460 1837 84 5078 3277 8454 1991 5767 9433 1037 9523 2087 7371 7279 1631 4394 5452 2354 2034 3744 8946 9459 6357 7111 2113 8994 6477 6377 3782 1289 9553 2583 9576 4231 459 3375 2587 6604 2273 476 2814 8205 1328 9228 7728 8704 850 8302 5522 9208 4288 6028 2007 7883 5502 5298 4502 3740 1133 3515
1344 8436 6791 2411 2333 9324 6149 8167 9116 8538 2717 8570 4137 2588 7915 6058 8317 5986 4554 5710 4010 1005 6911 2031 2542 3017 4286 360 5405 1997 6140 3071 8697 3258 6371 2493 4051 2821 672 3725 1101 1747 7224 5630 3733 7906 2991 5084 5322 9397 2299 8058 7517 1554 1282 3471 1309 4122 1476 2109 523 8866 6787 8874 6769 3472 4176 206 301 7275 1219 7840 311 895 3273 602 3467 174 7937 6415 6220 4253 2108 3092 2301 4538 1698 8932 4987 2402 5333 2782 2917 7123 3120 5673 5872
6046 8894 6053 8063 5146 5364 1193 394 4332 1778 1478 6249 1422 7875 6771 7080 3673 382 2419 1516 8684 1045 1920 3134 3685 5476 898 6858 3439 7455 3530 7624 4150 1772 4486 7424 944 2353 1099 1110 4979 2410 8614 3649 167 1616 9346 6509 48 1829 8246 5833 116 2181 8727 1780 4544 711 3688 6458 2979 5658 5037 8739 7571 2887 498 1878 6388 340 2036 7719 5106 3589 2989 9599 5723 4974 5371 1669 5446 4477 6774 699 1369 7757 4439 6120 971 3645 891 7717 8862 2798 9596 7504 5960
3034 7306 6888 207 4154 2789 8115 7706 2505 3128 6423 8653 1008 2795 7977 242 3281 2365 9298 4926 3586 7346 9535 8232 4038 7332 7499 4115 2522 586 4647 2911 1570 3816 8643 797 9086 5533 5738 5095 3384 7865 6514 993 7069 3454 7240 9217 2208 1520 7446 4417 1820 8982 658 3518 8120 436 9142 5812 4754 5621 8010 1316 4247 6770 8515 7888 8656 266 9144 2893 1701 1928 2551 5875 5741 159 3411 2483 2452 7262 927 4092 5312 3556 447 6929 2997 9543 2753 3181 2831 6884 5712 4737 793
376 1776 6294 5365 4586 7708 5613 6169 5004 5443 7438 5303 8459 4358 8519 1552 2514 2629 9562 5282 6133 9010 4839 4206 532 2626 845 4685 1104 790 9099 956 3902 1641 3259 648 8840 4741 601 7168 4355 1966 6534 6539 5652 6182 5810 2099 3831 168 3580 5403 5530 3707 5064 1299 2352 1968 9573 8963 3590 8488 613 2790 4270 5583 7104 2016 7962 1963 6938 7975 1667 9118 1592 379 170 4017 5639 5551 4961 5086 543 3646 7561 5868 5888 6552 1623 1284 9544 2700 5849 400 9518 3330 6406
512 3168 3242 5640 5100 5220 914 9426 5609 2903 721 252 8884 8261 6310 6932 1303 4934 8912 1875 3462 9015 4222 1752 8962 8646 7536 4322 7497 7233 7625 776 2146 8997 4249 3945 2502 4943 998 2022 2435 3460 1574 5782 3935 5695 7675 5746 5835 2148 6966 5045 4494 6287 2708 9254 1663 4101 4872 3066 2186 7051 6619 6625 100 3391 2660 7149 1535 4620 6299 1066 622 1489 2144 3140 6266 4551 2046 5341 401 2356 8032 7148 5457 829 2553 179 3852 3088 7215 1212 8204 3912 2982 4014 4264
3449 5806 5970 3516 4885 5370 415 5418 8380 3204 2889 7126 8618 9327 1214 1028 7990 506 2672 9120 5949 163 2392 2451 7192 5314 3374 3122 8096 2026 8462 8796 5266 1827 8575 563 9574 7466 6701 5911 3416 8975 5779 7881 3906 3161 3703 6308 6809 1179 4175 2062 7800 158 6366 6871 7235 1200 152 7827 362 564 4400 4530 7212 9552 9394 9477 5417 7050 5011 4892 9092 9055 1127 2350 7898 7115 8778 1807 6186 748 3318 8756 8255 1171 1632 947 9149 769 5458 2039 7006 4049 4854 2312 8550
4390 9442 5136 5426 6678 628 9075 2364 2618 8090 8307 8456 4459 7939 3787 4411 6689 5771 3557 3112 620 3522 4155 6817 6589 3769 7167 6039 7524 8744 842 4147 2632 8647 5517 5422 1824 5675 9215 4498 3801 6165 722 3387 3466 5473 9579 6031 4901 117 7015 0 5890 3777 1178 8984 6063 6881 5687 8892 8852 6877 871 6991 2574 4637 5644 3606 1435 5916 840 2204 3429 8586 7684 2567 1799 4343 5272 4786 3217 6076 1446 8016 8288 5765 40 7851 3341 9083 3313 8654 4816 1139 3356 1836 20
2112 7518 1560 2959 1719 1676 9046 510 8795 3079 150 7945 5655 6614 1454 3430 9022 6545 5437 5759 6651 5733 2019 7190 7720 7507 277 5071 2689 3432 9157 3285 1614 3475 4421 3428 1085 7858 2541 2722 481 9445 3099 1647 119 794 6245 7862 3241 5900 1434 4081 4207 9560 3234 4485 4631 5067 701 4886 7380 836 6060 7700 8400 7286 1626 7317 6989 5059 2168 2939 5692 7957 4312 2720 4655 5983 7521 2515 3879 4160 1841 7820 5276 6802 549 7756 5693 6354 9235 1745 5863 218 2243 4950 5016
7748 6889 6918 4134 578 4271 2600 4577 5811 7724 4303 7046 4960 5484 6485 3345 5879 9200 918 5489 59 9246 5809 5416 8013 6974 539 1192 265 7089 3521 8019 138 4659 5713 6576 1436 4294 9314 7218 4770 2858 3490 6578 8292 1210 1493 5316 2803 7617 6122 81 7309 4708 9598 5411 3853 6953 4096 6362 1274 3252 9486 5931 6428 1650 8655 494 5385 7960 8121 4457 6066 2930 4329 5249 6154 5043 8247 2280 4684 1077 5338 9571 1015 6564 2490 8417 2802 8213 5587 2242 6722 3358 4581 6452 7500
3470 4697 8691 1412 5267 6547 8026 7456 5680 2218 6126 8709 4048 4804 5131 8860 547 9247 928 5547 9329 3984 2898 6573 826 2403 2133 7045 5430 6624 1078 2778 1430 8415 356 712 5331 2932 7698 3690 7331 5486 6224 7310 3648 976 1962 6926 3575 6980 9176 3276 7412 337 3900 3566 6370 2409 841 8046 1464 5247 5633 5334 106 4325 8571 166 4373 3571 3578 6211 4910 1438 7036 4479 6729 4060 7434 1617 7237 7144 852 5543 9020 425 6248 3739 8674 8358 7860 5735 3632 6865 4070 9343 65
7565 3236 5323 8413 3145 4016 109 1084 1718 5947 1743 2238 8219 3851 8407 7351 3668 9072 1683 7392 6844 3178 135 3026 8300 6971 5912 1160 1113 6358 5839 9538 2056 1534 8209 6560 6017 3481 5709 9420 5558 651 8033 729 4516 3808 4865 8465 5975 9460 8177 70 2838 8194 7209 7889 7403 5429 8153 6208 6276 3263 9036 5188 2107 4578 7411 6788 4889 4866 5694 1423 2187 816 3163 6337 8440 1376 9465 3628 5953 5235 3999 8503 2147 1815 2269 4337 4236 9526 8243 8752 3215 1538 1025 9336 908
9252 6235 475 8312 7033 4301 3196 5963 5444 3171 1232 9558 8051 8104 7252 86 7024 3299 984 5009 9227 5992 5001 9145 5974 5287 3357 8732 2260 5845 4227 3889 7200 4141 6972 3224 3336 3747 5700 8390 3538 5836 7661 6335 7448 6453 662 7143 8387 3622 4393 2120 1140 6034 5670 3683 6410 5462 9484 1154 4997 2200 3704 9232 7680 7656 1000 5003 4441 5506 7954 6318 5221 7030 3601 2471 7829 1004 8150 9418 4452 1975 8616 1766 2539 46 443 3868 3627 6422 3117 49 9207 7557 7832 2276 111
4192 4795 2302 2330 5784 6638 7225 8458 2609 587 6728 8128 2742 2141 3103 859 3037 1304 6907 2862 6163 3792 757 7086 2860 1175 1188 1395 1141 1238 1186 6455 8741 792 2089 6618 1049 4262 4928 2290 3009 7857 9005 6657 8004 2421 104 6429 989 1756 7459 210 4023 7029 5491 3340 1265 2367 4178 5948 6012 9532 7057 8623 8761 6353 5577 979 8740 286 2615 5024 8439 3898 7284 4636 8283 9258 6950 8548 9319 3855 1704 1312 7801 4395 5902 773 767 1308 5133 4239 2430 6964 8939 3574 8391
1769 365 2657 5822 6210 4354 3624 366 6381 4085 4360 4184 9043 7852 7696 9555 4525 4834 4118 1625 4597 6306 1235 7584 3435 8094 4052 7540 6543 2180 5455 470 1348 6361 2702 4138 6150 8531 2949 4698 1245 3743 108 4852 7427 6507 9536 5010 4930 3188 8375 9521 1797 1886 1093 8365 3526 2499 1269 6755 5209 8989 1342 6080 5376 3098 8036 9388 3153 2398 6919 3511 4606 4818 5459 1227 4328 6921 5665 2069 6773 6813 2511 6893 3720 1273 5347 2434 5778 6486 8736 6472 1197 438 8853 246 4126
7966 3807 3151 8722 7381 3913 6267 7996 3915 6513 8658 691 6628 2496 1710 3305 5308 7347 8619 7273 5451 6977 5542 7463 3773 6207 8343 9212 7900 7106 3732 3158 1230 8003 41 1199 2050 3002 5244 8966 1812 3043 5899 7056 1880 5222 3550 4826 8672 3270 789 3138 3785 6030 7664 2781 1249 8555 6450 5691 690 2445 3750 4731 5760 9052 3127 6174 8541 6293 4627 5035 2573 364 2263 8351 8133 552 5726 6244 1861 6694 9071 7047 5595 1857 8745 2027 1732 3715 6374 1448 2317 6162 1347 82 9104
1595 3456 4113 1383 5229 1115 5862 5318 4230 7997 6792 9371 7845 3159 7512 2386 1943 3727 8902 4375 7690 4746 2998 5217 1043 9234 495 5432 5781 9211 465 9479 8974 4552 697 1569 9432 8784 5137 9601 3253 6630 1155 8055 1479 3477 3157 6740 9416 3382 7431 7806 7375 6726 7841 2379 668 9287 2201 7305 7270 5671 1677 8332 2750 9480 2965 2754 2058 7911 4994 1651 4535 7441 3023 3918 2956 2963 7356 990 3863 9506 3094 4256 5538 3618 2767 6442 8845 1503 3097 7399 5667 3996 1325 2745 5497
6570 6155 8225 7792 7327 1038 7116 3044 7214 5255 2914 9139 8707 881 5036 315 3797 7869 9389 8017 7535 1573 2582 6487 5151 8675 4111 3278 4911 272 4458 1524 2864 18 5720 5501 6992 5233 6461 7704 343 720 8305 6159 5205 951 2533 4619 7767 7353 4402 8425 6886 5414 6068 9325 7963 1402 5069 7211 62 5096 7193 3751 8376 7040 8711 8084 3405 8942 655 2920 3712 4576 8224 9340 8056 1934 64 6854 2404 5990 5374 8286 5232 1643 5000 432 8411 5051 5537 2611 1341 4451 279 6962 5821
4903 6842 4909 2172 3101 6601 786 7389 4835 1895 6662 5401 5349 6855 3047 183 8321 1189 553 2241 2485 8109 8783 1459 2270 4242 9269 6094 1109 4121 29 5998 1396 4025 4174 3162 802 6433 1689 4727 3742 1391 5657 7074 9475 6931 7707 4537 6674 157 1089 37 6128 5752 566 5207 2096 4189 9050 1125 630 1540 5775 6400 5631 8584 2580 3 8329 238 1582 5599 4817 2773 6033 1338 1980 2068 7401 173 7739 6724 5273 34 1929 3049 247 3885 8605 3362 3877 8364 5661 8222 6340 5442 7208
9126 287 7699 6675 7156 2009 6444 5938 3225 7419 1832 1345 6346 8334 1226 903 8855 3834 2841 5846 8683 8318 2061 8999 3354 2106 6588 8808 2606 2005 991 6697 7379 4369 2376 5362 5967 2304 9513 9425 9495 9059 3946 6319 1465 4200 3484 7071 4780 4365 7709 1539 2078 6498 6317 961 7735 2347 3068 7053 5128 351 3055 8706 7065 4385 7848 8442 2540 6421 8557 3962 825 5861 1904 8504 2104 8925 6022 1471 4935 2236 5030 2506 8690 6768 870 9078 7995 6741 3052 5632 3131 8777 3823 6196 5722
6834 7409 155 4167 5280 4566 3775 9068 7550 7938 9356 8151 5033 7773 5168 1091 7164 4384 4717 2958 4563 4132 3046 8298 1352 7818 9089 137 8254 2842 2701 4139 6927 2437 1917 6808 9417 5179 189 3106 3548 2311 4082 6749 665 2613 2575 4461 6226 4045 7523 5039 402 8831 9353 6668 3843 6575 8608 4 1010 6386 7765 777 7457 9289 3232 2429 145 8435 8810 196 1473 9350 6125 6652 4977 2837 2597 5023 6790 2162 2966 3880 7598 4624 5638 7388 1371 9085 5461 7531 2143 4768 4474 2772 8597
8750 3953 6430 7570 6642 6563 684 7316 352 931 1817 4015 4116 9375 1915 3532 8130 9310 6352 3559 3013 9244 3227 209 6256 1716 4595 4503 3666 6925 76 496 4774 6241 5029 396 4044 7285 6821 1637 5749 2237 3015 2178 529 7824 1851 3560 4040 3124 1553 5113 940 4469 332 9161 2763 6171 7763 7435 5889 9482 2895 872 6188 9478 2140 6286 6065 4519 4747 7694 2328 1122 1890 7141 2002 6078 892 1224 1011 1295 7729 7301 3674 5263 5556 9439 7569 4148 7259 1358 8816 6104 5172 9243 7759
1691 8478 7094 5075 1709 6110 9376 8449 1563 250 4874 8206 1924 7449 6469 455 3289 42 7778 6112 6650 4172 5191 2313 2846 4248 837 8612 3794 3944 8434 2414 1658 1930 3626 8316 8754 160 4927 7691 9095 1853 591 7734 6915 6819 2905 7043 27 2265 8118 9490 6250 5094 3461 6041 713 7282 2734 3376 6799 3617 2071 611 1970 7184 8509 5170 6465 4536 1556 5174 1954 5993 5379 9218 1191 2794 7826 2030 5143 796 4088 7718 1916 2721 9175 7277 3398 9255 7793 583 5201 4580 1609 7596 6967
5072 5454 8005 3447 5885 9123 6025 8913 485 1775 4275 3886 768 5245 4622 4506 6369 1692 6635 3806 262 3810 3858 217 8842 1612 3337 2105 1118 799 7468 8847 1437 7613 6515 4057 4712 7485 6913 7476 686 1996 2358 9440 7207 6876 2008 6803 8450 7528 7653 5855 5707 8328 6414 3502 5605 537 7770 7242 229 3445 9303 2673 8070 3588 2183 7367 7179 7914 2744 4948 7563 6710 3567 6796 2869 1585 5204 524 8483 8898 5719 1697 9542 3587 7378 1019 934 8638 833 809 2077 6116 3926 261 6782
1260 626 3562 1414 6135 2891 522 5954 449 6032 9385 5117 4370 6307 3705 6448 8593 9600 9412 2637 3310 7408 5120 6454 9114 6905 4993 4076 916 5611 2000 6586 5905 8210 1474 5296 2572 414 3380 8950 3146 6069 3187 5797 6099 1090 955 1734 8248 7972 8666 8721 948 616 1165 8487 429 4408 4951 7782 291 2232 584 2757 8330 812 8386 5450 17 3695 9164 1324 5425 3577 2123 7685 1330 644 8059 8131 7501 1034 8111 6894 6215 6024 9529 3711 7511 8879 1541 5015 3665 8926 4687 6762 1072
2635 1594 4260 4668 4695 2227 5682 8766 392 5080 5223 625 6383 7936 3473 8676 5164 2804 8272 1092 2159 6468 8521 3545 2174 960 7048 5878 6765 445 7373 6963 3540 2633 4941 6895 490 2607 689 2262 7654 484 4426 1606 873 9545 2282 4931 3737 9091 2132 8181 8635 5384 3016 4849 1151 5734 7313 5834 8369 2601 5808 51 7135 8758 2388 3190 7789 5627 8900 2093 8414 6633 7732 4136 6517 468 5804 9163 8379 2090 8014 9565 3922 647 982 8057 1184 1461 5375 3247 269 5602 9438 7537 1487
3402 4306 2160 766 5877 736 1333 6278 5073 2073 876 7712 3901 1463 6760 83 2510 1215 2983 7917 237 1475 1306 1456 5629 6544 9508 3262 4599 8705 5055 8805 4153 8516 7989 325 5732 1899 1500 7491 9582 7452 4546 5711 4078 7465 7368 9400 3949 893 381 5066 6138 9421 8426 4529 1153 980 4361 6599 6321 418 7942 831 6447 5919 5593 8284 5155 3936 7668 4240 8955 5807 4099 3829 2620 911 1907 6205 4123 5549 9468 6348 7558 4424 8920 4347 8207 3664 7541 2101 7713 555 7391 375 8308
8374 4646 4585 368 7802 6656 1740 2805 2192 1654 2374 7534 9372 2980 107 6764 5936 8627 2124 4749 3001 6449 6330 8110 525 2960 2025 2796 7814 6732 949 901 8708 6246 4436 378 4345 4869 8789 372 2715 1839 2028 8471 4142 9591 6536 1579 5470 6530 4277 9135 906 1581 6124 4104 8162 3219 8460 2645 4401 9190 1526 4775 8367 8959 5469 2387 4545 1814 3408 2684 9042 8633 5093 6127 3593 781 969 4675 7984 4031 3942 3212 7516 7830 8234 1492 8814 6199 7746 2785 4888 3006 7992 6084 7325
1444 9457 1162 8231 1727 3791 2444 4108 6201 9546 4574 8325 7896 3894 3514 6935 540 3256 1998 5468 5730 1138 5342 4429 7292 6087 1319 9485 1195 8536 6042 4274 1142 2222 7587 3881 2806 1144 2519 8038 6375 5941 3805 9001 4398 6119 6896 6658 694 7058 4942 4346 7828 8399 3767 4344 8792 6183 8396 8091 1660 448 2412 8249 1388 8843 2013 3950 6476 2640 499 2718 8930 3932 1218 4197 5448 6928 281 1252 5622 9027 6529 1731 8588 3185 8077 2762 3028 6445 7585 1604 8603 5914 6538 2576 7258
7198 922 3202 6314 9249 1528 4201 8579 2217 4540 6218 5140 678 6777 4484 4043 4897 6002 8961 1510 7567 8596 5028 3115 1410 7928 4374 2497 7738 636 3493 8832 8170 7415 1331 4955 8802 8124 6669 7714 9283 7723 1150 7867 3492 7035 5225 2591 8183 7673 1411 4820 8437 3288 5901 6295 1830 2687 1039 9365 3505 2536 1322 6130 921 2570 5615 3132 6620 8944 4291 8981 126 8838 4133 6872 1728 8872 2786 2219 6837 7784 7947 6049 5463 867 5754 7231 5564 8583 89 6818 4350 1979 1976 3825 243
8889 234 7716 8489 9597 4653 6835 2828 1418 4658 72 3083 1216 5964 8333 2283 8992 7256 5363 7137 5773 6816 5335 4985 7725 8824 8965 7658 1603 5291 7553 4868 6083 8306 8821 184 9196 639 7150 1443 3418 2507 8250 4549 5903 2692 395 5965 2972 7749 8657 8811 5211 6512 695 9378 1327 6660 1198 6365 228 1773 4407 3603 8908 7813 8948 4800 5698 6347 9380 1615 597 3172 6892 8738 6594 404 8970 5127 4363 1206 4765 5758 6562 5200 7751 2150 6815 4468 7078 1106 8041 7909 2964 3998 8546
7186 2713 2047 4548 5766 8916 9276 6839 7678 6499 606 6052 2257 8087 7603 6118 4442 6795 2688 6503 7573 9321 6568 1453 3607 7529 6322 1360 6040 9305 6392 7745 7175 58 1176 2854 7754 9271 5706 2516 4938 1029 1293 8262 1167 6088 2813 554 6257 4810 4986 8295 6845 4912 6435 4757 4251 1900 7542 2865 7013 7843 8755 2784 4173 5110 9185 7295 3133 4029 3581 4416 8712 2667 8097 2825 2927 1311 1334 258 4663 7979 2424 5297 1021 8282 3561 3686 5525 5019 4383 2766 5054 1638 3019 471 8620
3056 1644 2053 7589 3835 8239 7077 581 5281 74 5828 8793 1253 1580 55 7835 9383 6903 3096 912 3955 6269 4953 2545 1922 9111 6615 5882 2910 1810 2508 6954 6136 7019 1409 2473 8485 7775 3395 4781 417 6666 7333 7092 8775 5598 933 2526 7416 497 1835 6587 7264 5477 1788 412 3745 1300 6420 8092 4665 3114 2918 1889 9278 8688 6123 5493 4766 8341 9471 9387 2555 7776 4971 1381 6345 6670 5870 5433 1231 5218 7955 9113 2450 1006 5578 1455 5317 5392 5724 1323 4437 7649 3728 2223 8323
1505 1107 7526 2993 2397 8495 7934 2389 9178 900 3779 5149 5021 5927 2094 4443 5951 4003 8577 4481 2477 1695 646 3315 8703 5159 4610 6663 446 4824 5688 9434 7488 4109 1940 474 6664 7023 1174 5152 5354 329 3331 5597 2566 3111 3788 1724 3934 8429 4867 6598 7868 7227 8313 9199 4212 1925 2240 6647 5259 4186 7677 253 3235 4830 2268 4508 2642 755 2749 6492 9035 5156 4241 2619 8781 8535 7999 2663 5226 5966 6096 3696 7815 6216 6649 9295 2125 2278 8680 6285 8490 2091 9191 3280 7903
3240 9081 6089 2095 610 9410 666 2776 7037 6265 56 2636 2562 5581 8394 4034 772 1366 3076 8768 215 6988 5751 9429 4187 8700 8271 2973 1883 4117 7855 1217 5641 3531 5352 9398 7794 643 585 8572 8922 5076 4793 6057 2295 2881 7241 1149 2116 5199 7970 8882 8238 6690 7626 3394 4282 8397 6197 3754 4012 3479 6841 6622 4972 544 1633 4001 1233 6274 7892 3887 6691 2535 8216 8923 4651 6387 4734 7122 4902 7703 405 4920 2220 3012 2758 9226 9566 8212 4259 8025 276 953 6131 2384 2933
9527 4588 7461 9347 2369 2038 8331 3427 5697 303 702 1811 1678 7189 4966 5837 8839 7129 6807 4702 9119 1339 5180 1764 8088 1451 4512 1194 4744 7652 4649 8587 5509 9362 8885 8276 2439 7933 3669 3183 5715 2681 4185 7805 7009 2491 8156 741 9512 7646 9124 61 7460 7385 3205 169 3568 7612 9017 6776 2901 2975 1705 4341 8259 5772 9361 571 141 7073 2650 2194 6501 6627 7636 875 9184 8200 7508 4608 6814 1593 946 8580 7710 3433 861 1183 7093 5921 1944 330 6424 1953 795 147 467
2380 835 1511 5265 7520 2060 7758 5649 5904 6231 5503 1394 740 1363 6411 5518 8135 3403 621 8888 561 31 7263 7701 7437 9473 345 8423 3856 3717 5394 1856 8237 4490 4475 7588 5952 7099 8682 423 751 7631 6497 6612 4431 2136 3875 6783 1007 7797 7133 629 7930 3062 5570 5186 3565 8774 9446 140 2550 419 3661 456 8829 1646 4396 8600 1531 9239 4145 1400 5183 6838 4158 1468 4898 2001 582 2604 800 3323 2941 9470 9151 3698 8008 3736 3965 6634 1145 1789 1586 631 4884 1406 874
3389 1774 5359 3311 8257 2318 5348 3459 8940 3684 4572 5301 3150 7630 6223 7944 2727 410 7645 4074 1869 7134 216 6523 132 9331 144 1512 4989 5555 3960 6281 7577 5295 92 248 8106 8659 6750 6212 6379 5107 8991 5092 4326 2760 6610 2054 503 3507 1726 6952 8172 2137 2211 8067 1047 8764 4298 5177 8260 820 4814 4593 9087 373 9003 4216 2752 3452 9272 8698 478 4520 1587 304 5792 546 1094 9332 1572 3542 6230 2195 6 8175 8281 6093 4046 6510 1403 8848 4883 9474 2585 4338 5490
6857 4681 3369 5234 8184 843 1937 5976 2907 7239 4415 6167 2314 8290 7139 6557 761 5087 9171 2610 1336 7595 9590 6986 5243 4315 3826 198 6696 7952 7641 8473 1693 4907 9326 6565 6948 3570 2569 7503 6699 9198 9233 1649 8636 5560 4929 5197 5590 8158 6459 4790 3923 7165 1075 6495 387 2873 7899 682 2952 1433 6591 4412 6145 1584 4388 1852 4037 9220 9491 9515 6606 1484 8401 8581 7821 6291 3839 9593 2875 6029 2929 4258 4962 2082 7583 9462 7451 2729 3764 5592 6849 9399 2974 2067 3539
8285 8187 5088 8350 3583 6648 5053 2829 6035 8867 8533 1950 8024 8445 3699 7771 1426 9000 5660 3692 824 3249 9300 9492 6528 1567 9051 2289 2791 6416 4272 309 9256 6279 8762 6111 4707 2518 3401 8639 1508 5999 4932 641 9238 6554 1767 6232 8126 2465 4877 6204 9391 5372 5196 4226 386 9348 95 1898 190 4058 4371 6016 5097 9067 570 422 8061 5315 8368 8592 6062 7908 6185 278 696 1659 5814 4887 6730 5105 1108 2167 6707 2868 5844 4669 6823 4041 5210 4573 5708 7515 2677 8218 314
7973 5373 5160 6164 5008 9221 8297 4279 6270 4575 9288 3533 5326 3173 1095 3929 3105 7308 4413 3701 3474 814 3865 942 7100 457 8998 7334 9060 3229 5447 6947 1431 6206 4732 176 1796 4470 5153 6001 7112 2103 8742 3755 2127 1760 399 2343 1393 9065 7599 6152 5427 4726 6680 8264 3075 9297 4939 275 6489 8474 7248 7777 4965 5118 8116 6832 7337 4075 8461 2544 3485 7812 8893 4598 4105 9497 3266 5586 882 5676 8903 7761 2427 6213 3983 7702 8907 9270 2329 4975 6723 3201 8050 2666 3072
4969 707 1809 2847 4066 6273 6531 1466 8773 6671 1674 3147 5050 7628 2730 986 7544 3503 5601 2815 939 4120 6885 274 1919 732 2287 1105 1533 2771 9153 5129 2334 1296 370 6653 8568 7819 8730 1079 4831 7322 1136 4589 923 2737 7000 9540 5304 1786 9033 609 4330 5467 925 8511 958 5979 1421 4640 9551 1169 7985 118 3325 3837 7321 5866 3528 692 7342 8030 1657 7538 8354 3003 3620 1750 1713 6262 9165 4594 7429 2855 9177 4392 6102 5991 6478 4821 6251 7181 2037 3506 7079 2215 4042
4772 2258 7562 8123 5596 260 3905 2690 182 1694 7913 5192 3731 2584 7665 5278 7943 866 4020 6372 7752 4399 1290 4644 1452 2297 6904 6115 8665 2756 3424 5843 3640 8543 1639 3495 3218 4756 8468 8470 2010 21 9263 6302 2670 3500 9354 6939 3970 5289 270 1126 966 8851 3691 7766 1945 3619 6959 9170 8681 71 2020 5343 2207 2922 4739 7831 917 2474 7737 2912 8868 9158 7632 1589 2685 1449 2199 1469 2884 2233 1682 7580 5913 7484 4488 688 4785 2909 2229 8152 7779 3800 1239 2210 1065
1120 9435 3000 2896 8366 4634 6327 9510 2503 2883 6901 2464 5606 5516 9048 7062 7145 5701 4027 9282 9456 3602 4380 3846 9203 2121 8787 1244 3635 3592 5494 2594 3985 3997 5777 6342 2970 5498 6720 1884 4107 5908 3154 4763 9549 879 5959 9132 9407 2872 6006 7070 5546 6609 5528 7166 2271 8327 2679 4254 2363 904 288 1795 791 9152 5958 6766 8938 7870 5187 3025 2704 4703 5377 1653 4317 426 9154 3309 4419 9507 8047 7998 9488 6833 4841 9443 463 187 1914 9205 9322 2944 8726 3373 5472
2578 3406 516 2191 6408 3024 7513 7454 4729 7177 3529 6290 6376 2045 8865 5216 5158 889 7470 1908 896 6898 6056 2197 4605 2470 3339 4584 760 7210 4618 5956 1910 4193 2349 3396 3772 7302 1846 5801 4607 324 3761 7692 6506 8360 4851 7107 4482 4963 7568 9489 5387 1530 8834 4219 6703 5142 7087 907 5662 5935 1129 2249 6117 9140 3063 6194 5492 4701 7614 9403 7744 8173 7926 8967 3650 2303 8689 8544 4300 6247 2962 4307 2992 3261 880 9262 6470 7220 771 320 3160 8253 1590 3833 2494
5648 1026 4194 1131 4125 225 1211 8671 9373 4119 3093 8045 3871 9066 2128 2327 962 6419 5813 7834 1234 8467 6908 562 188 1936 4069 2836 6957 1070 763 8801 9195 4261 8663 9147 9172 1600 8482 6037 3768 3798 7861 7085 7114 5923 6496 1823 8714 4225 285 3838 1135 9351 4381 6418 347 3802 4673 1380 8800 3937 8813 7128 9341 2156 6077 1385 3136 3061 8043 1035 3319 130 8564 124 6743 9168 4024 9250 4389 8275 8604 1690 4434 3658 3054 1741 8670 4035 4079 5891 3573 3535 679 7163 3011
3378 9062 2003 407 1903 290 2923 2460 5962 6946 3693 367 9008 8978 7049 8757 85 7296 5395 5876 2221 4492 3547 4022 3048 8563 289 6479 8715 5568 5378 6132 8512 1578 4615 9044 6878 4893 6712 224 8079 7976 5852 7444 6780 8085 3089 1375 8475 8113 1948 4648 7432 4743 3956 4339 1896 4682 1208 4710 673 599 4674 3870 3616 2118 255 4243 7350 7188 1057 3621 8770 5252 5309 653 2253 4721 9384 5565 533 9360 9181 7982 7326 6943 5227 4210 3896 2357 3346 5920 7352 7238 8034 7618 9453
4004 8320 3272 3680 4720 3317 123 4204 2203 148 5049 3778 9352 7097 5161 8203 9292 197 858 9556 2874 8443 8161 6867 8078 3182 9366 9302 8065 2521 5319 765 7640 6407 327 7004 67 5436 3312 1326 7370 2871 3876 1123 1356 4311 4904 1504 1918 7404 6338 6082 4314 460 3412 3524 2995 3869 6949 7266 3563 7088 1967 9222 1014 7147 5883 3223 4558 3379 3329 8144 7109 4292 7816 6688 3448 6173 8631 7052 6958 6602 4822 8591 8035 2157 3008 5121 5886 1525 3451 4376 6613 1497 4736 9280 1119
8432 363 3149 5717 3827 6079 6850 9079 997 7480 5681 1259 3597 1204 7196 8717 1559 5628 5162 2826 3275 8355 3260 5646 8145 8846 212 6463 4759 2442 2415 4964 113 7929 3179 101 3878 8719 8582 656 5815 7643 5079 8910 7269 1876 5487 6107 9338 6990 9377 2057 5239 2969 3018 8159 1020 5482 9390 203 1517 7949 3306 3320 3010 2678 2298 7566 2538 3849 7473 4802 5193 5275 3710 4609 774 2055 4098 6719 5981 8406 143 8486 2426 810 3943 2595 7360 2256 4873 5499 428 5721 204 7005 2761
1207 6553 6655 1321 1699 4433 5854 5531 8053 9045 1618 3284 8527 4464 4220 4056 2041 7369 7871 500 3866 5466 7001 4313 2799 4084 208 992 1053 8020 7243 8849 8289 7011 161 7657 2512 9406 6556 8074 1662 5213 4858 1058 2664 1335 8565 9133 5367 5224 7103 125 725 5850 3489 271 5408 7217 9469 8244 353 2205 8031 4238 6995 4864 3989 8687 2072 1847 1859 2724 4980 2517 8412 7205 5939 3324 4170 8952 7096 8896 7809 8507 3844 4491 1909 7753 7442 7274 4844 6891 6520 4377 4635 6315 5946
2951 8668 2459 5703 513 7722 4603 60 6811 7359 3702 2102 2859 7453 8233 8537 440 3244 4560 8068 7849 5896 2372 5933 2042 5957 6332 6008 5526 4724 3209 2209 3644 1128 9451 2475 1529 1286 6239 241 1798 1792 9409 1781 5012 296 2659 4848 7611 8863 3349 4455 6176 3113 5230 1648 6535 4723 7395 5881 2048 1177 3351 2248 598 2478 6085 5125 8324 521 1441 1921 8941 2066 5261 8344 7958 8958 8936 8064 8119 3342 1241 4880 408 2669 4895 3233 6341 770 5984 1298 6309 8002 1801 1715 2586
5825 2029 3486 6985 2655 9454 2954 6590 8081 864 1314 6934 7041 4690 5070 2768 579 6641 6540 7705 6161 9308 4182 8794 3441 6009 355 7810 7390 4569 1892 8875 7494 4496 2266 7299 5511 1681 4688 7044 7884 3638 2654 3085 728 4308 9004 4894 1156 5300 136 8140 6829 4156 1803 5826 6640 5165 5002 2158 7366 4533 1329 3326 6409 3274 3169 3469 2647 4956 2405 8168 3724 9559 3655 4626 6812 5369 4534 6930 8661 557 2164 8279 6021 4761 5176 3494 1440 1272 5074 201 3064 723 605 5540 413
1002 4214 3637 7844 8987 1386 6158 6970 1292 1040 1744 4103 2617 3756 5321 7472 7880 5997 5264 2488 6209 9427 3600 3254 5134 627 3180 4791 5683 2751 7919 6700 2285 8598 5344 9130 5274 7157 8551 5569 5774 5783 6298 3292 3367 5910 2579 2851 7953 9076 885 2394 389 6752 1509 4199 517 8179 6727 1498 1850 7130 6367 6856 2453 5380 7547 6848 9180 7548 79 7606 2284 2984 6611 2487 5995 5006 4921 5101 7582 7324 2448 2793 7505 6742 2608 7230 8171 4582 9236 7232 8819 2149 743 451 2092
4269 9225 2857 4215 2861 8611 3455 1993 2043 1959 6979 1062 1671 2423 726 2568 1712 7597 6050 3842 5699 1294 1354 6767 1761 7400 753 4161 5589 7226 7255 5737 4348 9031 6368 8310 3417 7060 2489 6524 7863 4106 3226 7445 359 462 1965 9401 724 4489 975 1840 6786 5820 9408 3419 5851 7151 2870 7344 6616 987 5178 708 8122 164 5663 5440 8828 4632 4228 1051 8886 8269 2165 5041 7493 8182 3991 6440 171 2835 817 9274 9063 1258 9069 6081 8452 6548 2714 7965 4245 6890 7750 122 7314
4504 6018 5285 191 1103 110 1447 3917 3404 8731 8441 4293 5398 8547 7605 7502 1597 8180 4853 2634 4789 3308 3498 2142 890 6683 8157 5089 273 1995 8528 7864 9074 2856 7601 6475 9019 2129 5404 7740 8155 4946 2390 8095 5937 7293 9330 6043 737 8198 1871 9129 3189 7246 2288 9501 8494 5046 8037 4940 6852 853 2696 1267 8228 9122 8729 1088 4135 6731 390 2176 6289 977 8651 450 6840 785 5091 1986 6623 1408 8763 8918 6804 936 9080 7853 7382 4510 542 2747 7637 5716 6143 7743 2560
199 823 818 6711 2184 202 5744 9011 5420 4676 1571 5832 7377 139 398 2845 4630 8929 8904 663 834 5922 6940 3283 1848 2408 710 5406 8909 6960 8905 7525 2759 4302 2428 8566 9355 1864 6263 9307 9522 1351 6508 3758 4918 733 7907 4654 1634 9404 3594 8780 8100 5651 2731 530 1711 6737 6733 4843 1544 1315 2396 7066 6550 7291 2351 2250 4309 6582 4515 573 4013 6005 8492 4086 4601 1096 4319 8891 1706 4083 4097 4899 9006 4499 3322 2824 1346 6219 4678 2294 2198 6827 9309 5026 8602
2495 175 3414 3723 1960 5731 5550 7733 9392 2316 6177 4008 8319 9201 3108 6312 1377 4583 8782 2166 3293 1804 2417 4758 4937 1163 6942 4091 1753 93 7978 5171 8964 2308 2079 8028 186 142 3512 6189 4657 3544 8830 5848 5824 6356 2770 5508 9112 2807 1518 8006 7877 2648 6277 6300 90 3980 9162 618 5928 6825 6577 7876 2697 4699 7663 2433 7355 6254 4169 7616 4324 589 3443 3687 1833 8083 1901 6747 3434 4018 7471 565 7228 3121 9467 5007 2797 7304 4166 1627 5610 4861 6316 5980 3372
3078 2915 87 8799 5582 1247 4129 3961 3947 2850 551 7358 2509 5439 3144 4386 5909 1926 491 5679 7428 4505 8335 8075 4806 3954 9539 6146 299 7430 5027 2878 7234 7127 2486 1771 2339 8105 7879 6047 7796 5330 4857 919 9568 7856 1987 1564 4009 1688 4798 8562 7727 1255 6806 7872 4694 4208 3421 4838 3057 5277 5968 8196 920 1635 2457 1146 8615 3271 4454 3629 2596 3884 9499 8947 9054 2065 5396 9369 1958 8522 1182 1130 9423 8217 5893 1384 4819 5182 7249 1367 5626 6745 2468 120 8353
5366 9504 8481 4628 3129 5745 9431 5579 8574 5585 7559 1513 6187 7016 2097 2769 1913 4906 1349 8029 3812 7340 4526 297 2114 3809 2531 1052 8980 4280 5389 5034 8027 2501 9589 4213 7693 7038 2783 600 172 7604 4803 4257 4650 6993 5608 5410 2839 5061 1703 7897 4696 932 6255 8552 4028 5791 4908 6695 4850 5559 7496 1457 3463 9548 2373 5635 9115 9260 3975 1012 6704 5356 6075 577 3700 4783 2467 7108 7090 4738 1548 4237 854 2324 5438 4114 7102 4680 7736 6091 9588 6113 8735 2431 8807
3125 4643 2792 3390 3239 677 1389 344 1664 7003 7927 5132 3087 8895 8748 2827 1984 7842 2345 4745 6665 1340 5787 240 9047 1992 5840 6763 6639 4751 9032 8973 6851 384 7475 9007 5332 9557 6828 4340 11 5674 3972 2691 3874 5988 7008 4863 9268 9021 9026 3891 8933 1673 3350 3422 3176 316 4033 8446 133 7329 98 6405 5830 9242 8371 8607 6195 5739 6097 7185 5435 3734 1470 129 2994 1502 1805 6887 2740 3735 388 36 6137 8937 9014 4567 2080 397 1736 9100 2422 2337 1735 3653 576
4447 2913 7478 5081 4391 1983 6437 4331 3981 560 8080 2307 6519 7414 1849 5945 2320 5237 2173 8227 5464 9437 5456 8062 2675 7083 4559 393 2559 43 6328 2362 6778 660 5014 4420 9493 640 1588 9057 973 8001 3641 2161 4870 7398 7783 3155 2705 2693 3978 4771 5114 2004 6636 205 4414 2630 1166 6607 7072 4379 5360 7121 1480 7194 5044 2641 8221 2021 1429 5257 2014 2680 3706 4453 1082 2018 6572 1808 2432 3793 5099 8114 2309 2153 1758 3446 5393 2179 5895 8899 7847 8263 3206 4587 1782
6902 5520 983 4748 4478 5145 1738 3819 3213 1507 5705 7667 5794 3210 3892 5500 1591 3551 7790 2537 2916 706 877 7155 815 1111 7055 5572 1722 2235 8422 7172 2820 507 1124 8506 7741 6427 2876 5103 9131 7364 3860 4547 3804 8291 1628 8995 3995 617 5124 7594 7170 439 7670 6551 3450 1180 2925 6311 1221 5566 7136 4611 1708 6038 1905 8585 452 3360 8166 3729 5789 1838 637 2746 1228 3007 3199 1355 9189 348 2561 6402 8625 8447 5478 972 350 8629 550 5690 937 3480 3110 7199 5313
5154 4996 6987 1114 674 556 661 1515 4881 3766 8178 3338 1816 7686 5768 5135 3513 3314 5529 2251 762 2897 6156 6735 26 808 6693 9414 3613 5827 6571 2371 5198 3116 3988 2863 317 4792 2012 4677 6862 2484 3264 9602 259 8553 2777 3343 9084 3501 1791 2552 7007 1050 7363 2710 4625 2425 1522 5689 308 6798 6259 7659 3939 5871 6805 4333 1822 8453 6824 4353 1190 2546 5805 3814 8590 5144 5215 1275 957 3948 4432 6389 4518 8915 7726 7288 1251 4689 1301 5357 3595 520 6114 66 3296
8251 1069 8117 8340 8009 3231 2755 3708 4501 3084 8352 6275 6457 3207 8099 6044 2296 8165 8871 149 7890 9580 8054 4323 3365 9169 3295 8877 8873 7825 806 5130 1222 6789 1754 2332 3465 1702 952 2476 7376 5409 4493 1527 7372 9561 5279 9265 2033 1933 1237 2138 6677 8372 3925 5025 1302 3386 2926 1187 5798 1596 9245 9167 675 2703 2443 8878 7017 6880 2732 1777 1969 671 4970 6252 3928 2286 5350 4440 6221 2321 3033 6284 6166 2890 1074 8858 8245 3321 3817 886 8765 8383 5056 8093 9312
114 6923 5523 1016 1906 1860 6800 1137 7644 3476 9253 4691 1098 2908 6687 8267 7018 3818 1598 2866 3771 3174 6380 6403 4568 6754 6027 7479 8822 5111 88 2924 6936 1413 9563 6141 193 8309 6157 926 9041 1056 3957 3759 6436 1506 3237 4978 614 9174 2894 6999 8823 1407 5838 9206 6682 4112 595 7622 4036 2976 5561 9448 6301 2293 2774 7634 5474 9146 2957 9368 964 6994 1365 7386 5293 827 7422 2234 6527 8645 4019 4988 151 2436 567 7082 68 3555 3355 6718 153 5514 1757 6324 4917
1086 6240 2139 336 1205 2639 3102 4896 8601 8988 4179 2528 2382 4221 6654 7874 5727 424 9187 4847 5238 7402 7509 180 8147 6363 3927 5831 3895 3697 5310 6969 7873 9299 4244 8716 2340 2988 3636 7120 3487 4152 7343 7290 9231 2843 9586 5645 7924 8071 3302 8186 1332 4686 518 3582 8274 6868 9013 6200 7339 5475 3554 2228 4191 2085 1027 3353 4351 7173 848 1977 5480 2788 22 75 3142 4613 5441 8917 5311 6000 7276 1577 4859 3854 1373 9519 8076 6106 9436 3420 8403 9564 2086 385 4263
8023 321 8693 8767 6672 5985 1568 4719 3192 3383 7031 6048 8015 7191 5880 717 7506 3509 8934 2017 719 2818 8720 5327 9143 1320 1956 8737 7174 3986 704 572 2145 6142 9572 1784 8496 568 1620 3909 8132 4359 1112 437 8501 2968 4614 9379 6546 1213 3689 1555 8195 5678 8914 3952 909 5098 6758 6859 8523 4600 2706 1549 2577 7330 7101 4055 4296 9024 5283 3301 6605 178 3625 897 9358 8617 7642 8073 2624 4976 1116 3786 7578 9023 5656 346 739 2616 750 2940 4543 2245 1765 5306 5324
5202 5637 2074 8348 3552 8686 2816 3569 1887 121 7854 5769 7498 7655 5320 8428 3290 1495 3830 9381 4449 3031 3478 3904 8759 9 3177 7532 7804 6997 4561 7731 6522 9061 8108 1313 1725 57 1280 8890 1964 1957 6488 9461 3677 472 4342 4087 6484 4840 8389 1891 9093 194 7791 1256 1310 5 8273 1173 9444 1044 2844 654 5800 416 3821 1621 5173 6761 3598 1397 1023 1652 3491 6945 30 3216 2292 4672 8497 3193 8215 361 7245 2985 3919 2888 8734 4255 4706 8304 7160 2848 2130 2651 7986
4423 5521 8542 2213 9393 9056 6229 759 1746 5083 7119 1481 1378 5950 2867 4430 4235 6961 7932 924 8256 592 192 2348 913 5400 294 4366 7916 9018 8951 318 236 2214 8342 6976 2177 7769 2590 9094 1225 5620 2886 5479 2393 7287 7187 1866 9248 7679 4460 4444 4093 1359 4692 8996 4336 7674 3609 6233 8388 8347 3631 935 8660 8641 146 7887 1680 406 5841 2950 9210 2377 7620 2135 5764 3682 4565 8534 4090 5718 8679 3940 2498 5361 6793 9317 9058 4666 8556 2900 6713 6518 1073 6860 1521
6744 4713 9570 7647 657 4349 9192 855 1640 4952 8208 2190 782 2554 574 5664 1362 338 3861 8514 3041 1071 7742 9128 2 1844 4777 5934 5271 5048 8628 9188 1999 7206 2812 7885 965 8881 5600 6217 5788 7638 747 635 1685 3458 4704 6095 3546 6441 7519 6325 7921 9396 7348 8524 2247 9578 8315 1067 4320 4130 535 2319 9202 4705 9070 9156 1445 2612 6304 6350 7091 4542 9395 3286 9197 8949 2775 3407 9447 8678 7850 4641 2849 8812 4283 3381 6567 5618 7530 7486 2853 1022 4812 1013 6746
8702 2564 5150 1793 6944 2593 7994 2934 2325 2006 1642 8226 9219 4149 9419 6426 5253 1462 7662 3036 335 8977 1271 7591 477 1364 2163 8294 4146 5147 7925 5940 6059 3951 9096 7063 9216 8143 2252 221 6070 8500 5762 1576 9264 9503 4733 3803 2823 7575 4829 5802 25 6748 8652 6866 1843 6292 3924 2996 8695 6074 7413 295 4984 1201 2661 7178 1902 2212 2810 4891 99 4316 7650 4900 1989 2482 2454 995 559 9494 3359 9411 2621 8599 2492 9367 2602 4730 7623 254 9277 3197 1261 9337 3468
8798 3931 8296 3781 9316 528 1081 3652 915 2368 7341 3534 5757 7118 3899 2336 7154 5195 6227 1608 1420 3148 8169 9594 3681 7152 8701 7969 7059 519 8362 8378 5930 2563 8883 1343 280 8906 6603 8779 7918 4799 3893 5208 7315 4196 3883 4054 7345 2603 1439 4497 5524 16 4047 9415 6373 738 5654 9160 7807 7760 2196 8621 6175 4068 7027 5924 4801 3974 1432 5604 5471 2738 6579 6443 9125 8160 4050 5018 3722 7974 8827 8817 7495 1223 4541 6864 4773 6243 9335 1842 2668 3976 2961 8626 8241
4571 5402 4404 3436 5894 7545 4378 1337 9584 6629 5112 4890 3564 804 3077 954 4679 6179 2937 3053 7772 4356 9541 3220 2225 3070 4762 5617 1978 6178 8301 1243 1733 8662 4776 5148 8129 1971 3753 1164 8137 6584 7533 461 3667 5961 8595 6906 2928 112 6192 5185 6717 2638 4662 2182 8820 7183 39 6738 2407 3499 4211 5038 6968 3763 7117 5541 1368 3642 9483 435 4089 4224 6397 6631 2500 1982 4592 2274 2344 6751 4832 2267 604 1947 4855 5553 2877 860 4523 3633 3385 8421 2383 9179 6474
7689 4714 7138 8723 7483 4664 5062 970 7462 1825 1488 7307 9525 2378 4334 3890 3045 8082 1888 509 6899 8945 3614 6296 7140 6103 6073 3184 8986 2614 9121 3328 2557 4357 1054 1863 2064 2809 3059 988 4387 3774 5926 4878 7546 5286 752 3968 8769 7169 1742 9509 1550 3081 7838 7586 7124 7837 878 9344 256 4517 4596 5977 6843 1158 3504 6481 1867 6617 3738 9106 9040 1246 7335 3709 4983 8464 4198 2780 9345 3200 7920 985 9183 5929 3304 4998 1305 5756 7607 1172 2449 6659 7687 4448 4406
580 3760 2834 7221 4140 7410 4367 5510 8098 7627 4327 4556 8850 1862 1033 3864 1946 3979 2625 7204 683 9267 1536 4633 3211 5483 3186 3716 6364 6831 6869 6794 5020 3267 938 3123 4265 1770 2686 420 305 783 3483 6504 8220 4428 1419 486 7229 9413 4223 1018 8018 8138 6326 4163 7407 9257 235 9136 1242 4500 7294 7236 2765 8573 2817 2481 5562 1281 3510 5407 3194 7280 9214 7786 664 7798 5292 4467 667 805 8416 5294 1401 6473 2646 7551 9500 3832 9286 3082 1714 5488 9441 7247 2420
4466 3862 6801 2469 652 3836 2592 5382 8785 4527 2707 1927 9224 2193 1893 5424 1519 1392 8825 9098 9402 4276 7328 5138 7572 4550 1932 3363 2683 8960 4753 479 3611 1100 4990 7481 5534 1262 5684 3694 3107 8377 1501 5892 3139 3541 910 5591 8649 7064 7688 4030 7012 6413 608 7251 803 6412 5115 5750 4278 8214 4403 8345 2216 7020 1874 4722 1285 3992 1236 7762 8713 1973 6253 7028 222 3042 746 1602 7323 4450 9530 6593 2955 5504 6092 527 832 869 1819 1080 3718 8857 6393 5588 7946
5614 211 1938 511 9138 865 3091 2070 6320 3776 4472 4788 4195 9193 8427 3257 526 7464 1068 3250 1483 6225 3203 371 2938 6526 787 4077 1264 2719 3790 7260 7421 6297 8549 1398 6020 377 3300 5574 9349 5544 7131 3482 4811 5819 8154 2126 1783 6109 4509 7823 8370 5122 4709 2986 1203 3437 4823 1855 7715 3392 2662 3228 8728 4372 4958 828 7574 1276 9117 1087 3413 6784 300 2246 6339 6055 5181 6692 1834 8022 6632 3303 6937 3908 8815 7683 3813 1737 4715 2726 1865 7054 3030 5829 718
1061 5925 9108 3596 8188 73 102 91 6581 7032 2840 2206 3141 3027 3282 5339 8554 596 8477 6596 6336 7560 3659 283 9554 7312 6779 5642 3820 4670 4924 709 727 7711 2822 9279 5790 5175 4124 2741 8771 5390 6271 6198 9296 7095 9259 3730 1645 6344 758 2440 8484 3423 7988 1374 8624 6709 7669 2548 6870 4473 6566 1148 5434 813 1551 4476 4591 5184 6313 8859 856 8589 8718 9585 369 7420 8725 1665 4162 1686 493 409 9281 8969 4992 6061 4000 1802 6471 2631 5166 8532 3537 7639 5453
7886 2987 8610 6734 4531 3714 5816 5607 5612 5141 1607 742 454 4982 80 2504 6826 8979 8540 9452 1257 2355 4267 2391 1055 1537 1881 7590 5340 6736 6875 2644 2530 1277 7300 6716 1854 4825 7780 7482 941 6685 3377 1613 1941 3294 4007 1985 8361 8786 5515 7747 3051 341 7910 4562 4507 3525 1416 9030 8322 9333 6897 3388 7393 5793 5634 8381 943 8743 3344 3857 8101 2936 1768 6558 9472 6258 5346 480 5031 9315 5625 9012 8499 6739 4524 8642 9090 5190 6757 9077 6439 6984 4750 8526 5445
4438 2709 5943 4957 5575 1248 9016 4936 6331 6820 134 8954 3841 4735 4181 4410 32 5714 1858 2300 1668 4602 8637 8836 5423 5383 2682 8393 6007 3238 4011 5973 5795 3656 5108 1729 4144 6933 6108 7387 3783 6781 9029 5412 5413 3828 5573 6643 1157 6228 6456 8142 7912 1547 1655 3608 1779 4321 7362 9466 4072 7676 8299 745 5603 9306 7061 4981 8911 4752 1575 9496 7433 6153 2226 9037 326 7384 2549 5672 7923 264 6460 3558 7967 5616 2244 2698 9102 4590 6555 4991 6480 9502 2463 2447 7383
4787 5856 7859 9463 8433 883 4364 8040 8069 233 3248 5747 1042 8089 7564 4064 8060 8696 1288 9082 7755 391 2305 9186 453 5236 7893 8268 4513 1523 8223 5022 5058 1894 7781 13 6014 3579 3987 5567 6482 4827 5557 5157 3630 5431 9166 2712 1450 1961 9304 2456 9028 4297 7510 6261 9569 7764 3897 1472 4532 6559 8163 4131 3080 8921 1032 334 4656 6715 2261 8985 7254 4021 220 4006 2524 2556 3748 2880 623 1912 4171 7423 8420 3811 4425 1885 7615 9534 9241 2154 1268 851 9134 9137 3370
4465 78 6810 698 1873 2119 5465 4427 8086 7439 7660 8957 6129 6144 5915 1557 434 1494 6282 8463 730 3872 3907 5109 3409 7895 2520 2808 9009 2665 4728 5428 7681 6574 7042 4295 2413 2399 1700 33 3599 8270 8833 6924 5068 54 9370 3634 4828 3921 4916 3663 8826 8148 2589 6019 888 5659 7014 2801 2462 1624 7320 6721 7021 2051 6836 6378 8357 5918 3399 2024 2335 849 10 3910 1923 3038 6998 3519 8517 9266 2259 6203 9064 6532 1619 1755 5545 4232 6170 1001 4796 8502 4157 7450 9382
1879 2547 5955 3585 9476 8803 838 3605 6193 4203 2931 1666 1387 9053 263 1266 863 4445 632 128 8174 4397 5194 2676 8197 9430 1424 8336 4564 358 3903 4945 3364 2779 4621 1499 5740 4310 9424 2049 7365 8749 8609 1318 7034 3647 2188 2534 5082 1427 6922 8480 1882 754 5704 545 219 5776 7250 1565 5496 4797 5636 3291 3662 4205 4813 3888 6090 6714 4815 1229 3679 8733 8753 7941 5932 2310 6667 5859 4528 4080 1297 6288 6181 839 1611 28 5268 3152 4716 7902 3335 9097 200 607 1514
5212 7836 8373 1059 1279 2743 3496 6542 8384 7244 9583 7991 6846 1036 8724 2011 7298 2819 284 9173 981 5519 6533 185 8897 6910 945 1990 8510 7436 4456 7795 8149 5624 5853 5104 2736 156 7697 1800 1278 244 8405 3316 8202 6395 8190 534 8508 7458 2565 9487 4471 2032 7297 1083 2134 8797 6051 6462 6098 7 6900 5123 45 7158 8491 8869 5047 5563 6956 3780 5102 1955 310 8976 6432 8513 994 8 4495 6425 8694 7648 7081 9002 403 3251 3307 6434 6015 4693 6676 5897 8278 2739 5971
6698 8993 4660 357 4913 1491 5696 3191 3938 2643 8266 9088 9320 4266 5063 5288 3643 6756 6431 8971 3100 5725 6493 4862 778 8349 541 2728 9182 681 2527 4063 3298 4954 1583 8710 1785 4252 7426 6242 8804 9313 4218 9275 4127 4779 5736 6600 7866 5214 1048 1543 47 7349 1060 4769 9339 8746 232 4617 7203 458 8326 4511 5702 7469 1240 6438 8409 44 9230 77 4782 7490 9291 749 103 1041 8466 5972 5449 2117 1679 8919 8887 3118 2084 7303 633 8576 4382 8048 4642 2921 2953 7278 9342
2100 6222 2945 3933 9537 2948 7539 2764 5065 5743 427 3230 433 3104 2455 1763 7610 7267 1353 7265 3035 245 9318 2935 162 3352 4947 6775 7022 6026 4164 8314 8931 1532 4233 7878 9025 714 508 5677 3675 4318 4767 3520 8287 3982 23 6505 2281 6086 8236 5799 1845 4807 4446 8277 9514 9481 6684 1117 322 313 7787 847 7514 7010 2977 9455 4944 5906 8395 3784 7197 6451 2291 2224 2971 7621 9237 2699 6067 685 8419 819 4281 3796 5884 213 9359 1790 6863 8112 5270 5865 8044 5770 6172
