19 17
260 247 218 307 298 224 282 102 4 320 250 230 287 78 299 289 55
101 81 266 182 178 181 104 46 23 241 229 173 222 185 296 165 96
71 262 242 283 163 108 67 246 214 308 144 61 175 36 92 314 170
76 58 232 279 25 255 111 159 158 123 15 227 174 11 149 252 6
277 118 221 154 259 157 5 297 270 72 251 256 152 7 82 80 321
70 33 148 95 203 117 179 315 162 316 74 177 187 217 272 215 305
3 20 167 17 136 273 43 77 190 312 303 286 114 208 47 237 68
63 295 9 69 318 249 285 44 66 134 235 57 42 14 288 231 275
281 40 147 284 171 189 59 141 98 146 73 195 75 269 103 112 86
206 302 113 133 301 306 37 137 311 166 90 135 317 205 210 122 12
109 300 169 238 164 293 85 274 29 116 243 79 93 62 38 128 193
94 168 192 50 64 202 100 292 39 1 261 183 119 199 180 271 8
143 84 191 126 89 212 52 41 65 21 60 176 245 197 54 31 26
219 225 196 309 87 129 139 107 131 153 24 253 160 264 186 115 51
161 294 155 18 216 233 83 211 280 16 188 268 145 120 19 204 220
228 198 257 125 22 88 254 223 99 0 30 106 138 124 194 265 244
276 213 132 304 27 239 45 110 209 34 240 10 291 248 310 130 200
156 13 201 127 150 151 48 35 263 226 207 91 313 32 49 53 278
121 140 105 28 322 290 172 234 267 236 2 56 142 97 258 319 184
