98 98
7018 1724 1961 486 3913 2741 2528 6285 5015 4816 3437 3614 9200 5976 7863 8550 9076 1858 5123 9166 4734 7868 4044 335 8145 2468 7806 5820 2800 7502 8285 4284 7690 6197 7122 723 337 4553 491 1530 3812 3306 4462 3544 5352 1325 5131 2303 5049 7039 7873 3160 3884 5320 8816 8765 7811 7249 5594 3406 381 7917 9505 5375 4097 5124 2832 4753 5537 5316 3047 6329 5990 8120 2287 2145 1884 5963 6799 3902 8060 7627 4756 413 8303 9325 2112 8220 7123 1051 5575 3228 5637 684 9094 136 6819 1763
6720 1349 1552 8506 5677 1819 5695 9371 1071 5511 4274 7337 6483 4530 8653 5225 9047 3974 6633 2280 6199 1928 1075 663 1954 7909 1565 2846 3417 7280 2220 6572 6778 4447 2135 6553 5595 587 5940 2579 6000 9290 8432 6811 7580 5473 8687 1119 4006 9442 6242 3583 7674 3127 8628 494 5010 4955 2242 5644 8415 7858 5886 4538 1364 5662 2198 3599 8481 277 6872 4936 6488 6125 9239 846 2472 8798 7098 4975 3858 3066 3703 8567 4301 7632 6986 8380 3215 423 6497 3167 7338 1289 5626 75 4551 4578
6218 3203 7720 6535 859 8261 2271 4768 4251 7071 4568 668 6933 3492 414 7043 1284 3770 4120 5284 2181 6324 5686 5085 7898 2619 3052 5948 7228 8465 4065 6802 3278 9389 9328 5350 8087 4656 6147 3092 1677 7050 9531 7535 1222 9025 4012 3500 3920 1715 4978 3392 5616 3330 3111 986 2819 3697 7563 3408 1905 5297 2111 5383 3016 4201 9111 2577 417 1622 2007 2626 5444 4459 7053 1799 5579 1770 4215 5997 8477 7940 7355 7496 5528 4281 4444 3227 2249 7805 8469 5822 6843 9463 4596 8818 3865 6023
1617 4048 8281 5347 1170 8050 7791 5370 519 8582 7222 9356 5761 2898 575 1156 5919 6669 4443 3446 5804 2807 7211 1870 8998 8037 9085 3621 6754 3239 2939 4583 545 8021 7969 5362 7954 2816 6057 2477 5175 4777 3086 1796 8212 1873 4894 6358 7106 6438 7005 6536 3551 7926 1245 5270 7078 9537 1757 2540 9058 4889 3975 7434 6235 1383 2243 1068 4086 419 7473 3829 1187 6286 8551 6404 6164 6510 8748 397 1073 700 5304 6175 8504 4239 5336 106 4355 4863 9458 4228 7478 4635 286 1469 5079 2046
4766 6144 2010 5369 5691 3346 8393 3956 563 2309 5152 7048 3550 304 8384 2107 3561 4442 141 2098 9278 3699 7513 6177 3679 2480 7865 3045 8250 7348 3154 3606 9181 1258 841 7330 6421 2033 6355 9289 4468 2717 5762 8088 2219 8752 6993 7424 6338 1681 47 6192 6054 4230 8182 9521 7027 833 5901 752 8805 9157 4885 3637 9339 7808 3966 4158 7167 5481 5650 2339 2256 1049 4118 7776 1735 5306 1740 6401 5006 7566 4790 6251 2395 3953 4280 6454 4084 5894 2403 6301 3708 2747 2827 1035 655 7149
2639 9120 2784 3267 6857 7257 7683 2337 2483 232 967 2834 6268 4658 4677 7663 8594 2896 5344 9309 1008 1279 8241 9474 3799 2613 323 8729 5266 4271 2705 7301 9137 9318 5373 7896 8471 4719 6415 7643 1206 8280 6927 2426 3051 6146 9001 1447 9222 2531 2217 661 1978 9445 2788 6550 9112 721 529 8154 1536 8346 8069 9340 3993 6246 4297 7432 3241 3191 2666 3718 2381 9048 4928 586 163 1020 7393 3493 7092 3940 7302 3567 5539 5114 8555 6035 9380 5345 231 5272 311 2780 3389 8561 2638 8930
6719 8575 590 4351 7481 7363 5960 7178 1127 1184 1095 78 1795 5209 447 3220 1354 8897 9419 7506 5913 7736 153 6204 1903 1926 4931 8 3348 4750 6866 2777 8371 2954 3279 2518 5856 7030 4349 6384 1797 4718 552 5689 7739 1352 6873 7174 1602 970 2930 4445 995 7076 476 5425 6538 3560 890 2235 3508 7937 5282 9594 2614 7020 6063 2451 2035 8312 7793 1904 8814 4157 9320 2725 9344 287 6785 7959 819 7095 5076 584 2125 3724 5859 7652 6992 5681 2851 8797 3093 1495 4617 7485 3539 5614
9337 7219 4647 5711 1754 1772 6949 4740 7656 4881 224 8925 1128 1308 110 1099 8260 4536 5607 7503 6616 4256 889 7586 8937 8780 7766 3653 3832 7427 3595 8950 3155 3683 5747 7515 8836 6335 6648 4376 5286 2276 8715 9440 4290 2859 1217 2668 734 15 6212 193 3668 5749 1345 5459 8587 7294 3797 8208 3178 4681 6317 227 9146 6082 1518 4700 3205 112 1768 6468 2786 5611 1463 7600 5358 6101 9533 7464 8099 1323 5597 6036 5784 3903 294 8952 8871 5900 1901 9167 5377 6134 6475 4196 5067 7469
6563 8456 7762 6762 905 1430 1183 4686 8792 2810 2899 5496 462 2462 244 4475 6253 8125 4174 7921 2258 8043 4192 5628 4490 8983 7582 369 8203 3589 3496 2563 3721 8770 8324 497 5729 3296 8881 6530 7902 1160 9203 884 8734 2431 1087 8889 6666 1455 334 803 2541 8395 9295 9223 7837 2021 3157 4005 5102 504 4464 154 1623 2473 9026 2084 3933 5631 3635 8634 951 3299 8560 3033 5474 158 5251 3394 2261 8354 7374 772 7016 2203 4639 9296 4401 7919 36 7670 3712 2457 9037 1457 2331 1102
858 3128 6789 4964 8101 675 4543 910 9000 6991 8408 4365 5070 7404 3018 8699 3928 8696 5513 5468 4815 8844 3935 5861 1821 6265 5884 5467 669 2562 1288 7417 7686 8999 6773 6148 9150 4649 2115 1839 2106 9282 3193 1097 7102 6889 712 2775 8304 4508 2961 5570 5235 7398 5103 4741 2507 6822 8162 6967 7390 5758 432 4484 5478 1963 4277 8356 3138 4927 7486 1919 2715 6333 48 4032 8193 844 2495 4402 4150 1509 4037 5106 6325 7809 5077 7243 1739 797 540 8662 6375 6731 963 2096 5810 4211
5250 5361 9040 4169 8872 455 3549 390 4221 9116 5449 2529 9406 3786 9101 7037 2241 7303 275 8366 4163 341 7252 1406 1236 7328 3611 8667 3214 4708 7598 5074 5506 6361 7204 5283 3898 5980 8543 6349 1107 5050 4285 513 4414 4503 720 1794 3762 4580 7082 6875 6930 9206 6733 6788 2624 8486 5001 3325 8396 2828 6674 7590 2863 3012 3116 5087 1865 2756 404 6947 7859 566 4455 6223 5480 1644 8693 2428 2720 2538 1947 7605 5952 3528 8075 195 1790 1820 2443 8877 8525 880 2205 1154 6435 67
1418 8098 9470 1643 3746 5793 7923 2232 7480 3300 2598 7750 8008 8430 2843 4805 1058 1281 4467 1122 4725 7869 1753 4310 6935 6521 6965 9194 6369 9511 1263 7223 8823 2661 4335 7523 622 8197 1945 8390 1489 4167 5147 3657 3185 6996 5771 2057 6376 9589 2830 7202 6474 4018 5617 9051 7034 2693 1460 8775 7912 9106 8835 5485 1665 653 2761 2804 1496 3573 750 2901 1256 4789 7833 6512 6681 9133 4754 7828 1240 7780 6070 656 1461 1304 6537 1574 8447 5995 2787 6878 7824 4897 2278 9164 7606 8845
1123 2191 3235 3095 7961 4983 2272 8458 3598 5463 6227 4283 777 5429 7604 8518 4976 5774 6956 1438 1826 3097 1525 1306 6153 6236 9446 6684 4478 2557 2037 7794 9220 7724 8643 3042 1887 4244 4610 7308 6634 4144 366 1198 3210 6729 3134 9559 142 1762 5170 7719 2448 5243 6626 3616 191 6269 8869 1833 76 40 4058 7105 536 3610 8252 8947 4834 2565 8769 5148 8811 2510 6166 6599 5783 790 1546 3981 1783 9388 3372 408 6493 8184 7293 7815 102 9412 4653 6939 2887 3302 2506 7530 4076 7162
2290 173 270 9585 748 2225 7653 1393 7945 7691 7703 5014 5321 2629 5019 3430 1713 7006 8240 8141 3147 1040 6363 3489 4295 7774 7060 9364 4598 3802 3113 34 780 8838 6348 92 6306 6975 5348 6217 7290 1925 7848 5653 6066 6108 6890 9287 784 821 7451 8302 2941 555 2382 1162 9298 2891 6780 284 3124 342 7470 1980 8211 2945 7281 8826 976 300 822 765 6793 3291 9240 1497 7728 3106 1482 7855 7832 3662 7321 1936 8735 5753 674 1195 7166 81 6627 6747 7177 7265 5703 5563 1624 1667
2398 645 4458 9162 5052 4547 1944 3815 6133 9187 437 1318 6765 5054 8713 7199 5099 6609 8437 9207 1853 1861 3110 42 9178 5881 2455 688 6195 5273 9472 4451 3925 2861 1672 2582 5417 3144 8385 5782 7927 3292 1728 2059 3058 7751 3283 5330 1965 8963 7657 8492 5524 4438 2040 3364 245 2559 182 8002 5291 1682 9052 4524 5263 9393 5832 6407 9104 5487 450 7644 3510 9097 7316 2955 525 3183 2537 6826 701 1177 395 3985 2066 9267 9525 1425 3837 1088 5476 2630 6812 7479 7554 8030 5922 3720
3831 535 7420 912 4463 8066 9494 9088 351 4038 2386 3856 6805 6304 9123 5551 6848 3098 1649 6937 4798 8778 5779 9558 3547 679 1285 4738 2394 7229 7578 332 8115 7128 61 8691 6757 3687 4822 928 4237 1042 1293 3272 925 5964 983 5193 2692 4884 1413 7442 4542 8694 4724 4423 4216 2609 252 7986 8817 5750 6417 625 8809 5572 3916 5622 4826 714 2415 5450 9023 4008 5372 5625 7209 7731 4411 6899 2054 8843 5182 4267 3060 502 7493 9501 4839 186 9515 9453 6906 2848 1054 5719 7357 648
489 4748 4031 9522 5549 9055 7818 9171 4476 4916 148 2960 9065 1663 8641 8179 2649 929 5238 1759 2252 9354 5526 6327 5374 8271 5411 6029 3758 692 6002 7025 6693 4417 2554 9367 400 8965 3572 361 2839 3412 3494 4363 9215 7963 2811 7054 6379 6844 9498 7310 9062 8886 1676 4404 3473 7842 3289 9316 8307 7013 9404 6978 4233 8116 2200 4388 3618 1551 9411 3894 5136 9456 7003 4481 155 130 8427 1751 2377 5053 4663 892 3543 5097 9443 6737 7775 4772 3072 2167 8942 7032 8496 7109 2514 7047
7108 2596 4139 1069 179 3109 1532 5720 6928 6295 7700 8825 1823 6697 4416 8263 1319 9208 3915 2325 2343 786 8580 7609 2171 2962 3876 4915 4833 2677 8863 6394 5416 6958 7153 1384 4116 1044 6686 4924 285 528 8264 7188 5239 9077 8712 2079 358 8839 4829 2687 631 6700 8978 4854 8151 431 3822 403 2905 8146 1798 5850 2643 8894 9175 5334 8837 4218 5458 1382 1892 1232 4399 4030 50 1661 691 2383 8557 5533 5812 2113 7158 3753 6279 2958 5086 5724 2711 6282 8070 7077 8436 6531 6194 3440
1738 9308 4487 7924 1908 1449 3171 2608 2575 463 7463 4034 8705 3634 1563 4311 1628 6037 9407 1747 9213 5826 28 6662 4182 7173 2466 6308 6972 6089 926 690 9269 4954 367 971 3269 9177 7033 3207 3288 5105 5838 2517 7256 6009 4688 8270 8143 9459 8716 1659 370 1275 5249 3488 4770 54 3751 93 8139 3736 7749 7246 4315 7306 7526 4300 8586 8110 6944 2257 9224 202 5915 8749 8905 4389 8032 4858 7385 9072 9536 5509 2423 4861 9260 9575 1483 3641 2004 4252 8880 9119 7364 3556 8631 1291
7684 5591 8394 7894 4495 6118 7781 388 4165 1867 6694 3817 4788 1605 914 8640 5141 5909 5869 6003 8454 6976 4029 9299 1064 4761 7779 2289 2187 4906 4002 5904 7350 6459 5422 6618 8210 21 3984 2990 7942 5806 2926 7304 2688 7035 3418 5453 3563 4526 5128 2321 2703 2844 2227 5112 4893 4581 2951 1505 562 203 7834 2461 3174 5151 3946 6556 4407 2244 4571 7951 7101 8410 7195 8982 1779 3596 7440 7964 9114 9484 6926 6062 766 7491 8879 3602 1266 4913 4473 3375 4880 4784 7315 2975 6763 5401
670 4413 3435 9201 5858 7253 3785 4422 9160 8711 4684 7135 6816 1547 7574 2912 2627 666 7168 9395 5214 7142 5606 4231 1711 5652 111 7268 4130 6434 4606 6436 5548 2068 4345 5564 4971 2367 2702 3619 9032 6201 1363 4398 3247 6948 9571 5787 5675 2904 5337 472 9216 5233 8773 4995 9092 2223 2651 6047 2906 4140 3020 3546 6458 2175 2056 774 7509 8573 4110 1086 4981 9272 7150 5177 459 7667 3264 7553 3849 8608 8676 4073 9238 1199 6761 1950 3119 4655 1902 373 4190 5271 9491 1083 5665 3868
1181 446 5149 7488 9329 3458 2847 2446 711 58 1566 8762 1571 2774 9535 9372 6059 8984 8119 7838 2470 7041 1583 1517 7061 3538 1481 12 5943 4801 6157 3905 9129 8103 5229 7214 617 6440 8723 5310 6900 1373 2038 8766 9075 5423 6644 1784 1224 530 3710 5228 9322 1933 8397 8159 4962 4450 1712 1878 5156 9305 2530 1047 8571 1658 7045 4793 2402 5045 9369 6356 5040 761 629 9397 3303 2516 906 1427 6825 7517 3188 7522 811 3877 1389 4354 9069 9405 379 4075 2636 1914 1037 2814 955 7402
3692 7665 2097 9212 6985 887 3854 8683 9188 7870 7345 6123 9018 4767 4268 7403 1511 4227 6555 146 1655 9186 4007 5589 9169 5386 2047 409 5764 5145 8786 3628 6698 3706 1631 2733 8692 4531 547 6571 2364 6121 623 2015 5672 3443 5260 6020 6167 6527 1841 3757 7346 7254 5162 1662 621 2870 7201 8977 8680 478 1913 1359 2779 1504 9502 2378 7011 5000 6203 5984 854 33 719 8548 4819 3108 6897 842 8630 6314 5305 3129 4397 1907 2310 2515 3027 4051 4148 8417 3769 3275 3308 4887 9271 5759
8026 7119 7577 7701 8681 5154 4809 582 3535 1943 2117 2743 8789 5446 4823 8526 2028 527 5011 9110 5875 7814 4544 6196 1652 3663 4575 5512 2766 742 8191 1718 1708 3754 999 595 1098 8183 6861 9039 7576 8055 7763 4910 2307 8933 4338 4707 8485 1750 6638 1322 7771 7429 3277 1273 3462 5125 5293 1021 7732 8054 9163 5621 6564 180 7212 3457 2030 5346 8174 604 6758 1997 1881 9020 8357 1280 1337 8283 915 8515 3297 8172 8059 7113 8328 6602 8986 8973 5907 7241 2866 2558 6219 4923 1599 3025
7841 7295 3221 3795 9280 4618 3901 7514 6290 8058 1157 3023 9552 301 2090 9291 3486 1407 5603 8772 5332 1045 6528 1642 1109 6388 8167 7358 9560 816 687 9596 6437 5203 8127 7999 732 7190 2631 597 2803 6030 6525 8865 7312 9276 6798 2067 6574 1847 9263 5878 7261 4529 1350 1801 2665 2324 7299 7063 6709 8352 8921 6888 3963 7936 1625 6423 8077 3669 975 3777 7274 368 6545 8498 1650 1399 6756 109 2737 7544 1610 2927 4317 2768 1475 2132 6215 3747 4942 389 9053 3685 4869 9056 7984 7681
6068 1466 3475 4619 6732 8484 9476 3368 4746 2876 2658 6833 9378 5966 8995 260 5768 7542 2221 7910 5410 3624 710 7862 1214 3734 3744 3237 4621 4092 6110 2148 43 3761 6498 554 2976 7866 6299 7422 943 8265 8720 4706 1210 8615 5536 4222 8196 3351 6061 9277 6801 2950 4977 2153 6929 1209 149 2736 1582 2182 138 6457 8585 1915 4276 1621 4428 6760 8920 8581 3893 8051 3694 2790 8369 4434 7944 7989 1792 5844 1809 2356 4039 7699 5031 5835 62 4429 5632 4095 1791 7383 7120 5560 6508 1443
9294 2430 7372 1522 2881 6444 3566 1969 2684 9603 7426 8194 6829 7291 612 3502 9081 3181 2001 1001 3944 9152 3897 4028 470 7349 8966 8204 5979 8528 1112 6316 7026 1966 5047 658 1365 5484 6012 7980 9145 9279 7181 1372 3078 8222 3344 5667 5 4563 6660 5941 31 7238 6041 1317 269 94 8439 1278 7743 4764 1331 1976 4845 1186 8147 1909 7239 3609 4176 1404 6837 5828 628 2670 5436 1690 3748 4152 6544 9043 4001 7584 8908 8939 4159 9230 5770 1411 4859 7111 4796 1111 3691 8107 2188 2526
5643 3666 1168 7753 6824 8968 2374 2169 2018 907 1760 8530 8638 5751 8201 7887 9249 8679 857 5889 2685 6499 676 7397 3257 7573 7562 8169 6676 5095 988 8648 4021 359 6477 7525 8448 708 550 3853 3339 7592 501 3234 823 825 7950 8443 3512 9573 7847 8468 3780 2269 9415 2229 8176 1698 6007 5789 6859 3411 3674 2418 5202 1220 5236 3262 4036 4054 6561 5581 7881 5527 2940 6202 2239 2740 6827 7296 4134 1812 9527 4302 1096 8909 1531 5879 3067 7379 6960 4715 7575 7008 2642 2251 9185 1025
2699 3798 8824 9549 6970 5754 7668 8822 5121 8985 9506 214 9281 7787 396 2871 3217 5857 8035 9218 3044 8590 4564 263 7159 4778 6567 9284 8736 8012 5063 4088 6943 2689 6084 357 6398 5224 331 7176 2279 6053 1338 4288 8647 2744 1707 7495 7895 4692 6867 8272 1300 2060 2354 165 8795 9148 4676 9475 4675 4519 9433 3048 2400 3359 7046 1116 3431 8994 1683 4579 2102 10 1869 6870 1876 9599 6596 4082 4089 4135 9417 7846 2234 8237 385 9172 5918 329 6207 3954 4259 9403 3136 3177 5211 393
1660 4125 3385 3962 310 7080 3465 9469 7819 6403 4255 9503 9444 6534 3172 4622 7441 913 6815 1590 6156 9331 8433 7051 2199 2104 23 4849 2469 3542 196 7995 1215 1596 201 9071 6806 7117 8821 8834 4953 2734 49 6086 4882 3675 7276 1101 3463 6505 4496 9165 8413 3830 6777 4013 738 6794 7821 9064 7835 4181 8951 4147 8741 3321 544 6238 8206 3398 7472 7455 9304 4541 5935 8927 9434 2456 5069 355 9268 4549 5702 5571 1811 1716 3282 3969 4518 6330 7880 3729 2732 8228 8945 3461 4901 4918
7899 4616 7666 2584 274 2474 4917 9569 7946 7744 638 3293 8225 8365 6770 2476 2168 3198 8885 9183 3629 3942 7587 451 8027 3725 151 8883 7399 8604 1737 4612 5460 498 6427 896 1356 4390 6362 4992 5169 7314 6372 1805 9046 6894 8546 1388 5298 8549 891 8003 5842 7332 7320 8130 3977 9017 1260 9173 7221 9270 1564 1569 973 8724 8754 2254 9481 3120 2978 2077 961 2275 6228 583 5546 4830 2360 3497 2416 6272 3212 581 6677 24 4552 477 3645 188 6748 8907 6481 4119 5837 2548 2436 518
3880 5035 9591 2424 8614 5412 6597 4657 4726 5278 4937 882 2578 9495 6496 7619 9516 5816 8150 9321 8961 2972 4775 974 3737 523 4342 2599 1445 382 5805 8941 6909 6097 324 7611 737 8832 2164 1550 5144 1699 515 5756 7062 969 3043 779 6519 5693 874 785 9338 8948 2853 71 7826 6213 2845 5237 8278 7457 9248 8688 2076 9021 601 9087 4664 5534 5555 5184 5634 5664 2947 9390 1814 8934 8747 3673 4959 7406 8061 8632 531 1854 1228 7220 6400 4183 5021 773 2809 2738 5982 1911 116 4180
8746 352 8757 5734 3565 6931 4236 7933 5314 9050 1634 4883 2865 8744 392 1235 2765 1272 5176 727 9576 3399 4153 5340 425 176 8473 1992 9009 8627 3021 7126 2401 2680 8205 901 5601 9375 13 7184 9121 230 4131 7854 5727 4479 2255 4331 8019 6847 6332 8764 4565 8854 1189 5428 7585 243 870 7876 2556 6186 4178 7169 5073 2988 5024 1960 5212 2301 1216 6011 7114 2760 4366 3961 5712 6287 2770 2206 3049 1937 1429 2440 3765 1208 9586 5520 5683 441 8464 6408 3524 4016 1572 532 240 7010
3941 5692 4385 5290 7097 9508 3468 8248 5522 4559 1374 3790 6162 3794 4691 5020 4909 140 8685 8121 9103 8763 192 5508 5883 5135 744 865 3998 5696 2192 2628 3939 6688 3843 9275 1467 428 605 156 7639 6428 8566 6174 9547 1842 4047 3545 3764 8728 7318 2913 1218 958 7342 8446 7477 4133 6896 567 7785 1686 5736 9311 9538 6707 1975 2449 1844 4200 8148 8142 2568 4171 1979 8251 810 1180 8234 4828 69 1451 96 2543 3337 8040 7802 6024 9357 3466 4751 5620 8899 7777 8759 6476 8856 8013
2397 7533 2333 299 1542 6874 5096 1174 8509 9584 1691 8756 5936 3638 1570 9154 210 7977 3579 1994 4226 6094 9156 1146 7768 7871 7973 4662 6261 1027 7851 5912 9477 3246 5143 1476 4626 8309 7595 2297 4017 6524 1977 7009 7677 8505 9312 9579 8368 1120 5514 5173 5254 6284 5796 7094 280 5397 644 6620 4930 9180 8156 2180 194 3643 7056 9452 2781 4810 5732 826 2202 7850 6871 7510 39 9059 7710 1506 427 2385 8828 6548 1082 2493 1986 4482 3332 2496 6273 1703 3240 4762 1647 2359 7431 7193
9510 796 2595 3026 2214 2655 9 4099 6586 1121 8342 9254 1197 699 6640 4203 4729 9310 4595 6656 7885 8359 9448 5008 5824 8421 686 5308 6526 2583 5094 1072 4569 1651 8583 4705 4486 5839 6360 6549 831 266 9019 8517 8372 5438 5709 7436 3467 5953 5808 9562 4585 8815 8779 2419 799 349 4293 1934 5748 2195 2349 5862 4862 5718 7130 2264 1211 7245 3219 7140 7729 3781 1022 7487 113 5587 4624 7659 1641 4449 4425 3659 8562 5351 2253 2388 2989 1981 7717 6211 2974 6968 5658 2815 1618 3378
6876 5471 7764 2130 7607 1513 1544 5289 4113 8472 5199 5657 9140 1788 553 5276 3309 2522 3891 4305 5367 7454 2585 548 8633 5058 5809 6277 4199 4087 2409 8639 3548 1089 6095 3879 8487 2172 2610 6766 2880 6416 4400 9539 1920 3034 7152 9483 5187 9548 3859 5232 1015 6464 8521 6953 4877 6138 2350 1789 5708 6678 6091 2088 5221 3141 8118 9100 7564 577 795 716 9022 3419 9293 3422 5565 3970 4523 303 445 2835 3145 7712 1347 1732 6305 1640 2934 291 7642 4781 1557 5559 603 3655 9593 3533
2903 6326 1829 1013 2150 8622 8344 3846 2783 3476 9297 739 6183 6092 7361 7931 2714 9237 5194 4469 5942 1169 9567 6522 1700 594 6883 2745 1351 4704 3640 7812 2798 1067 9504 745 6842 2984 9496 7191 8475 5906 2222 3015 703 6103 4229 3890 8422 2931 4502 871 197 8568 1408 8955 5811 6672 3333 1537 1539 8136 8299 7439 2921 2840 9468 1912 6399 7886 1886 9149 6755 8006 8707 1340 8457 2825 336 8259 7260 2504 839 4122 9471 8742 2458 9450 3355 3965 1292 308 7377 8852 9368 6964 6884 2459
5204 5133 5042 5972 4597 3886 9153 1394 4128 6129 9598 3987 3290 2991 5421 8980 8005 2 770 6768 8664 2101 9179 5027 322 6923 6255 9379 9454 2793 7081 2755 4986 1440 363 8347 8619 8617 4603 4191 3004 5394 7928 5726 6080 8406 438 2973 6426 4043 3238 2877 3101 7635 6367 7623 2648 7287 3896 2368 3080 4024 9486 5865 5556 9151 2043 771 1584 1553 3951 4289 5819 2155 7504 8928 1243 5192 5623 5109 7216 448 4114 8806 7017 4697 2588 1548 1653 9007 5670 6154 3135 5475 8499 1787 1656 8057
5244 3882 3336 5566 6160 2064 4870 8325 6516 7086 2008 1849 1150 5561 2505 6969 5532 5841 3428 9523 2842 6249 5012 3988 5694 1633 808 5122 8082 5083 7916 3863 6392 8513 228 5315 749 632 8226 5916 9377 3968 7036 8137 1133 6193 7421 1743 5568 3592 5583 4522 2663 3008 2376 3957 83 2342 5645 5360 1052 4316 169 1395 8132 484 2245 9211 5490 3001 8102 276 125 3373 440 128 1303 2138 4856 1043 7405 7852 2412 730 1813 2134 6038 2581 6258 6467 4646 1588 5604 3314 3594 3148 7558 2821
4247 1851 8221 8900 2937 3834 8669 3218 7901 7273 5188 6334 2607 6637 6592 5359 5498 9385 3778 9373 6581 2149 8888 5957 538 6051 6840 1744 6661 8353 2317 3263 4993 4592 3125 836 3819 5950 6560 1824 1230 6073 8388 9292 8876 4392 8445 8335 900 7596 3245 8857 5353 143 2513 7903 8686 5827 1725 8663 8616 1970 2315 6898 2603 189 7227 725 5567 3791 9391 444 4435 4263 7816 6056 483 5301 2695 6682 8943 2501 637 678 6623 6071 6647 26 3934 651 5445 6667 3441 1104 1343 6743 8268 6588
4461 268 4446 2375 6122 4112 3186 6998 5068 1704 4689 7971 596 6619 787 5914 9570 3789 2414 977 1353 9394 9054 3382 5395 7889 2721 2212 4493 5553 3122 4782 1668 7073 406 2216 9105 9543 753 4867 4952 4224 4396 3911 2915 2142 608 3123 3073 8665 8431 4840 8269 4456 4537 251 3719 6590 7629 7992 4550 5443 9488 6270 2490 902 5802 2826 2236 8524 2654 8276 2273 4485 8275 5166 8596 219 3779 8327 3305 7072 3091 4368 7144 2552 2179 8017 5586 9233 7908 7100 2889 7823 1485 1595 7278 9079
6322 6957 5307 4053 5385 7121 9464 5871 2445 1344 4367 9424 1316 3401 5518 5349 2366 9251 8217 9066 931 7107 3479 8112 327 7148 9565 8874 5697 6455 4025 2237 1366 1803 4703 8993 5060 7187 3557 6683 5521 7309 3377 788 2883 6396 2511 6482 5343 7655 606 2922 2576 6864 1336 5799 7430 9306 2617 5093 4194 1938 3731 9327 2085 2817 7110 1065 2888 2862 9063 709 7247 3680 9057 1543 4091 2837 8731 2618 8794 6366 3730 5265 1645 8698 6741 8287 5483 1231 5743 6127 7722 9383 4760 8340 5713 6190
3715 9315 8903 9493 9109 2943 1577 6971 5987 6716 1444 8224 3576 6115 6905 6774 1575 6712 2502 2959 4989 1136 6109 5355 8537 3420 7438 3686 693 4776 8976 4356 6515 5557 6615 1264 5968 8522 8083 3646 7494 6049 2031 4129 5181 682 8646 572 6060 6652 6042 7671 5946 5039 1778 569 3604 1993 9332 2283 8202 5248 9366 5071 115 4638 6920 272 5246 350 2025 9514 1472 9449 3103 1585 3276 6979 6726 9061 7001 6090 6577 802 4362 6786 8697 735 6689 9416 990 5477 9122 9199 4103 4258 1558 9135
3223 8044 2726 6370 5380 3752 6658 9132 3642 132 5991 7649 2157 8489 8790 2259 456 3871 6254 5700 5954 184 411 3107 7537 4022 3036 2719 3216 7675 103 7091 9068 8467 7962 740 8419 1310 1229 3094 1474 5032 2549 8479 7770 6100 1265 4572 5682 394 758 1840 8866 883 2838 3711 1502 9382 1368 1298 5562 5171 452 591 6298 1948 7888 398 1155 7807 3310 5256 6243 216 7960 7450 875 4327 8387 1294 9429 7725 6017 1832 3162 4195 989 9005 6214 1223 8923 5036 7226 4415 6753 8864 407 8787
8997 4905 4902 5399 3874 9041 1827 8048 8868 2916 3516 837 6850 2856 9300 965 3552 6997 8171 7548 5183 5618 4515 3224 5198 6721 6704 9034 3695 5671 7137 2328 1604 2806 8658 8793 8670 8114 3071 5111 9006 6962 627 7079 8038 1213 4052 4709 3558 9341 6180 1874 6606 7449 82 3796 7727 6869 4951 3918 6150 903 4063 867 6608 7255 2073 7460 829 6990 6665 7000 3017 1555 5733 7529 8336 8717 4737 8578 3369 7258 9086 7747 2159 1990 9274 8355 7388 2794 7820 2605 3427 1837 919 7972 7461 6932
264 873 1078 6881 7572 8412 8512 360 9197 5503 7822 9384 3088 6852 6838 8133 7370 6915 2667 8588 620 9093 8314 8414 4792 3907 7581 7067 8311 4749 59 8348 9557 4206 7224 4679 2716 4548 6639 6557 543 5908 9360 464 6728 1477 775 5868 2796 7471 2933 9089 2535 3726 7317 6492 7561 35 6044 7716 208 5825 3862 3208 8233 7015 1769 7359 5230 7127 4303 3740 4294 3085 3087 6357 8117 1985 2306 9027 1710 8848 1666 3226 8256 7040 500 7955 1307 4184 2520 5376 5191 420 3529 6796 8992 7323
5253 7547 8392 4427 5582 7288 2944 44 3065 2320 4720 4752 1940 6982 2019 696 6987 234 289 2487 8306 7075 4405 3804 7401 3996 3698 949 798 8409 8991 1355 8350 5268 5863 1882 8020 1956 8440 1055 6184 8884 8709 1897 6352 3665 422 7687 8810 4162 5927 4567 736 242 5608 2396 1774 1192 3329 2340 1140 962 4713 3755 8381 2293 3632 6452 9257 4273 968 4566 4582 7673 9262 8656 2211 3286 3950 9082 2305 7259 9124 3932 1776 3104 3014 4419 8975 5329 4669 4292 65 3464 9191 9098 1941 7907
4739 8200 6584 8164 5160 3633 7614 7985 2421 9517 4590 5432 6621 2294 1507 5888 6559 8361 1158 2710 1226 8442 6831 3102 1436 1011 9333 9507 4369 4061 1603 354 6810 7476 7365 7132 436 7801 2997 218 5772 5403 2758 8140 493 6706 5341 9099 345 4668 9095 5495 7083 4219 940 5612 3414 3600 1526 1125 3099 1616 6359 848 5961 1962 7603 4702 2336 2411 3007 7154 6797 524 980 3860 5110 6749 9033 9035 1895 3176 8364 3892 5801 7662 3582 7941 6934 206 3434 1453 212 6083 1464 7721 1520 9334
7446 9541 3949 4339 4570 886 3074 6924 3366 3126 7096 1334 8962 941 225 1880 4173 3341 66 7975 347 8493 2907 8091 6079 4576 7511 2560 7875 1094 4160 8541 6980 4015 378 6624 6085 9323 5327 8460 2524 814 872 2664 7196 160 1486 9400 6520 6420 4540 8379 806 3636 7608 7007 14 3345 3844 8750 8507 258 79 7012 2061 6419 4337 9352 8334 2479 8045 2924 6234 984 1693 100 4440 8177 2956 9232 4081 246 5437 6607 3059 8007 7953 1202 4364 2678 4426 3477 6064 101 1194 2653 9480 8788
7482 1247 1879 8913 6727 5402 4875 5544 8332 3973 147 3681 960 556 7799 2546 7796 6158 1257 7974 2190 8771 8041 6546 8657 5674 3722 5072 640 9241 254 6542 3976 6078 7508 371 3354 2384 3456 4170 3484 6321 3899 1057 9348 7735 2121 4630 3776 3783 3575 9016 2011 672 3100 2485 5108 5744 2124 2441 7904 592 6230 7934 1562 6309 3997 6880 5763 2247 3850 6016 7734 7713 7392 7024 6511 832 6635 4948 3268 9396 6945 8569 6836 2566 1259 927 2831 4117 7311 6699 5660 8801 6751 7213 1050 1261
9083 3471 4512 4042 805 4835 7782 1692 9550 1967 9580 8808 3593 2365 1255 8129 3230 5142 4693 1262 7234 2100 7970 508 8912 4799 3000 9489 3386 5578 1079 7560 5167 6264 3319 8490 598 6075 2262 1958 1246 2361 114 3924 2672 4680 5896 593 3068 2020 3046 5910 9108 405 2080 4340 2908 9243 4102 3788 1010 2291 4560 4104 6120 1742 9346 2129 9246 5656 5259 2389 8047 3952 8956 5267 6048 2413 8938 1868 5409 7198 442 549 1591 3661 9128 5788 6425 3742 2918 8520 3622 4847 5899 267 4898 1782
3284 4107 3255 2425 1996 2230 253 1560 2573 1580 9347 3340 8917 7557 4506 1239 3376 8611 6151 7918 3540 579 1601 8553 877 6283 5722 1488 139 6808 5456 3845 5003 7139 45 1271 4109 8313 7171 6918 2500 3682 319 5164 4866 2071 5525 7856 2016 4049 5165 3767 4521 1287 2640 8318 4620 5200 3927 9143 6724 4907 6320 7189 2330 4605 8714 6503 7282 4343 3895 4935 1807 2679 4640 1105 391 1377 1635 9102 6189 461 4185 8052 3912 5651 897 5354 3654 6226 6818 6582 479 537 5535 626 8503 4860
7754 8249 8090 2601 1894 8532 7389 8476 482 6031 917 4420 8576 283 6052 5843 1573 1554 5893 5018 4545 1719 1896 6378 4879 3028 7164 5738 1332 6240 3423 5552 2965 6098 5017 8242 4941 3449 1330 3322 3084 8444 3847 5023 3328 1752 5208 7539 5627 3090 4068 7688 4189 7186 3999 6589 5043 2508 7497 5898 3316 5400 9176 4873 9210 2946 8341 8510 8799 6540 9402 3338 5431 1077 2012 8438 7103 2824 8988 2754 8491 996 8782 7906 8482 3525 292 7810 1159 401 5807 6853 1639 585 1029 3627 9147 8833
2979 7124 3741 1508 4055 3280 4765 7084 2713 8337 9430 1454 812 6565 2488 51 8732 9283 1028 698 7391 646 2818 172 5009 6612 4507 5814 5911 7601 8216 5389 5312 1918 8689 8577 3656 4166 313 5846 3960 1203 4142 2952 1638 3578 9045 6178 4712 6351 5241 4374 3209 1804 8423 8144 1381 1766 4573 7414 7849 1500 2977 6821 1314 4243 5590 7626 4304 4607 8214 8391 2964 5126 4501 4432 6653 7745 3115 3820 2909 5740 8971 4851 5600 8796 7270 4452 9330 7654 185 4785 98 6318 2932 2637 2390 7825
7742 3152 6792 1973 4474 6099 5877 1689 9014 1800 1697 9326 1828 4111 5127 344 4892 46 4678 9044 7804 8011 7705 2119 7353 6462 8089 1326 5414 2782 2078 4682 3146 2895 7118 6490 4505 5274 7714 959 5051 1084 2435 7565 4041 2406 3397 9583 3076 6834 3196 7070 1721 4990 885 4074 9250 6601 8893 7593 2163 5974 8317 8591 5435 1420 2555 4090 820 7267 881 2228 8435 4634 8455 3030 8326 2708 229 7435 7284 2432 1974 9542 3371 4513 309 1523 3991 1422 3787 4270 1423 5269 570 8620 3062 6076
5223 3343 4072 6291 1852 4514 7521 2742 6245 662 9228 8163 3766 879 9544 7023 9361 4457 4418 4599 3936 4946 9142 2023 6165 325 6353 8861 8377 4204 119 5829 613 6807 6664 8767 7264 9107 9234 1315 4108 6015 8255 4637 3232 1076 5746 8701 4328 2427 1458 3396 4124 2812 3194 8918 922 6043 7631 5710 9370 8296 4614 8039 1581 5333 3013 5155 1817 2105 3612 293 353 5454 429 6413 6882 8813 7307 1030 6946 7292 4717 3380 2353 5492 3883 7929 8015 7203 9553 6981 618 1866 5831 8960 6260 6274
386 2980 4193 5089 4872 7066 2771 1153 5178 6188 9588 7197 783 6229 9563 8875 3410 2606 3992 4439 3759 2408 8542 4633 307 3869 6718 6604 8016 90 2602 1379 7410 908 9421 9174 9303 2166 4238 4 8441 6472 4652 4654 7044 5489 1144 5146 7549 6019 5602 2854 1348 7165 3035 490 2920 5158 6220 7283 4701 4471 2580 17 5462 9067 3507 453 1063 994 209 1254 6506 5262 4631 5331 817 1765 122 7966 3630 8367 6222 7279 5057 3002 4868 2429 5945 6293 6256 3707 4137 4489 3379 3909 516 5646
514 6039 8449 3732 2184 3587 1327 5448 5619 4155 5845 2986 7813 2751 5090 1606 3400 2547 7689 1386 8452 3763 2674 5854 9545 3809 3857 3648 6028 5786 2644 4010 1777 7991 2789 1991 3381 8301 8704 3705 5137 3923 6105 107 4488 2270 2635 1951 1848 1299 3096 2118 5605 2797 7520 1806 2136 8086 4943 7138 9244 6532 3559 1339 5983 7702 3404 7490 521 3143 3363 6288 987 5335 7672 4803 4105 2201 6895 72 4961 1863 4373 9226 921 6271 74 8232 809 6695 1586 6868 1397 8860 2197 4695 3161 9413
695 4587 3745 3003 9398 5029 3010 6131 4604 6642 1636 4287 9202 4312 8896 4232 3294 561 7347 8420 5531 8721 135 6745 5765 1188 1494 8010 3995 7512 899 278 1139 3352 2128 4628 8761 2407 4383 1519 88 5949 8274 6191 4999 8605 2860 7861 9473 288 3982 6139 2634 2284 187 5405 1487 2161 680 5815 2026 4020 7519 4198 4240 4197 1053 205 312 9461 5791 3249 5967 6431 469 3760 1056 5026 2858 507 2267 3938 1987 2438 4437 9457 2706 2345 9042 6489 9436 3053 7853 6862 3978 1734 1972 2467
8284 6032 8180 1626 4642 5172 505 9038 1935 4911 956 1171 4308 4671 8565 3165 118 5442 2590 1746 6494 315 4395 8376 3828 2133 7664 5576 5823 2036 1556 9195 1321 4246 259 38 3204 855 121 7634 5798 3701 5873 8538 6281 1767 8623 893 9190 4370 7704 7759 5415 1671 1118 8996 3700 6723 4710 9214 2929 6779 5920 3872 32 5153 4214 4632 7381 3031 8959 7914 9410 5593 2683 6297 1780 5717 614 7286 4060 2949 9049 2968 2938 4346 6050 3164 161 9376 4498 1529 2785 9196 2186 3114 8882 4245
639 2123 7505 2404 5785 8807 1984 1709 5303 8081 7845 1679 4330 898 7443 4319 6917 9529 791 4874 564 1825 2966 6312 2936 717 7932 3415 7965 399 6424 8700 4156 4744 6484 9242 4963 3133 4947 6804 5247 4871 7182 3693 3509 492 5059 2750 6257 7271 3169 3518 8613 3735 2393 2316 2204 326 8042 2017 281 6027 1872 8777 7058 387 127 4979 2093 474 4352 4888 8738 8592 2868 5313 9155 7115 220 8841 1927 5078 757 5280 4683 6576 8424 3651 4146 8760 4846 2189 6117 5847 3498 4651 7262 5491
2503 1178 3504 6600 4483 3499 2151 3254 3756 2759 8243 8188 2346 5742 7957 782 7002 5196 2450 5134 2855 3743 8166 6750 8855 5902 8570 4771 2533 8258 998 2332 8929 7911 0 6439 1387 4670 1005 1400 957 2612 1859 8539 374 4210 3070 1130 7360 1745 8610 2146 4299 2660 715 4699 1535 1680 37 1545 7354 743 7545 9487 4011 8819 2183 7879 6854 5610 6955 5275 9574 3452 5041 7172 5174 8579 2723 4786 1070 9520 174 5757 9359 1478 6168 3827 41 8339 985 6386 3038 635 3057 5378 4359 1141
2532 1003 3490 2355 6466 5338 9418 5735 1921 5398 4372 3201 162 3315 8253 1589 1062 8298 6611 9285 5971 652 1031 3520 9420 5245 5502 6533 4269 4358 4528 3677 7244 5866 1480 3513 3515 6456 705 5231 7527 3505 6451 6018 1286 3050 5580 131 9125 3478 5958 856 6446 6187 8360 1301 8558 6010 7319 1061 6781 473 7711 573 8009 4806 5864 8890 8873 7418 4326 7692 5685 8910 4919 5629 2140 3472 1685 5999 7935 6208 2277 5585 2600 7160 5025 8840 57 991 6198 145 7967 4763 9439 8564 1930 4824
6575 4774 2799 6343 828 8305 5803 262 5206 1755 4019 7483 7458 7534 2341 1995 953 5730 1568 295 9540 5800 7298 6742 255 3184 7400 1612 1775 2776 7685 3451 6453 3811 8459 8190 2981 1587 4611 5975 8675 992 4780 4721 4769 7022 2544 9031 3281 7569 3421 9365 3362 7756 2481 4968 5725 1081 8152 6734 5118 467 574 3800 3914 6429 3168 2318 2805 5817 3459 6387 8957 6879 9431 9235 7615 7661 157 9138 222 1179 6692 2246 5969 5840 4205 1002 3814 5180 4665 6340 1877 3986 4938 9546 3061 3921
7362 1324 8109 4723 6383 6405 9532 1200 7185 8383 5339 7613 1607 4850 4853 6081 3519 6371 8105 6736 3274 4381 167 5091 8461 4558 2757 4078 978 6500 6891 2852 4265 5163 1684 7088 9134 3690 1041 3140 511 3429 8175 8330 8969 2564 4743 2029 9219 7617 6655 7263 9342 8820 4698 1846 5679 8502 1982 8949 1923 5323 5392 3591 8958 3733 8288 4852 2746 1039 8600 3388 2893 8236 7602 6106 457 6025 9587 8572 5100 177 3037 8500 6149 9345 5065 4757 7489 2999 8635 5698 1360 1131 454 8800 6892 170
4324 2218 6977 3252 2032 8626 1983 1674 6077 4071 8652 9182 2749 1143 1219 6248 8703 8076 1290 6913 3590 5723 3438 7693 3945 7706 8123 1723 911 1493 5688 1771 7068 1629 5930 4266 1100 1201 1269 1405 3644 3670 8527 5433 4394 3323 9115 8231 4609 3470 5044 6999 9159 818 2260 150 4914 7419 3900 5325 6961 3248 418 3749 1311 1678 2433 834 460 1335 1342 1410 1048 9351 8785 4921 8935 1669 8791 4491 3958 6267 7622 7857 475 7147 8726 7367 5037 9479 1499 8914 8892 3083 9131 8078 3395 8972
5663 5218 7049 792 522 5705 6373 7765 4257 4132 4857 8321 3069 3617 6143 7456 6104 5469 6659 3170 794 5420 5655 7444 560 8612 4965 29 7651 3929 6128 8529 935 6855 1439 8878 4733 2322 9467 7624 7773 5830 3585 8407 9265 3450 7466 8931 5116 1185 8161 1883 4813 539 2942 1385 6418 6465 2953 3374 1687 6014 6006 5795 6336 380 415 8915 2022 6172 7326 599 7194 2592 1764 6263 3347 9518 6303 5639 4375 4424 8495 9060 8911 60 5929 5382 2886 6397 6715 1957 3588 5413 860 5296 9526 6573
3360 1533 2281 2447 6480 2099 8722 3259 4341 4804 6252 5371 4161 5357 2704 4539 894 7981 5739 2647 702 449 3454 6902 485 4864 6294 6471 4403 5517 5161 4100 2772 4235 6224 7594 8097 4138 2550 5647 3179 9401 7028 930 1238 5388 6562 9036 1594 6594 2465 2139 6994 8618 509 2185 5874 4755 3704 8850 3816 3678 6547 439 8315 481 8273 5186 5328 932 5494 221 7798 1932 8944 1024 6342 769 8295 133 6241 2900 5947 8209 8851 3864 7769 7556 3684 830 824 8085 6058 4361 3607 3532 6292 250
1367 4584 1391 1403 1361 8593 8624 7531 6216 8830 2727 6406 565 3436 1244 2127 4966 152 3206 4154 3875 4973 642 8266 3350 2709 6605 6393 5978 7913 8678 7650 5852 6583 8751 9353 3887 6514 6783 1705 5956 3824 8660 3040 1648 1234 8229 9556 2697 7179 6262 1012 6710 7217 3792 3584 2013 8589 7948 8018 4070 6501 4254 681 8131 7344 3032 6717 5988 2108 1856 8297 4808 8902 8293 5482 7459 5470 3295 8516 6185 7778 6116 7829 6938 1931 3416 7408 5529 4380 4982 4532 3403 6173 435 3190 3658 559
8979 8781 9205 1196 1250 2589 7682 6629 5592 1023 2314 5472 3213 966 7998 6310 5737 4309 1632 7831 2347 6776 6910 3242 2698 6775 503 7004 9013 2213 7540 9392 4673 8901 1785 2274 4627 8401 1412 2126 1855 9229 9414 9554 9319 3904 3908 5853 5364 6114 5294 4623 4499 3772 3626 5851 4714 8185 4841 1534 551 2116 7922 6045 8418 3266 1253 241 1989 2753 8100 6795 1375 6663 9602 7042 4574 6784 7697 4908 5554 9399 4933 2778 4494 5132 7994 4431 1541 1726 2147 8084 7155 4260 1890 5391 6585 9386
5797 7251 4811 1409 9350 5381 3445 2571 7915 3823 3342 5130 3716 8804 2536 3649 1401 2622 3848 5599 3888 2295 6791 939 8149 6911 1009 1830 6001 6643 68 5872 4759 1402 694 4480 4722 7599 8247 8065 2323 5926 3324 5701 2735 8922 5903 8181 7827 4168 8480 4241 3413 9335 166 6278 6161 8235 6966 2334 6646 6478 993 2062 2319 542 9581 1462 6442 2063 7335 1016 1434 1733 2890 8023 3390 1600 7882 8223 7468 5891 2292 6046 5016 7698 1191 4027 1421 2795 8138 2442 8331 5168 8173 6921 3222 4939
2087 5780 843 781 8970 6610 1748 9441 1046 5457 1471 6067 4121 430 1456 8338 2357 5451 2985 3926 1151 5545 5569 6670 923 1398 6008 4329 706 7453 5630 1706 2987 1998 1597 3906 2694 4466 495 650 5497 3331 5066 2822 9096 6087 27 8451 3182 4650 384 1295 108 6004 1515 5324 6259 4648 4393 4067 8400 2673 726 4934 3273 89 3947 237 9073 6936 801 5217 1756 3878 9144 634 3424 5699 2086 279 124 5994 6657 2995 8607 2049 933 6941 2286 6221 8122 6904 6835 5776 2300 2083 7956 9437
2892 7968 1448 5678 3631 8478 9564 5281 5222 6319 7567 1492 1346 8404 7064 2475 9381 6649 8702 1888 2857 5636 6995 297 804 6595 2387 6179 8755 8386 1786 5408 249 1889 257 8429 8286 6450 7616 1134 2748 5317 7215 6126 2553 7208 2039 9349 2561 7090 7864 4453 2156 9003 8783 6275 938 5062 7715 9324 6746 7467 1773 6738 3159 2370 2210 5216 9566 1727 6636 1646 6368 8126 6856 3039 4997 4262 105 5190 9136 4517 6813 9408 1164 5973 9192 7680 3805 1017 5387 8034 8906 6568 4535 6307 5887 1891
7568 8207 6651 5022 4727 6772 1182 6065 2850 964 8189 9499 9534 5056 4223 3838 226 7637 8740 3517 9029 2869 5185 5418 4377 6845 7352 9170 4080 4511 356 2879 4929 4825 4382 853 211 7200 5419 53 7116 850 1749 3202 6354 9582 1609 217 7499 5613 7378 9302 6711 8063 6539 1465 5113 904 9485 8625 2363 1736 6974 4406 3603 421 8629 4690 8158 8668 2463 7163 5721 4253 1816 4696 2348 4151 8093 2209 8540 624 4661 6628 609 1922 1426 175 4101 5970 5790 4433 7792 8219 6705 6820 4814 7183
8071 657 4348 4980 2399 6026 3835 6069 5992 4509 9074 7645 9078 578 1038 6782 1380 3586 3357 3243 2923 5939 9015 3526 8375 348 3521 8405 7541 316 5543 5104 5773 8411 4357 4098 2849 7788 198 3530 6311 6625 2983 3652 6447 1110 6817 7669 4062 6181 4589 9245 235 754 6988 168 7236 8074 2420 6210 6614 827 3089 7375 1108 4844 5461 3959 2089 3689 1893 9126 7112 6983 8170 1193 3803 7368 3574 607 3503 6280 7610 7708 6790 80 6250 7636 8545 1871 7031 7952 3501 8290 7679 3318 3647 8399
3231 2671 1717 6176 4728 5981 7407 5684 5870 2645 3523 9236 4533 8954 4593 6331 7591 4056 1614 1664 5038 3365 9482 5706 8244 6730 4500 4046 9578 5944 6448 506 633 5897 9509 2652 6823 5499 2957 9425 6650 3077 1942 3064 9168 1378 3433 6963 1540 2003 3738 7633 3555 937 5407 4991 3469 9139 7746 1567 9158 1917 3569 499 2712 3041 8739 8690 2574 87 815 178 1283 3536 5080 1163 223 5892 3118 8046 6912 3195 4615 7327 8092 3261 7552 5965 4960 5778 6735 4220 3917 7382 8195 7741 5996 7387
5356 4040 1138 5384 7752 2802 2144 5138 6072 4334 1296 755 7351 6551 8895 6645 7447 9524 4667 4207 7738 8036 2769 3881 5635 8684 864 6885 7151 5794 9209 7860 4944 5227 6382 807 8168 4172 3200 5769 7373 2836 1276 945 3383 9478 8160 9466 5159 8351 4926 3166 8967 1415 2478 8080 2351 1701 4460 4899 7275 1033 2055 3571 533 2494 6337 2902 5277 5255 1673 134 3327 8981 5455 410 2081 8402 1611 5690 1066 8936 5226 1090 5390 3265 2196 5615 8316 6630 3937 4836 8267 8609 4594 1578 2872 2633
5292 6140 7612 7883 7867 6507 2048 3393 7925 8695 1836 5867 6409 6380 4969 1521 4534 4994 5507 8730 3639 6096 282 793 7369 7425 3688 6696 5264 2882 7982 6922 1000 4920 3615 9221 6851 2597 7104 8706 2344 5641 5396 8072 213 2154 3597 9455 8867 1117 4050 7797 2091 4891 8463 861 91 1333 7235 1172 2103 981 6580 3541 2041 164 673 6102 1834 9255 3723 852 7411 1018 2491 3801 3782 1221 5661 6233 4014 576 1135 9374 3841 2298 7014 5366 7277 1793 7836 8135 3311 5207 6323 4296 2471 8064
6518 2948 8666 2615 1267 1670 1959 5179 7087 5989 5311 8727 759 6244 5365 4321 123 56 2486 7892 5833 6345 3407 2587 1516 888 4795 5530 3426 6171 724 7356 4441 9256 3580 6209 520 9561 4093 2971 1414 5836 3768 7423 918 4059 1559 6289 7958 7877 3676 664 8374 3082 641 7052 5905 7795 3774 5890 6714 1857 8333 5673 9317 647 4586 328 7930 7660 3009 9024 4940 3825 7583 3672 8556 2072 8014 4386 8803 4470 6631 2173 4807 5084 7840 6950 6685 997 4430 5666 3773 2801 9423 8563 2058 6276
5715 3244 944 6135 6654 4730 8215 8916 2676 5157 6136 4141 4666 4298 2669 1810 8428 6390 2065 7518 5542 2542 8651 6541 7524 4033 3861 6744 7733 97 7890 5242 4145 7949 117 5061 6708 1452 878 6022 2718 5342 7416 2437 1524 8932 4123 1473 6374 200 869 1205 8246 8523 2233 2686 6954 630 305 8745 4079 1491 1730 7891 5813 7125 3453 3491 1955 7625 3980 6463 6231 8049 6517 5860 8718 6989 1808 7905 763 3808 789 2623 4323 4602 9428 8601 7621 346 4000 5046 290 1371 7145 5707 4800 3910
8378 1988 2728 9261 4186 6130 3570 4347 5821 64 3522 8426 1004 7897 5295 471 6739 6984 3006 6849 8218 6887 7588 104 6302 6830 3054 9012 7976 2240 5033 8602 8186 8842 8645 5488 1270 3439 8859 8192 1328 2250 946 4855 2141 265 8128 7696 4360 3534 9590 3432 1173 3079 8827 3019 8989 4250 2422 1953 9217 1277 3852 9343 402 9091 7589 239 7333 8599 2591 5504 7947 8425 2593 3562 5633 2917 1527 4957 4554 1720 8004 2762 2051 2982 458 5081 6668 6479 5440 5955 6346 2074 4164 8291 2143 5368
3554 1900 7844 9010 6391 8450 8858 2969 1148 1312 4520 9592 616 9427 3313 3121 204 2114 6365 4177 8483 1132 2497 5150 4988 1432 3990 6632 9600 261 8453 972 8710 5117 4350 5680 7726 1014 747 3081 5030 5642 7830 5924 4562 317 3142 2208 5424 8531 5452 7322 3979 5007 2266 1845 1885 443 862 1428 8310 8898 602 3474 7620 4820 8153 7331 9462 4731 1838 6328 4758 4009 6558 1630 7313 6613 3158 6529 1 1822 5917 7579 4577 1167 5714 9551 5584 4454 4306 3506 2482 8025 2521 2621 3836 8753
1696 1060 6523 3301 2460 5466 8862 3236 5659 1341 5215 4272 4817 9492 7057 1592 4660 8227 751 8784 9004 8990 3482 3320 5493 7786 2304 4136 8165 6350 2696 9447 7334 6432 1249 1843 3192 1124 5240 6182 7678 5937 1608 3487 7900 7143 63 683 1864 296 3660 866 6112 6569 731 1019 9362 3251 2024 8362 6313 5550 1952 1390 4242 6543 1241 6159 318 1026 85 8462 5309 3370 3855 4209 1510 704 5777 6163 8733 7452 8254 7646 5766 6679 7 9008 619 16 5745 22 8719 3481 3131 3821 6925 4685
2707 77 1007 6385 4249 6554 8853 1946 2527 9117 2767 7141 2177 9002 2034 3810 9080 948 8370 3775 9113 713 2352 3495 3889 3696 7740 5098 1470 8511 2379 7366 813 7300 9528 3180 6591 2070 1637 2791 6237 2120 7210 3839 1282 2739 9259 2417 3005 2489 8743 2006 8108 2867 8637 8644 7341 129 6814 4557 9601 7437 137 5034 375 2967 677 2763 5092 8124 30 3029 4843 8919 4732 412 8289 5189 6552 8308 2131 4996 6344 3623 1714 5406 6951 3175 7305 9252 746 6341 1149 2391 6570 2551 5464 8398
6702 7748 8661 6713 9184 3717 2764 954 3483 4096 6389 6124 3840 2567 8104 5538 4886 4261 433 7532 9231 4213 2439 2002 2288 2045 7089 6093 52 6205 7559 6414 764 9266 2935 9264 5848 8655 741 3581 2998 2586 1450 5676 9438 4922 4179 2109 8584 1309 5649 1615 9286 4325 4023 3867 6485 8924 4353 4378 5107 6232 9451 3270 5515 5577 7993 9490 2372 7371 6460 8282 4588 6886 9084 3971 4202 6119 3307 2308 8245 7065 546 558 3312 8891 7943 2224 2690 2444 3608 9118 4045 2919 9273 4477 5624 7758
8768 144 6034 1431 2194 3972 5895 7230 4812 330 5588 1722 9314 2569 5938 4735 6598 5767 5781 1204 8802 8382 5288 3553 2110 86 3349 302 5932 3258 9141 7248 6300 1059 1860 876 8073 895 8031 7695 3 4832 5322 6005 868 2681 7484 5002 8474 4687 6206 2329 2646 5139 1654 1175 1446 8831 9090 1441 7269 654 3335 8230 776 7272 6469 2042 1416 3317 6145 2641 4987 3448 5638 1252 2434 2701 7170 256 838 1657 8887 1875 4674 4932 426 6839 7237 6339 6771 568 6433 2545 4773 7336 9358 4492
671 982 8068 9497 3287 2226 6622 5880 8953 6907 5731 5465 4504 364 465 1190 7920 1815 6903 3304 7448 1113 1968 7648 6296 7676 5129 6239 1549 9204 7289 3260 4510 5574 5648 2829 689 7784 7133 496 7462 1561 5258 5101 8113 8552 4278 5775 7129 3173 340 8574 5439 2682 3358 7555 2914 6443 4064 7409 4985 8024 8519 8198 4711 2095 5818 1468 659 6725 7059 159 7878 3727 942 3156 2454 4149 8096 6364 9597 2729 7395 8095 6486 5640 6959 4556 7394 4904 2523 7737 5752 6021 7996 5885 5252 271
5931 3130 5516 2659 7501 3153 7709 4818 6641 5547 6703 9161 73 2338 1781 8673 5486 8343 2152 4865 3455 2005 8636 2570 5962 9336 4336 1613 2864 7340 5379 665 2453 3967 8155 5447 4527 7465 4448 1898 1237 7093 7772 3137 1176 7630 8508 9258 728 4412 9127 5510 2512 3256 9028 7761 4371 8000 8106 4821 2963 6445 4286 4958 1484 2675 7658 1251 7085 8373 3298 5505 5977 4387 5501 7939 952 588 5598 5596 4600 6828 1620 2911 7618 3625 5998 7628 7386 1437 8358 1268 4282 4094 1929 7800 3149 8199
171 5287 9227 2178 7817 4318 1074 3229 1802 1166 3075 6832 3842 7019 1731 4745 8708 4945 8597 5220 333 3326 2380 1949 7136 909 6347 6509 1137 2925 3485 5951 9363 7240 6495 920 4561 8470 2878 1396 1850 314 7757 7175 1225 8547 6841 6055 5668 4838 6142 3964 615 5197 5728 2165 7156 3356 1433 2808 7979 4555 2841 8725 9253 6422 247 6952 5558 7760 6502 84 8363 9572 5923 1274 5523 95 8847 7694 6137 6722 4890 4591 7507 5048 4970 377 6675 4802 4127 8904 4410 1862 4516 3112 3784 1688
3650 468 1006 3564 4903 4831 3225 9577 1093 5299 7415 7988 3806 9460 3011 9070 1694 5993 1080 9307 3139 4837 1619 2092 8239 2335 7266 9409 6132 3948 8758 6013 4644 365 5088 7055 7325 5573 2285 2369 8737 4791 7874 1212 512 8650 2302 3667 3387 2170 3425 4779 2616 2724 6504 2484 7038 7445 1145 9465 2313 7987 1233 9301 5928 7250 4248 6767 6315 4307 3537 5055 3739 4613 1729 6752 8111 5755 1313 526 5704 4384 3601 3922 2656 4279 2722 4974 1142 7475 3714 1514 5279 2874 2525 7297 7396 1906
3983 3024 7767 7718 3671 4003 7790 5210 8277 4949 126 1498 6690 7551 3826 2572 2792 1161 7528 7324 7218 2044 6759 4126 6169 1227 1695 1964 4175 4344 610 8279 718 4967 6764 4332 8079 8345 8053 1114 1528 8559 3409 1392 3771 2358 8926 1419 8497 480 7376 3199 1297 1916 4421 9530 3460 7131 4747 8033 1147 4797 3568 2996 5441 3353 2498 6680 7839 3211 2312 8659 320 4629 3793 6593 2499 8674 1376 215 6691 667 2362 233 4625 70 2265 863 4878 849 1479 8870 6916 845 11 1627 3866 2873
1424 4212 6566 5834 3189 8987 1129 5404 6033 8178 5500 5855 4465 5716 236 8157 25 636 8535 8654 4409 2176 7099 3577 6470 7638 9422 7029 1598 7146 3444 5326 2539 8329 3271 2820 1758 8262 979 4659 2611 7723 5687 1085 3531 9435 4895 2000 6800 6 2994 580 2910 7433 2509 3870 7500 8672 8554 2410 2094 4188 321 2311 4497 2207 5119 55 2594 1329 835 1357 2327 5426 4035 4275 8671 3702 4083 3132 2122 762 9225 4636 840 4391 6877 1032 3250 2158 1459 3402 2296 424 3391 5921 2970 5028
7978 9387 1358 8621 2604 1442 4379 7157 1503 2823 3253 7242 3361 1092 2625 2650 2174 8416 2464 6152 3150 6901 7413 99 4472 8134 1593 199 6893 6491 5205 4950 3511 3480 3527 1576 722 7938 4525 4896 339 8389 3813 3873 7803 2632 5013 6461 3613 589 4225 1675 9426 6914 5393 916 7755 2299 3807 1924 3514 3447 5427 19 7783 8292 7543 3709 9555 510 2268 1417 9313 3931 2215 4787 7884 1579 9432 5300 7384 8812 6410 8094 6940 1761 5741 7232 2248 3105 6863 3063 4217 4322 376 6200 6973 1115
8067 7205 6412 7498 362 6449 2928 7997 1370 5261 8595 6860 733 2884 2137 181 7285 5318 4956 9247 4827 7180 3664 685 5319 3187 6141 7161 4408 8056 1512 7233 20 7069 6673 7538 3367 5219 416 1207 2238 5925 5005 7339 1835 7428 7789 2069 7983 466 4972 306 8322 6430 4984 4848 3728 5257 7730 6381 5479 2657 6107 1741 298 6919 4608 4106 6701 8403 5876 6395 2885 5654 5669 1501 8501 600 5434 1165 2813 2282 2075 8534 4313 3919 5302 6603 3955 3994 800 383 9011 9030 6769 557 1302 4066
7536 4264 4057 5541 3022 9519 3750 5760 248 3163 4998 7571 6155 8028 488 4672 6113 4143 1435 5075 7597 5285 4912 7641 3713 8022 7516 4187 8323 5363 2392 4069 4333 649 2263 1305 534 4900 7206 7707 8213 8606 4645 8494 6617 2752 2050 5519 643 8238 5115 8001 6247 8320 3943 8533 8294 4694 2993 4601 7474 4320 8319 7134 2371 2730 8300 2373 8349 778 487 660 4783 6074 9568 3285 207 1126 8544 4026 9130 7231 2731 2773 7550 1939 8187 5064 947 1103 6809 1248 2700 1702 4077 8062 6402 1999
8029 2231 1320 2897 3989 1362 343 7207 6225 6865 183 6908 4641 1910 2014 6473 4546 6740 541 5985 7021 1831 9595 5934 5120 2405 3620 6111 7343 3334 3405 5201 2326 4794 4742 697 3384 7492 5213 6846 729 3233 2027 18 7329 8434 760 1971 3117 4643 707 1106 611 8849 517 4234 8642 2160 6513 3197 5082 8682 5195 1091 6377 6942 9193 8598 9198 2691 756 7380 8677 2992 2193 2662 9355 4436 6687 190 7546 9500 7893 6170 5933 4004 7570 5430 2009 1538 2519 4876 434 4115 7074 950 6088 9189
8603 4314 8774 6787 767 3818 8536 1490 338 1818 7225 936 2162 3885 6803 8466 3833 8257 4925 7647 9512 5986 6487 1242 2082 3442 2875 5882 6411 2052 6578 6579 847 7192 7990 4716 3605 1899 851 6858 3055 2452 8846 2894 3151 7843 768 8940 1152 8776 5540 8964 924 6266 5140 6441 7872 6671 1369 5959 3930 5004 5849 8974 1034 2053 9513 2534 238 3851 7412 372 2492 8649 8488 4291 4085 934 5792 4842 6040 571 5609 2620 7640 5234 273 4208 9288 3056 8514 6587 8829 8946 120 4736 2833 1036
