18 20
105 107 358 336 39 77 86 16 108 29 84 71 151 75 252 189 211 119 276 72
354 42 168 313 280 144 210 82 14 27 161 128 247 272 37 265 197 142 137 353
215 135 156 223 312 200 322 45 5 7 335 100 297 324 94 206 330 15 116 121
227 88 170 160 275 205 85 328 222 284 80 30 292 214 146 130 114 321 258 89
152 25 203 204 123 81 349 243 110 117 309 38 257 286 11 1 167 138 255 2
308 53 236 220 334 36 104 209 250 302 249 281 337 10 148 13 129 266 285 332
158 253 12 143 351 199 320 101 48 162 279 282 293 245 64 267 314 74 201 218
179 311 185 66 191 140 17 173 194 295 98 233 175 65 22 184 133 136 47 132
355 176 171 340 345 46 60 315 241 260 97 18 182 326 221 294 44 154 343 178
174 344 122 95 59 333 90 8 287 262 208 299 341 43 357 24 290 329 216 303
113 244 254 256 112 4 298 338 50 350 304 23 150 240 131 28 305 21 226 217
271 323 195 172 288 193 177 163 102 35 63 96 49 127 242 51 346 166 109 147
157 300 339 234 41 153 342 79 269 145 56 235 212 187 0 70 316 273 319 239
183 274 87 264 231 52 118 277 238 126 58 230 76 225 9 192 120 270 352 31
19 99 73 103 149 164 232 125 180 62 228 310 198 261 165 3 134 169 68 6
55 207 224 263 359 248 33 301 139 268 291 32 141 283 159 115 26 331 111 181
20 69 92 229 306 34 196 67 155 40 202 278 54 246 347 61 57 356 83 91
188 327 259 186 307 213 106 317 318 348 251 237 296 289 78 325 124 219 190 93
