99 100
7803 2076 8765 6688 9394 4305 2970 666 6107 3066 1876 2158 2562 2087 3728 9658 4848 1132 5562 4062 7922 9640 705 9073 1097 507 3386 212 208 816 4247 81 2060 627 3848 1883 3835 7538 9738 5877 9427 7956 4393 8163 8214 1440 7633 9208 4524 3746 916 4538 2818 6803 4902 7203 9710 6380 8681 9256 4148 1219 7271 8445 8872 136 6448 6291 4019 3213 1454 1252 9829 5314 8413 197 2047 9633 6852 3831 8438 6706 5170 5082 4837 9059 6603 8139 5715 585 7348 2224 1616 2645 9694 7610 1588 2969 734 199
4269 51 850 8875 7404 2627 9703 6482 5739 1217 6476 7950 9316 6066 9695 2525 409 6838 4043 4302 2295 8440 2715 3255 4914 7470 3829 8632 1712 7071 2155 2825 6871 2551 100 91 5117 4397 9804 958 3624 1938 3248 6930 1220 4815 6259 7342 9494 1625 3468 2644 4814 6195 451 6136 7604 6545 2503 6055 5429 4212 3594 4948 6103 389 2462 4713 5280 4477 68 9708 1095 9690 1996 6550 7360 8915 6801 5018 6023 8653 1866 2997 6245 376 5641 1817 1204 4388 9803 3106 5176 2178 8822 8707 6463 429 8326 5570
3953 561 5880 980 9773 2339 3240 1660 9050 316 6766 6824 6573 8789 6983 5402 6358 8356 1339 7245 5381 3636 4127 728 1930 1344 2914 7353 634 1293 4651 9856 4753 7906 6429 9882 2701 1264 2728 4130 930 9852 893 4640 6719 9189 4295 1901 7920 7419 6600 1299 1056 7958 2373 3868 3950 3870 5564 8076 3029 9634 7314 701 3022 3597 7821 9840 8045 4205 1948 2190 5680 7669 8233 6928 4199 2152 6710 5446 9854 4369 8070 6237 3683 263 9507 8784 2942 2380 2815 8466 4716 9810 1793 7840 7124 4923 5928 1993
9418 5150 7548 9508 420 6355 3347 9705 1379 7259 5095 7717 8726 8365 3843 5789 3780 5501 5126 1125 9693 812 8520 411 1478 1031 6694 1872 4692 5681 4752 7783 4787 8282 5941 3516 3838 5700 9457 7972 6164 1352 7767 9220 4696 5174 9781 2834 1897 4794 6726 549 9390 4318 2165 9114 9056 6357 1653 6285 1979 4390 6716 4912 456 6350 9354 6031 4552 7675 2154 1843 6708 3877 6784 5690 6189 9495 251 9318 1685 3136 6793 6624 2201 9894 6738 2639 769 3268 929 9517 6097 649 9691 2094 6073 7463 6686 3773
6301 4943 8327 5878 2255 2918 9746 5766 6863 4629 9140 9730 7307 876 7487 2024 6416 5021 5289 8189 6324 331 6657 438 5983 8801 3424 7870 5883 140 3929 9176 7334 1107 2407 6039 6190 7822 9048 3334 7264 1619 8738 1824 1153 8749 3657 9881 9625 3273 4675 648 7502 127 149 7955 2112 8120 3871 7504 2761 3502 1278 9238 6945 5342 282 42 7079 8637 1134 151 3830 4045 487 6099 9134 7491 5069 7139 5601 3915 1703 1962 3930 6403 5799 9363 6984 375 2267 5432 2824 7272 3097 9531 8270 8165 1530 6664
3992 6996 109 9794 5363 4835 9684 9574 4126 2875 4997 1647 9309 6965 6421 3129 8919 6981 5277 8615 3358 3952 1909 4884 3591 4129 9731 3999 200 7497 9721 8296 7285 7225 9416 5634 9790 35 3476 612 5688 8051 2909 4532 7237 7707 4096 2725 1946 7287 1537 5814 2989 3285 1984 6024 4054 1500 8002 4732 8394 8636 7319 4624 9791 4653 7725 7317 2487 7004 1744 887 9261 6551 9288 1168 8319 1449 8537 57 7713 4817 8271 1234 9626 5414 9874 1544 6895 1581 6972 7974 4724 4913 8202 6176 5571 9184 2130 8970
6108 9215 5031 628 8111 1337 6779 5100 7120 6269 8992 5844 3654 7983 5694 8315 4058 8029 4345 6219 5370 8687 6008 5360 7645 4561 8276 8795 7471 7256 175 3551 1971 8194 2767 5919 9387 5444 8287 8341 8675 621 5822 5628 7695 9064 7656 1065 9224 503 7861 2693 2850 2991 7289 6553 9443 3336 1444 9198 5447 2399 5072 3117 5823 1990 6964 3690 808 8254 6831 3284 1644 4672 9313 3819 1751 4799 7799 510 4110 3105 4478 511 4816 3254 3966 6326 7230 3263 5833 5418 7546 4583 6887 4037 2699 5147 4000 9711
4619 8802 9529 9762 6787 7333 3794 9027 8723 1633 9604 9117 7500 1918 558 6530 6562 2447 8608 5727 6160 960 1935 813 6378 7007 5151 5195 985 4686 4491 6544 8533 7932 7863 2879 2356 5824 1077 8983 8387 1807 7081 6305 1376 2050 7957 3025 431 7890 4767 7770 6561 780 9897 7301 5457 2102 935 7659 2966 4576 8345 8414 1682 9337 9127 9572 6226 3540 6947 8268 1367 6566 5597 1196 2650 2402 4758 4742 2229 4765 9298 2413 1694 864 2108 8565 3573 3623 272 7099 5230 1139 8947 2062 8305 5273 2429 4373
5818 842 9367 6241 3517 1724 7566 7050 5517 415 8997 741 6995 3919 292 7122 1481 3165 3458 6497 9104 8668 3604 3209 2002 1767 1864 6098 236 1318 8343 9821 1272 3907 9592 3150 9580 6865 3955 8112 4342 7164 4300 8461 4581 7361 8452 6817 6606 2186 7545 6760 1536 1045 2957 3444 8251 650 5761 2999 494 6781 5885 8691 7788 9209 3699 3857 2315 8512 4896 905 5596 1955 9740 5618 6788 4868 4173 9285 8187 4222 9716 2037 4953 547 4968 4427 8511 7389 1988 5988 9618 8263 2038 7325 7807 4313 7263 9824
1822 979 9097 9514 1253 2496 5288 7789 975 8743 6890 4333 3935 9342 532 6131 427 6748 4157 2935 6456 3466 2500 9807 6240 9070 4216 4472 260 410 8996 657 4081 2335 5061 6701 6450 4446 2435 8419 8788 4191 3194 2827 6857 9525 1542 9752 9898 492 9076 6120 9577 2620 9683 7787 6278 3050 2332 7352 4399 55 8868 8899 6230 4730 8092 8089 1626 3832 6409 9562 4979 8290 4136 4299 9787 1383 1420 5113 6411 8927 1433 6897 5191 6660 5231 9883 1240 5479 7587 4217 6356 4674 4159 5708 7177 6116 6434 7213
8700 3443 7846 5128 1010 1797 7723 7842 9332 261 9688 4964 9362 9589 2288 9397 5734 2354 1021 6150 1788 9816 5204 2418 9786 2242 1789 6943 8110 4832 4223 8874 4490 5347 8733 3698 2252 9776 7056 7458 8469 5741 148 7196 5908 8405 254 3270 5290 9032 9249 3035 3606 4220 8727 6990 7687 7666 2469 7297 7759 839 9405 4481 7147 3076 1058 1820 9613 7693 5506 3628 5034 126 8664 6447 5519 6829 3421 1009 6742 633 8496 8585 5143 2484 4147 9595 1929 8640 3124 6258 3031 7091 9594 6051 8521 5850 7811 4572
4367 5917 6479 9241 1011 9145 323 3480 3875 7744 5670 7062 3135 9598 8213 3814 4005 2231 3807 1298 3279 3680 6634 1747 7818 8629 6498 3629 4321 4145 6353 1024 4493 5994 6632 1922 6677 1417 2550 8349 4439 5864 4875 712 7638 7817 2066 2458 9203 9024 8592 3575 3757 9415 9607 413 8544 6337 5511 1739 3790 5626 9647 1502 9091 9082 2160 9612 8105 165 5594 341 5560 1053 8381 517 4770 9310 9697 8348 7100 8267 113 6646 1734 5156 5339 6584 5453 1357 1257 2483 7554 3529 5278 6690 6216 9784 1805 4612
2605 8713 7093 8980 5449 187 7627 9890 9850 8785 4801 2839 2594 7486 6442 7749 2656 1664 5005 807 8207 3753 722 6214 4514 9289 9605 2956 2590 191 4447 3481 6255 4617 3534 9299 8937 5743 3274 8426 3543 9797 4407 1928 4198 7292 8674 8890 8081 3423 9422 7233 2877 445 8673 6693 9431 7661 1663 7421 3559 3250 4328 5605 7217 9538 9107 9516 4844 3039 80 1684 5373 5380 3319 8699 1966 6521 1641 1179 7282 8031 9498 7313 7571 1836 3644 8016 6626 6094 8553 9157 4236 8999 3372 9568 2759 3381 8734 6083
9741 2987 364 684 9509 7211 774 3560 8526 8121 8017 5074 8595 3552 7720 6271 6744 9303 3373 8930 7358 4298 7786 890 3350 9105 6398 8147 5775 2811 8199 6670 5790 52 5248 2559 9792 8242 4412 4929 3859 3620 5958 8843 3043 8956 4251 8275 6049 8913 8804 8295 1075 1371 3202 8415 3995 866 1806 7329 3167 9293 1120 343 4874 1571 1340 6777 1916 1431 8301 4464 9437 5581 4049 7743 379 6217 6351 2907 4921 4547 9392 6631 5591 5772 2883 4347 9083 5240 5283 3776 8323 5256 5853 5846 2633 4499 9677 8518
7542 92 9359 2420 1837 2622 8309 8515 8446 8568 1728 8876 3735 1364 6342 4135 8324 7089 1748 1259 3799 3561 3563 8908 1360 6920 5804 2449 6334 4812 270 8747 4915 543 5639 6767 2748 6977 4112 718 9699 8257 4041 2488 1921 1855 194 867 708 4800 5859 5936 1812 9610 6679 7455 6296 6341 5492 7700 8401 4854 4255 5200 5194 5269 5330 9133 9086 4899 1250 4117 4693 3408 6329 7235 8541 6354 1013 7281 1348 4867 6232 459 8643 2403 7309 3833 9635 1950 9118 455 8549 1040 7426 9696 2641 1670 2404 5497
5672 6247 6902 3522 5920 8949 4109 8061 1983 8768 1276 1247 6413 2940 1729 1242 9471 7375 9158 84 5861 5505 7160 8336 6739 5863 3802 9007 7216 9873 4990 7315 8669 5387 224 5645 5543 5972 5227 7077 6850 4237 995 4038 5806 6170 5569 8898 4455 1270 9039 3320 3249 9623 7672 5030 4927 227 7911 4893 2965 9681 2151 5299 9258 7490 8703 6872 2092 993 6392 9454 5572 802 9530 2052 6070 2188 2651 1570 9664 1228 2250 3197 5335 3259 5009 7270 913 7644 2227 7168 5934 6101 6576 7918 2972 1557 3237 4394
3208 1708 2891 6574 7914 2538 3851 8635 4463 8740 2723 6082 1552 6637 6570 2762 2172 8037 998 2531 9583 6118 5198 8430 2113 3592 8400 9533 4776 2480 4469 6273 4266 54 3942 7009 891 9093 9036 956 4751 4292 1587 9121 5063 9356 3724 6339 8775 7798 1195 6109 7370 3910 6846 9286 7544 8510 4954 3011 5533 9080 7936 3672 8108 8607 9615 1752 3310 1265 2830 1756 4086 2545 6006 6778 6963 2003 9404 5054 6338 6539 7424 4225 8023 2640 5311 7981 1190 4864 2365 5808 7658 8689 2576 8104 3432 8375 2604 8561
2093 2696 7340 6495 71 2176 6587 471 174 3486 2240 7492 4044 5557 7762 9245 9490 9566 6303 9374 8790 1426 2299 4950 3751 3923 9844 796 6056 7266 2138 6982 1226 790 3412 465 1238 2802 5794 9745 3152 4845 4156 8965 2236 4932 3646 8617 3123 265 4429 9269 4585 7447 6371 2248 8900 1472 8542 2635 3056 2121 9817 6823 2515 2157 1003 15 841 6335 8146 892 2166 9400 1771 821 4554 4858 871 9260 9757 288 7173 7825 1106 7083 3812 6835 2243 1994 8867 3625 6221 4849 6467 9863 5904 4613 4149 2149
4075 2120 1355 8450 3609 7390 59 1135 4566 3173 7141 7061 3648 3093 6407 9446 2478 7236 2795 5528 3993 9033 2289 7387 1098 128 2344 8181 2427 7438 3675 3817 3116 8416 9632 6605 5802 3155 7478 6175 7427 1073 6998 7466 9051 6095 2943 2898 9229 9353 2394 788 9384 9764 4718 9479 9597 6157 8649 469 8441 5403 1423 1892 5816 7712 7634 3264 3312 4181 2998 7718 1688 792 7668 5949 2945 1672 7606 7679 2519 5830 1162 4101 8962 6451 480 5969 9687 2591 3612 9428 5358 8732 228 1848 7131 1149 2988 2291
1920 1857 2977 5355 1137 1460 4434 8134 2904 6459 1986 8710 38 3507 2494 7969 4320 6979 5712 3004 7681 5986 5062 7296 6588 6942 1300 6546 9388 3457 1407 8589 4410 1722 6563 3487 6435 6436 573 5124 8505 6096 801 3741 2619 9219 6883 6332 1826 641 5973 7175 8149 8975 5462 5105 4803 575 9621 3948 8431 4069 3430 5391 5068 4635 7569 8916 644 3292 8421 6061 6279 8645 3437 9429 4138 7689 3795 111 6499 2871 473 2933 6908 8921 9650 1539 9888 5834 4971 2361 4187 6526 6759 1828 2835 4940 758 367
5368 6427 73 3175 5686 6537 5306 9081 2776 5603 8818 3988 594 1533 3080 8481 5315 7937 8487 5733 2866 5747 9235 2287 6839 5226 8932 6477 4726 504 9343 7262 1118 7556 1335 6861 373 2831 4529 6048 476 8580 2518 1057 7116 8196 7985 3505 5520 509 2032 1674 112 1649 4437 4467 1385 8489 4150 1006 2033 8961 7823 114 8896 6968 3882 7962 3967 9845 5099 8943 46 5952 2664 6112 6401 207 3626 5047 217 2501 7591 5914 6923 2514 7986 5576 5913 6129 4389 1779 9187 4165 8434 6223 3224 1634 1063 192
1931 3247 877 6304 7655 3351 9813 1697 7792 8122 9290 5407 3355 7503 4208 7529 4605 4574 8739 5689 588 5828 1885 2364 9843 9750 643 4415 924 4911 1271 7372 4960 101 7186 1585 7555 3845 2822 8231 2368 9242 1522 198 7321 2329 7737 2268 7430 2305 4909 9506 7704 2334 6580 4850 5617 8402 9040 9355 6333 2567 7934 3536 9848 3647 6053 3261 562 20 2806 6263 5611 1541 6575 961 7795 4133 257 863 9827 8771 3120 9620 5234 9148 5695 7997 5738 9338 7322 2876 1758 828 9191 9231 4941 6918 2203 702
5309 3419 1248 5827 8355 6830 9207 1155 6822 7686 6452 6087 946 8007 3427 7123 9736 2643 8391 475 8373 6058 1295 4453 703 2948 7738 3961 7126 5896 3374 9842 5220 425 3504 9819 8558 7066 2584 9747 1446 5843 3562 1572 5746 6961 405 4587 8839 6975 9172 4750 8616 2777 3939 9459 860 7990 8335 9458 5967 7579 9809 8583 9617 8082 4981 4034 4785 9173 8584 5489 1859 7750 6021 7488 9002 1953 6068 9581 1969 3974 1304 2085 394 6869 5149 639 8395 931 8456 9876 3978 8467 9413 5167 2687 2654 4687 2499
2634 6856 1424 957 6705 8626 6927 9891 1029 2148 4973 7702 8588 2341 6652 1461 5755 2807 5736 3214 9619 4878 1861 485 2414 9108 3450 2984 1087 9798 6254 9259 7532 3749 7530 2521 5835 8013 1046 5717 1869 5942 1103 1023 3994 4128 8677 6978 736 7584 5353 4788 7374 3324 3770 9383 4729 3400 4804 2059 1084 4548 9424 3140 955 6882 9144 2964 6654 6352 4542 1878 3286 3030 805 8593 1768 9053 4842 9811 7480 8851 7474 8938 2140 463 8987 3979 7510 2264 1327 2482 9586 8366 7015 675 3132 4824 791 5592
5036 146 8706 8955 8880 4530 4418 7824 4924 5215 1414 4303 4966 8778 1470 770 7465 8854 1202 2586 3047 133 855 1509 9851 7499 6274 137 9861 3674 3361 9565 8855 6992 7643 1069 4677 2924 7665 5624 9862 8399 2504 6415 4343 5213 2328 7052 3005 3785 345 9445 2886 9866 9246 9519 3579 3530 7138 7274 3894 1133 5103 4438 2181 9307 9832 8090 9178 124 6840 5640 2366 5484 2982 7943 4861 3331 16 9312 7765 432 8314 2018 1130 8218 3731 8877 899 3653 4684 5621 3078 9766 4451 4810 5362 2444 806 49
8072 8578 7607 868 326 8767 1511 6780 135 4035 9341 3878 4171 8386 4784 3823 3193 8614 4897 4088 1630 8114 2856 3924 1972 3472 5893 2926 4528 8222 5255 1380 7425 1665 8654 2214 8574 6225 7649 6282 4556 1496 5361 9069 9054 186 5705 8127 7276 5923 8964 1329 8811 5523 9729 900 5664 6647 5504 1306 5177 9895 1713 8166 7357 4457 7393 3876 27 7065 6458 5906 6751 2719 1940 5854 8973 896 4647 9004 9833 6973 4009 1941 4611 5989 8065 3596 7405 9815 6161 748 2675 8794 8950 1612 5223 3499 9058 3376
4346 1992 2887 3738 1498 620 4699 1701 4355 1624 2540 9808 5028 2474 4261 2169 9510 7836 4862 5051 6916 167 8862 5316 5995 449 2791 5784 9484 4492 2080 9758 2869 6202 6907 6922 6361 5352 7782 9439 3969 7856 8397 982 4536 3311 2884 2579 6135 6191 4734 8761 495 2046 2485 7214 8129 2099 7710 9743 4409 5135 4209 371 5587 624 1035 8777 3488 1091 3975 9560 1881 2272 6017 5661 7044 851 4840 653 9657 6034 830 5950 9761 9263 6349 2569 1813 1448 9202 6251 2621 6321 3789 2947 6227 6014 4238 1850
6218 5541 1214 249 9153 6121 7498 9094 3706 4630 9775 3326 7156 9707 6782 9442 7073 205 7829 6771 5937 2844 4315 8424 7869 2235 97 6794 8269 6689 540 2007 8494 1102 7631 1018 7826 3664 7593 2764 1142 7378 5709 1174 7229 3429 7703 609 9879 3583 4267 4779 5768 2423 4032 6656 7512 6683 3912 5478 247 745 5464 928 6009 1026 5067 3271 6952 8886 1499 8711 1580 8657 2011 6789 7833 8040 6617 1152 6313 5434 5087 7366 1312 7013 4073 1156 2624 1157 537 7671 3315 6183 4063 6166 1849 7970 7446 2509
2001 7894 3641 9476 6501 2511 535 2083 7260 3755 682 4068 5609 1880 2126 1365 1349 6644 1726 5382 1397 5532 4557 7927 6696 4571 8059 7202 3493 5838 1871 5996 8944 7210 6860 9868 8227 8791 9749 5978 9218 4595 4387 1495 2460 3528 9399 4643 22 6559 1506 9782 8901 1803 1667 3668 9396 1336 7105 7971 4621 9252 8985 7323 3837 2541 740 9216 8758 9783 587 7047 8909 4202 384 5556 9700 6365 5476 7625 9685 9001 3072 9420 6276 5910 4296 5909 273 4137 7112 5965 461 1037 4550 9600 6645 5527 7184 241
7660 7204 6141 7684 592 4095 4066 8611 3890 2804 8904 2040 1384 6475 483 8084 5598 6159 9243 3708 4592 6153 3756 4602 3811 6377 2768 3640 9826 4681 3291 5997 7952 8328 2929 9137 6673 4903 6491 8878 9272 4811 478 5516 9474 2352 713 6385 8751 622 1565 8529 9401 7933 7439 2353 1605 6536 1208 9410 4462 3701 9751 1373 1556 7279 2788 2526 8169 759 5924 4059 3944 3578 4508 1886 7380 4764 8404 5710 4362 2104 9735 6799 8647 4268 1468 6228 5905 3917 2770 7613 1199 7583 9444 2578 3139 9084 7018 8760
8052 2760 7550 646 3069 1831 1854 1387 6016 5107 7481 4461 5328 611 3553 3333 4562 7735 5037 9067 3825 315 4880 9893 499 8776 3048 1862 202 6974 6722 9393 3174 4245 7772 3092 2937 2343 936 6921 4195 9034 3164 6622 7113 3542 2783 810 9732 9085 5450 3822 8504 2507 5253 2119 981 6388 2388 5669 3121 1391 4188 6798 8396 3474 3836 591 8204 9221 8666 2027 4883 7594 332 4961 9326 4050 1507 6033 9385 3232 570 5137 6620 2464 5275 5742 6312 4888 926 8370 2513 5218 4377 7917 7973 1746 7495 2452
4213 8283 4402 9744 104 6691 2774 8680 4090 7777 3853 4846 7588 4161 3762 7522 2194 7696 6079 610 7816 4659 8721 2729 3166 3151 3767 2304 9551 3212 3277 8620 2846 7508 874 5119 4060 6924 6213 8168 4287 1140 5902 9645 5590 1832 6222 1628 1873 6050 9582 2864 9593 3788 4808 6172 8252 1323 8352 8125 9377 1765 5559 4745 9771 4942 9857 1453 8215 4894 719 6067 5262 6007 2740 452 7505 1755 5762 9733 464 3062 3671 548 2453 4494 8828 9419 5678 8240 3730 7482 1089 9251 1853 9642 1314 3656 2771 2345
1213 4775 2072 6440 4607 1291 3787 1827 4601 7151 869 1608 4495 5702 8063 8587 3602 779 6966 6607 6384 5807 6295 6406 2861 6988 3869 7312 6658 4007 3099 1154 7663 2502 8085 7521 2536 9831 5111 7277 3082 6345 1860 9669 3095 291 4103 625 2647 1243 7418 2055 9412 2147 2613 3558 1550 8762 7059 2473 5130 5292 4440 2218 2963 3727 6597 6891 210 5578 2192 8001 3777 1814 4471 3157 6993 7398 9277 2610 4564 6655 3190 4413 9283 6453 4182 88 94 6685 8655 2461 7140 4375 70 9149 5786 809 2726 9670
4865 3276 5297 4432 2490 5439 3278 5092 8151 7146 2952 8200 572 4633 3925 234 8486 6375 220 8351 5593 8203 1651 8030 7541 1439 3196 6844 3860 3526 4820 6638 4795 6045 7197 9186 3053 2124 1719 3633 6100 724 9755 9651 560 484 7064 8427 5077 7611 1611 2232 7628 8994 7592 7200 44 9350 8211 2338 1575 3154 1017 4531 8806 785 4382 838 5900 1678 5718 6630 9472 242 3409 2456 9841 9712 1181 5233 4155 8815 7841 7336 8506 5809 4833 5623 2008 8625 2618 7423 9327 1186 2867 6125 651 7814 7261 2198
2405 2979 391 6633 8684 693 4952 4937 4028 6393 444 513 8735 9095 683 3665 4151 743 8763 6180 7381 1723 3385 959 2750 4782 4523 6002 6220 798 9182 8186 7589 9000 1025 173 9131 4123 6763 8953 5563 3130 3828 182 3726 8177 9662 756 4314 8630 1999 872 1418 7278 3954 7673 7558 927 3059 5011 8253 3032 77 9504 5019 8773 6470 7968 4626 9734 6455 1416 6391 7697 970 8920 3002 8176 3010 836 1740 3903 3521 4983 5421 5480 7629 9128 1676 9830 2463 5826 268 490 3655 6618 6019 4286 5172 4790
9450 3280 7234 7537 2137 7925 1430 5162 4664 8612 8885 4910 7683 5326 9065 8025 1286 3693 8671 7729 196 4853 6971 305 527 1171 1131 9877 7085 8272 3712 9340 3568 4039 613 1655 2669 1629 6208 6653 7435 886 2649 2090 848 6516 6025 9578 1221 6577 2786 8144 9300 3000 9698 7758 3922 2159 2410 4506 6292 3186 2741 578 3360 3269 8359 5798 7036 2269 3359 8933 819 3369 2260 6346 3346 4731 8378 9046 531 3544 8865 4984 3702 1662 2530 8179 964 4234 5750 6201 4285 1321 1492 1559 9136 5219 6110 7294
2421 6015 7667 8752 1086 7102 7441 4276 5296 5187 6579 1332 5263 9899 9549 7959 443 3678 1834 4593 3808 8835 7033 6215 6950 2950 8764 3525 583 9078 4603 218 9724 4855 4639 2712 8991 1289 4274 2625 4067 5428 3394 5173 9473 3362 12 3977 2005 302 7951 5575 9193 2913 677 3711 7740 9487 7851 6854 579 6370 4650 1627 9614 4627 3138 1164 8474 5033 8145 5785 7308 1769 4826 2753 4951 7376 7714 5683 8741 9057 2860 6062 3803 6314 1458 303 8064 2692 760 2322 6845 4074 6957 840 9028 8577 5677 1428
4841 9652 3951 2342 8410 6075 8462 7130 1856 355 9030 7031 8551 2470 160 4676 2585 1445 5076 9159 4030 8725 3864 7868 5783 2136 1569 4863 7397 1782 1184 3497 4636 815 4772 7364 5758 486 7602 2588 4055 8000 4870 8935 7383 9603 3036 185 1977 2681 6740 3012 4691 1586 9483 3548 5753 8471 8730 2661 5171 685 6599 2156 2064 4277 5926 2141 1245 4177 7883 1845 5701 3183 7356 5313 4509 4279 2821 2084 2775 5512 5393 6236 7775 17 1783 287 1617 2180 3666 8117 9406 7442 2782 6944 4586 9276 856 4326
6527 6474 5271 9161 9284 715 5301 5044 7699 9796 4673 3464 8460 2743 9571 289 656 3862 6659 6810 1659 3565 6012 4656 1821 5735 6912 6469 688 7677 4015 8857 1750 5510 1230 176 2889 1370 3662 9005 9336 7802 2617 3779 7074 1989 847 1227 2 729 169 2560 7877 2810 5673 3383 8407 9010 1269 1700 1143 2555 6408 7133 6186 377 481 4479 9865 8212 5544 4091 4661 3934 4717 3818 131 2207 1668 5748 2374 9295 601 6244 2261 5417 6681 7144 2187 8679 5546 4604 1061 3104 8590 3354 7905 418 1150 6468
9291 6812 1038 7670 7115 5992 8698 7999 4070 9217 3471 1698 4638 439 4757 901 7930 8731 9440 4663 3748 1189 3590 2679 5975 8454 1735 5933 9319 5991 3962 3715 3595 1419 1554 2580 1477 5184 2854 2079 4395 7690 3153 370 1917 2565 1128 8088 7152 9682 9654 1375 4435 1297 4335 6072 6959 1185 4819 3441 7847 4122 5471 4115 7078 1976 5897 3115 5023 2017 5693 6758 11 4442 3014 9557 5813 5666 5357 978 9800 8627 4945 6158 3651 9858 6086 293 7022 3820 5261 5114 9465 9692 6556 2459 6038 6900 883 8709
5136 6064 2911 8606 8306 8171 1435 5349 6997 4334 1952 6013 704 1187 3601 3061 6439 529 5001 5250 7626 7688 8968 1129 2286 7753 9500 5284 9859 3023 2489 9629 1459 5892 3089 8724 1310 7324 8967 7303 1520 2325 655 7867 4839 3189 3576 2906 4978 8891 2587 1488 86 605 3886 6808 7774 3469 3928 2479 3033 2660 8388 5911 4746 3119 9180 9559 1600 7866 7942 1078 3650 9622 2697 3737 6127 8472 4012 9511 9116 213 9485 369 954 5098 3287 5574 3204 8261 8978 5980 7520 7000 9262 9706 8832 8522 4869 8841
143 1810 7355 5643 5122 403 6821 440 1027 1324 9870 2655 3511 1413 9540 3932 1163 940 9867 6885 4190 3436 615 8330 2754 2848 3685 5039 2370 5239 1002 5565 5542 5930 7873 7800 3570 2865 2735 8803 2873 7017 1148 6395 5392 3945 4144 6532 7764 3900 9648 8294 7608 3172 3821 3580 4959 3721 2724 5829 1894 8879 764 8293 2902 5752 5898 645 2769 8428 6985 2812 1942 6986 7564 2398 518 7701 3554 6363 9199 1516 7084 5635 8491 7189 5390 4107 4004 7553 13 3897 7926 1823 7484 4652 5236 5293 184 6308
6746 87 4444 9037 3535 2351 638 732 6592 8483 1912 8912 1485 9240 8174 5160 6864 62 7068 3798 7011 793 4027 3824 3179 983 4974 7098 3971 9806 5857 1262 3908 3414 6765 7241 5059 7557 1613 6119 8918 3133 4904 2202 1637 5657 3652 3448 4079 5112 5060 5041 2751 1927 7733 4433 3475 5366 1874 2183 8882 1732 5607 3587 7945 4403 258 505 6211 5091 3176 4558 7794 6938 5820 7286 5247 6028 2549 4920 7565 7757 5169 9462 8008 1211 2583 4214 4513 8715 9649 3826 1028 9768 8201 9237 1900 1225 9233 4802
5152 9270 8011 8216 3736 8119 3107 2006 226 4560 7501 5675 5081 4689 9372 1753 789 7406 3867 1050 349 5348 4473 3233 5552 4813 5052 652 2849 4240 4533 9434 9308 8845 4436 8137 4881 8623 4590 3973 8781 4174 2599 5073 3091 968 1052 4324 2986 7305 3581 6484 304 4099 8224 1042 3297 7888 7858 7027 524 7647 351 6662 2358 5711 5451 1791 7978 2552 7097 6518 2628 7445 7741 2609 9164 6069 584 2973 2014 2125 6554 3087 7244 7265 1146 9371 95 1888 6505 9770 1760 9715 1851 7452 2688 1970 3125 9477
3289 1770 7178 7567 4290 280 9561 8688 9147 4146 2893 5658 9795 3180 9778 8509 3873 6735 6438 8694 9031 2974 8906 2385 1696 4108 7576 5416 378 6162 7780 2829 9016 5865 2996 5388 5765 7132 3740 5901 7806 4486 3426 8118 3682 41 2212 4154 922 9212 5482 2217 4460 255 2131 8490 6953 9112 7215 7318 2173 6071 7776 7864 3676 658 382 3168 3085 8634 8096 1759 7012 4995 4291 2493 8849 3947 6884 7020 9348 5438 4260 9204 2397 3861 1808 5855 1290 8555 6621 5056 5588 7468 5951 5793 7960 996 4052 7730
6480 9349 6249 2234 2680 6571 1212 6163 423 8756 3661 3888 8075 3734 6106 2602 5745 8299 3739 9181 898 7751 717 6628 7902 8945 6649 568 2170 2384 7040 3418 1117 1830 7760 8188 1421 4584 1484 4330 7453 782 5962 4125 8809 8519 9119 2191 1066 2271 5179 9331 8716 8939 9496 937 9321 6248 2058 9154 6047 462 5189 1192 9548 6663 3717 4780 1905 2674 3439 7311 1518 1937 1606 2731 1260 2362 4244 6511 6199 8934 9536 1030 6331 2917 2746 2054 3217 7024 3771 4736 6583 1718 691 8260 3532 3425 8086 9236
4701 7514 1051 8443 3549 8136 5310 8536 8931 2220 2128 5724 1787 3946 4193 1119 4014 5491 5633 1968 9305 6745 3723 861 2019 2946 5058 7597 4405 8057 2428 1680 4470 9015 2175 6711 7819 2233 1825 3884 1100 3112 6140 3608 8922 7037 6115 1015 3998 6668 7989 2862 6472 4322 6549 4417 1584 6323 7016 5879 9175 2355 5102 5116 183 4919 2990 4682 3283 4582 3545 6126 8499 3007 5676 6206 5459 7232 525 5792 565 1054 7460 9839 8960 7454 1875 3541 5466 6909 5285 6935 5580 9141 6627 2051 1224 172 6969 4008
1438 1237 7086 1062 9432 3856 4577 5165 67 8380 3230 5132 9297 223 8062 1094 8729 308 6513 5046 7975 9573 2553 8411 6128 6426 4312 2481 1145 5513 8825 9174 5868 3943 8969 5214 3660 2813 2082 5333 8148 47 2476 2455 1844 2310 9265 9248 6804 8024 5499 640 9887 4253 82 8966 1811 2049 668 963 2454 566 1409 5443 4379 1403 942 4568 7242 7961 2041 5321 920 4406 9320 9226 1965 3379 6791 1743 6445 7034 9055 4414 144 7379 7731 4132 3847 7440 7092 7055 9884 9575 3405 762 6320 6825 948 7976
2382 971 8164 4806 4962 5115 7845 6672 8990 7827 244 4057 3231 8984 9123 3396 8663 8951 4573 7212 508 7872 28 965 4588 6641 1443 7676 5159 9855 746 9099 8678 7335 4537 3220 9520 5648 6508 3316 3387 6635 9197 4507 5922 162 1841 9663 5125 1494 8449 7428 8569 4498 4468 2677 6833 4708 3959 3854 8477 5944 9228 2196 1772 7222 8018 7298 9100 5660 8458 8292 5441 8817 3906 9426 6412 8742 36 631 8389 7169 1175 7651 8053 845 9636 4720 5010 9673 5837 6502 9878 5731 8579 8696 5599 894 50 3067
5129 2263 9522 8175 5209 2544 311 4016 9596 8842 2381 7908 9501 5045 593 3017 3052 5699 4265 4748 7157 8837 546 8141 7409 908 3850 3705 7654 2765 6286 4658 8406 3914 6032 3637 8038 9122 6124 7273 5873 8234 26 4227 6675 3079 5496 7650 7283 5452 3747 2276 5555 5127 5004 4986 5945 8940 7977 906 2779 6565 6667 9822 7432 8532 4575 8093 7852 2885 4219 976 3207 5243 8398 5812 7106 8465 2658 298 2840 4258 697 7327 1090 4339 9523 7763 1377 6386 3797 6462 8036 4194 1776 1394 4610 6529 698 138
8310 7328 1236 3065 58 2995 616 2700 6729 5246 1305 354 1521 5245 7402 4821 5529 2258 1961 2438 6144 7900 1906 4376 7003 3909 5090 3710 5759 7291 5890 623 3357 6437 5630 6811 5716 5771 5329 9011 9183 9714 3586 6541 4830 310 6610 9661 1198 6666 6709 5662 7459 576 6915 7742 286 312 8161 6826 7915 3114 6238 1764 8786 8766 969 7494 1749 64 1396 9075 7648 9686 3126 6374 4183 6629 5327 7582 2401 3669 7456 3891 4422 7897 6405 8026 2074 4714 6389 6730 632 5389 7006 8377 2826 6298 8889 4424
5337 1218 7724 2451 1738 1210 5625 3216 2053 1333 9151 9214 3743 2208 5619 7118 6379 2377 9060 4705 34 3077 5867 6287 4048 9470 161 4907 2506 6074 8044 6418 8412 7875 5938 3754 5356 8035 8106 1528 4317 7082 8563 952 7694 9409 699 523 8109 8646 3404 4383 7642 2223 5225 4969 5963 2638 8847 8850 424 1022 1351 6010 6699 8780 357 1425 2031 997 7904 5966 904 3732 274 827 9543 6517 2372 1709 9244 6246 1890 5558 1991 9071 7227 3403 4092 9460 9106 1529 2720 2686 7433 8718 8183 7142 7734 7947
3206 5340 5815 5365 9820 2785 1754 3356 944 1358 8958 7395 14 8374 8150 4646 1359 5776 9012 6604 4792 7674 7181 8325 5894 8959 3965 2118 383 7732 4359 474 5106 9165 8974 6046 6151 296 4352 2472 694 4648 1322 8350 9366 362 2756 6522 2497 8258 2486 2623 7369 1706 3791 6941 3243 2630 8567 3477 8753 9518 4001 4351 4634 2548 7043 5208 264 3083 7843 1060 8893 6514 9526 738 157 7350 7255 2561 493 1302 2951 1816 8226 1169 1715 1281 6717 3024 2745 5957 5241 2845 642 3704 4759 7893 6178 7949
4957 9006 8902 8977 7534 9886 4885 8172 1331 844 2230 8485 6615 2371 6616 3148 4189 7330 2855 2415 6960 9480 3001 1244 7167 1415 4006 2302 5803 9723 515 3041 4609 103 3707 7206 6926 6535 9539 706 4430 3109 3572 749 9780 700 6277 6233 5979 2533 4831 1577 4152 9627 6454 5884 9567 5953 3986 8019 5163 9576 5344 5696 6394 3804 4033 7219 974 1796 7163 757 7021 9414 1512 1877 1504 665 9448 5323 9223 6937 8888 2808 4963 1620 1411 1526 9489 8244 2874 2163 4900 7451 2281 2314 8208 3614 2944 39
6698 498 2606 4257 9456 1172 5440 9162 6464 1730 5935 256 6933 939 7590 5324 1707 121 9488 9213 6723 4241 5294 2205 6881 5027 18 1597 5012 4272 4873 7813 2311 3239 1136 2034 470 8601 5065 5777 5456 9196 2955 7507 7624 8693 4504 1741 6376 8021 589 8384 534 2912 1223 3332 1959 1489 2225 6585 9179 4698 3918 8892 8098 2709 8009 6747 5839 8006 2292 8859 661 5281 3555 5584 9287 4683 1000 7444 4709 5211 5845 1074 3445 5341 3128 6382 8316 3305 8539 4599 3996 6567 8195 5178 8058 6419 3719 2103
2071 1083 3349 3337 8929 6796 6085 2077 7995 2790 3146 3058 4218 1229 709 6712 7559 6800 2920 2832 5359 3191 5998 1251 8631 2020 3689 7993 7188 5642 3228 105 4998 918 33 4563 7119 765 9719 2978 9717 8321 8451 2400 9676 271 3714 8883 9759 6054 2958 5154 8750 9188 1294 933 1363 5006 3088 6156 3766 5858 2086 4526 1092 9003 294 5458 1867 4046 9737 4823 1720 5138 7300 2732 3899 7190 921 4697 571 8498 5206 6397 2213 6057 7436 630 6523 2558 1014 5308 9527 7208 865 6533 3219 1593 8917 3221
142 7928 2088 178 8624 2303 5395 8834 3893 3491 259 6543 1467 5831 8279 1463 6113 5055 2386 8033 6506 1126 1532 2994 7174 3395 3667 2375 2209 2900 7158 3784 6807 6896 3199 3463 8941 99 6239 1071 8613 4370 3215 723 346 9361 1681 4384 4749 7964 8113 6970 4520 1705 9499 4991 4239 3290 4350 6648 3308 8782 6264 3550 4679 5918 8132 8173 6311 1598 107 2967 3262 3371 5088 1926 1677 1082 9072 8690 2468 8702 5345 4325 4906 6898 6184 878 3483 5530 5821 6000 5977 5422 2744 4116 647 5141 2048 1777
870 3687 9395 3956 1191 7899 7179 1973 5725 386 1457 4598 1108 6260 7332 2256 7882 7337 2189 1256 4743 8230 352 1393 2063 4164 5770 8884 4364 8701 5651 350 8534 4281 297 8582 5862 7045 6876 4098 7288 3147 6581 5652 5795 626 7223 3989 414 5228 7117 4669 4408 472 2657 1957 6785 5654 1944 2294 1398 2307 3169 8418 4879 794 7060 1710 4711 6461 9365 6598 24 9042 1279 8347 4327 1441 2704 3309 2073 4248 4013 766 5264 750 4204 7637 2249 4078 8618 9555 563 8573 1342 7125 6901 2009 6515 5610
6994 5351 1505 2890 3938 5981 4608 4071 4700 1737 2666 7948 3293 8550 3020 3510 8810 1574 9201 7549 4466 3265 5017 2742 6504 4926 4306 9328 7984 5554 4484 4660 7781 4755 4207 4311 2293 2595 9008 2216 737 3460 881 8531 6204 663 3142 7533 3801 1464 7473 6762 9754 9379 8894 4769 7726 9281 3049 9047 360 6481 3588 617 2547 6906 3325 1790 1951 7815 1829 279 3188 1161 2853 1055 1317 1301 8074 5946 5553 6888 4026 4559 3086 5521 3495 574 1173 488 9403 1308 3238 6368 7830 2899 681 3841 8838 243
2376 163 1101 1907 6134 1638 5810 7228 2690 4733 3603 8385 4936 4243 9282 5749 8523 3866 4807 5083 7600 7641 5714 295 2532 1596 6940 4786 9638 5 9190 8500 1847 6029 8198 9799 9896 725 7267 8942 66 9779 4443 8281 4625 4180 6770 5266 8420 3055 5032 5791 5274 5272 962 9702 4210 1815 3556 4458 324 2023 817 2749 8334 2601 9022 1320 6560 8197 4142 7785 1159 6867 1614 6422 9205 1044 6252 7038 3920 8138 5723 5146 6756 8243 7581 6790 1925 6005 2111 2557 7523 9306 8800 3449 1893 1474 5413 3498
3218 811 6205 3094 7998 5659 2436 1964 8482 1434 3937 8502 1527 7810 1399 8989 7865 4134 9885 4084 4543 6572 1280 3391 7134 2517 8066 4380 4025 3649 7239 2185 1313 240 7339 5133 4796 5168 9389 8297 1515 2828 4838 434 2448 9871 5181 6525 348 914 2819 4872 6256 7246 5524 1292 118 8993 1561 4452 8439 8826 4740 6224 7903 2244 4999 74 4956 7354 2983 2298 6816 1643 7745 2823 5679 8317 9023 7857 2042 9266 6432 8628 7166 4011 4972 1451 2012 768 8503 3985 4931 8322 1548 7385 5970 7295 189 5410
9045 6692 430 9346 5782 8744 1206 8047 8225 2309 853 7253 4670 3195 5252 4688 2129 2296 5586 4773 4344 8221 53 4500 6343 6446 3916 8538 366 145 8501 206 8954 6609 947 1372 9793 4246 1982 8157 5921 1933 5377 8236 9264 1840 696 1183 232 5232 3758 9725 2022 4989 5805 9558 5503 8661 5819 6820 4549 347 180 7935 8369 1475 5485 7185 2028 9828 2539 2543 6441 4668 6065 9524 3342 1080 3144 5048 5470 7716 2662 8433 3244 7880 4233 5251 8493 2098 4488 6538 7719 9641 9102 1884 8722 2772 4192 4284
5650 5145 9026 9763 5415 5224 7595 5300 5423 3810 5409 8160 3159 4860 9090 9044 158 448 2439 7476 7603 6980 8383 5982 2132 5549 5460 7035 8861 1618 733 2922 5448 3697 8005 2589 9834 6281 689 2350 8278 9339 417 1316 8432 8599 4411 6390 8131 2695 7026 1960 4925 6889 2708 5535 692 8554 7797 245 5636 9120 8447 5383 5993 4827 4889 3156 8936 2241 7884 5703 1338 9814 4970 8829 3941 7088 5304 4459 6036 6194 5916 8686 7153 63 3772 6589 2318 5764 8259 4002 3296 2931 4445 3774 6721 2881 2878 6044
8392 3028 8170 2663 8371 7574 8971 1956 225 4905 6400 9552 5426 550 1645 5270 992 340 6169 1008 1582 9335 8302 1412 4898 1350 5671 3201 3317 9382 5282 344 6330 7145 4822 6853 7910 6177 6877 3162 4620 8219 5186 23 6114 5566 6910 9608 9239 5175 6512 8911 395 690 5424 8041 9599 9135 6569 3275 6731 313 7809 1261 5567 276 8083 2057 3229 7209 2284 5071 1127 7691 7982 9376 4061 8660 318 2598 670 5781 9200 6485 9230 1258 9849 3695 3933 6369 1462 6168 2442 3503 4540 619 2737 2537 6090 6568
6707 209 407 1974 153 2564 4064 9417 1241 8158 598 6147 2105 5674 363 7832 7 6122 7170 6749 1671 8575 6145 2851 8823 3122 9185 7351 5763 2114 2422 9436 4987 8651 1623 7572 2162 721 7391 8245 2925 2676 9872 6317 6257 4175 2597 7198 3063 1540 4843 3834 2246 4996 5629 6489 2738 7535 3465 2174 5442 8792 667 542 9544 8055 5796 4332 6674 835 1491 8662 6315 8206 629 5185 400 2872 9402 229 5089 1535 751 3816 150 2794 8866 5616 1369 3098 3968 453 1603 9115 9391 6724 6873 5903 2670 5646
4766 9453 7108 9142 8046 9475 910 7547 78 7293 5419 7614 3187 6182 7561 9502 6736 6752 4703 3406 7149 1447 5411 8372 7346 9785 1646 5638 6702 4153 9160 6500 3322 2908 5707 3490 4124 7363 4256 7343 5999 4512 9463 8238 8685 4756 7620 2837 6936 1361 4762 2637 7754 7528 262 2347 3163 2820 2282 2278 3177 4426 9478 4518 897 9130 7912 4818 1068 7150 2204 7849 1745 889 3508 7005 1690 2150 8285 826 3809 4723 5212 2283 8028 5079 1924 7412 9063 4042 4029 6284 3722 2919 6886 6720 7657 398 7838 1410
4178 664 2424 8205 1231 6858 2897 356 3340 2492 8476 2378 8755 5436 8288 9674 8562 3046 3489 6154 5801 7403 7605 1067 6772 1115 2711 7469 8621 2667 3991 8566 4631 2642 2026 3892 477 544 5291 6149 917 8528 4797 4551 1004 9274 4097 6466 711 2894 5577 8159 5779 4201 3101 1809 8003 775 6102 9466 7191 4250 7784 8708 5947 8507 1549 7878 716 7042 4519 8831 8897 5431 1005 7805 8192 8570 4628 4385 7154 1382 2146 7678 2346 8010 29 1406 6949 4172 1064 7748 5317 9351 8425 9292 3781 1486 3416 5258
5155 5583 8488 6243 6003 8981 5889 4856 3295 8596 1785 2910 9451 1978 7407 7070 6081 7536 8408 5376 2262 1714 6473 8360 8871 7850 3692 6275 8102 4600 949 4570 2976 9836 1870 9435 8209 522 8422 3520 1016 2221 3378 7349 2668 8830 5078 5254 8530 7808 5398 9513 5744 8524 6193 2495 528 3514 5350 5856 4918 7506 9860 5849 2257 6192 8745 6815 134 3398 7087 7887 1400 761 482 2327 9247 4056 246 2228 5692 7310 1583 203 720 5647 7341 1326 1122 6903 1319 536 7143 6755 330 4632 8354 1144 7892 1374
4036 8095 9528 3401 9013 3750 7747 5454 2043 2016 6123 915 9643 8249 5433 3158 885 3887 6200 636 6651 3557 6483 3846 754 8133 7137 6704 3185 8571 1602 6173 4386 1105 8210 7835 539 3881 1742 8153 602 7623 5754 5612 614 117 7921 8344 1622 5534 3397 3615 4908 6280 3527 7135 5354 5461 6197 3659 6316 4224 2445 5193 3769 2195 5971 4211 5066 5183 3304 3365 6601 9333 2477 7483 4798 2713 5384 9892 40 4336 7076 3585 519 5500 7779 2359 8602 9554 322 7896 7489 4140 1072 1731 8863 2882 5832 2491
3413 3482 269 5035 6625 4774 5096 6954 9168 6795 4273 9547 3670 2349 9545 1427 9666 2273 5118 4645 8546 8193 3506 6196 3742 9166 6661 190 9812 5049 6142 7727 3855 6433 1177 7551 5364 3415 911 3461 8239 6591 3533 497 6608 9805 6404 1141 3454 1943 7107 152 8594 8124 9273 2393 1193 37 637 9143 6542 2792 4018 8924 7708 7001 8492 6768 9875 106 8926 5318 4118 1309 83 5483 2145 3455 2868 7709 9601 5773 8495 972 9869 6727 6261 9788 9644 2331 1207 3725 5788 7136 4114 991 2316 6733 3793 4938
1902 8976 1007 4503 3226 6299 4747 1640 7275 1592 4176 5720 5960 1274 2797 4965 365 266 5207 6703 9584 6911 9381 8682 5085 4083 7692 5955 5722 5101 6300 3388 3389 8453 1704 2253 2789 7373 5637 4527 5477 3901 1784 7069 1686 4712 5490 31 5927 873 5987 4419 8639 8572 3874 3064 9254 3815 1594 8012 7096 2870 2780 5757 5435 731 6309 3345 4871 3241 3610 6425 5303 5847 9655 7646 3096 5473 1995 1563 8379 6105 491 7058 9139 4465 3964 385 8478 2425 1378 25 7094 787 6904 1819 4615 2608 7876 8748
6509 5875 4301 6011 3703 6809 8332 1215 4221 7046 89 5029 5302 2722 2888 1546 3658 2357 3806 2923 8604 7431 5242 6209 2665 329 1997 8004 8250 7386 231 1268 238 7365 7345 2612 6430 4483 8056 5852 6917 2193 1436 7032 553 119 2682 3513 5075 3447 6486 7411 8050 32 545 6797 5774 5481 2653 6449 5372 4722 8235 4089 4104 6678 5582 7201 3582 3364 4851 6611 3090 773 1895 6297 9066 6203 7347 6001 4168 895 2308 2752 4739 193 1408 7220 6582 6336 4482 6534 2721 1558 2631 9268 3234 2575 3339 7284
6987 8409 4980 2678 3084 7041 5874 250 5925 8067 5653 6827 4623 1757 4930 8895 2896 7575 9667 7664 9423 3203 9515 4085 5374 4381 672 7162 1839 7193 1717 4474 4721 6360 1267 5602 7525 7630 3210 7257 3192 1763 8338 7698 9132 2508 4365 2781 3073 2321 1595 6037 2091 8609 3684 2714 5057 5022 7103 3329 1493 3137 7252 8184 5203 9468 3134 4939 4113 9709 5929 5307 2691 283 4866 8039 7539 1476 1963 5687 3323 9689 5697 3245 909 281 858 3981 9358 5400 6059 4614 7871 804 5488 5238 5216 3298 9018 2117
7979 6146 6595 9234 5020 1786 7080 1687 3898 4230 2523 654 1852 5202 3643 1047 1170 2916 1576 252 4357 3598 4047 7844 4340 1388 3267 1517 3496 6894 3839 4280 2337 4166 6919 3227 3313 7485 919 4023 1277 3763 6420 1661 8135 7946 7768 2510 7221 5192 5595 3958 3880 2323 1093 235 8382 1652 2833 6913 3235 2892 5585 1846 6460 9835 93 9505 3896 1116 9801 5013 8049 30 426 2387 1456 1303 7299 1781 6806 3852 7790 2443 7302 219 5040 1699 603 1934 8152 3393 9314 7368 514 2593 237 4967 9103 6181
5915 8091 216 1039 1 211 3042 8787 307 662 1233 3178 3021 3272 3800 7513 5104 6302 9068 4167 4666 7408 3512 6322 8812 8957 96 5940 2626 4226 79 9646 1049 4935 2574 1346 6728 7247 783 4678 3584 6293 1910 8860 4 9017 5094 7449 6750 4358 4534 3307 8535 9360 541 533 4254 5123 2408 4828 1985 5404 2652 3796 9748 2516 9672 2784 2068 380 4262 559 9052 1165 5871 2324 3211 2101 2698 5737 607 7621 1801 6715 195 5990 421 6557 5427 4654 2237 6383 437 862 6242 5836 4511 5064 4372 512
7895 6893 1036 800 8155 6043 1345 85 2928 5721 5551 2527 8988 4263 1188 1112 7711 433 3531 5985 6836 3634 9521 5984 3353 3100 7552 9280 1711 1545 4228 6878 680 4544 2936 5498 679 8054 390 8364 2067 1429 1775 6989 8247 9129 4229 3972 9 2798 3143 2852 2554 4323 5295 6868 7853 6814 1392 7966 6210 1328 9170 7706 4404 1601 6619 7839 4955 9753 9464 3927 4877 1368 9837 6402 120 2056 4834 934 4727 5346 5249 333 6828 6999 9765 7879 5237 3266 5472 3494 6185 6294 3341 4738 428 2796 2097 2801
7254 6849 1284 4288 7129 2075 2446 9225 834 5732 1178 9411 1524 290 2571 6253 5685 1631 9889 2348 5188 2035 7996 5322 7736 8333 3844 7182 2025 1795 4416 7416 8820 4763 767 7586 4702 5379 102 5408 7766 8156 6187 3303 5539 3632 2814 239 1048 4690 3889 3256 9210 6552 9250 1205 8783 5730 3537 8390 3515 951 7874 2466 1138 1012 7019 7180 4105 8266 6272 6188 3225 5608 4578 359 7531 1954 820 5425 5487 4252 7715 8087 4622 5093 5338 2450 9278 4319 6143 2716 6493 2800 450 9449 3524 5166 5939 9138
8881 6528 8813 457 3744 2070 3700 1254 932 1733 4994 2069 880 9386 6519 3435 3745 8128 1201 2127 9438 3352 3645 9323 6270 4309 4496 3518 2457 2409 4077 8241 7450 4553 3679 3057 9542 122 2153 5961 3631 8190 5912 5976 8393 1794 3479 3519 5899 141 5817 4021 3149 4922 8280 6859 8143 7195 3984 4170 5279 943 6507 5217 2787 1908 6929 2274 3879 3344 5778 5948 3976 9425 8560 7578 8648 4988 7028 8100 3051 4431 6042 9665 6060 854 9347 5684 6774 5445 3639 7496 582 5205 9563 5613 5494 9491 8864 7562
9447 5086 4891 2210 7518 336 2013 3611 763 6669 6837 5872 5811 7769 2843 2941 4162 1842 8586 8856 1635 3282 9606 6594 707 5320 8043 8232 2954 8154 3987 8497 1945 8821 3009 3571 3761 3314 1555 3294 1657 6231 3113 372 967 1599 784 6133 5000 248 2734 3074 5509 8435 3008 7568 3782 912 6642 6834 8228 4680 8442 2199 5706 6092 233 2556 4541 6676 7316 2222 4053 6396 8692 8237 4596 7965 7472 1033 3170 2197 6138 5606 5787 4361 7362 8848 506 833 3335 5888 8042 2505 2592 460 6139 9668 2607 6399
9588 3605 676 4977 6899 4120 9569 3765 1246 7909 353 5537 903 5841 7010 3223 8455 8925 3492 4450 9378 416 9146 115 635 2938 5825 521 7609 1568 7862 2340 8077 4259 8833 1287 4502 404 5016 45 4368 3566 9864 2336 2727 2739 5691 301 3184 4082 4976 8641 6 335 7075 673 1835 9679 6132 7326 7240 9616 1343 3054 3913 6344 8079 4618 4641 43 5038 8264 822 4448 8248 3619 3686 6443 3111 6792 5319 1566 3858 3070 4278 1654 6212 2265 4131 7159 3600 1450 6843 4282 1315 2836 5561 5550 4423 8363
5197 1386 2763 392 5974 2903 7963 7891 3236 2718 4809 1366 829 3013 4163 1980 5334 9722 3330 9089 502 7371 9380 5531 3366 852 7618 9311 7249 7596 7359 9628 3696 3102 3681 753 4890 7192 6265 9660 8805 1774 7394 5891 2959 3343 8517 6174 4106 4517 10 7619 823 3431 3926 8256 9512 1799 3911 3616 2736 3733 3467 832 2600 1497 1798 306 3103 778 8048 8728 3044 7919 2095 7705 9639 6612 5024 3375 1621 7913 726 9535 6695 6367 5604 7051 5663 8923 7248 6967 4197 1508 9271 3071 8705 9742 3713 7939
9222 2144 2411 6235 538 1347 1466 7632 4179 990 2412 3760 1998 3718 3694 9550 5881 1911 8464 4337 7860 6327 9590 3327 8020 8068 130 3921 8448 7791 8115 215 2758 8527 3885 3940 7987 2251 2685 987 3473 6614 7739 6130 8736 4196 7793 1702 556 1914 325 6586 5043 9364 7848 6340 966 5869 5259 5615 7049 8548 166 7269 6636 1609 3417 3399 500 777 5467 1381 8015 1868 6743 7728 5756 825 4589 8948 6318 7771 3288 8757 1510 1716 2441 5025 1656 1648 3205 4080 7268 1432 2116 814 5526 7448 6503 1216
309 1020 3302 9267 7479 2694 2226 8910 3377 988 2971 3452 8099 9232 1469 8308 1455 3442 3827 4665 7111 5053 9211 555 4203 1658 4892 9096 9591 742 4297 744 1858 489 6732 61 687 2930 5268 9671 338 2842 9302 3456 9020 2143 9564 9077 8014 1947 5726 1203 8807 2573 1311 9009 387 7121 6250 7029 4982 7025 4121 5614 9825 7414 56 6091 4594 7639 4184 7023 48 7320 422 4487 2078 4396 8844 6348 6934 6022 5385 2363 4579 6266 4283 7388 950 8229 8262 2133 5579 7885 2773 7599 9701 1282 6030 6364
5931 5397 1987 4781 4186 2778 1589 1043 4349 4649 2211 6152 5153 7290 1353 8704 9025 1501 6306 4662 3621 6737 2300 1607 4475 8869 3380 5003 6423 7434 5502 5109 4242 5378 2000 9111 9315 6487 3242 595 8097 406 4231 1547 4363 1151 3960 8291 2297 837 4916 5325 1285 5769 8605 6602 3367 3768 1695 9171 8346 6078 5956 5860 7901 4546 695 9275 9546 4522 3428 4591 7014 3160 8907 5493 3865 1804 5420 2164 8963 327 4307 986 8022 5540 7746 8277 530 5267 9579 9772 9324 8564 989 7251 7090 9609 9061 8298
9739 2142 941 2440 8417 7477 4022 4947 6841 2949 8827 4805 3618 3006 4310 2021 4031 1200 108 5406 7511 5405 739 4958 2648 596 8339 7526 2863 4934 8126 6866 9789 3411 7048 1913 7238 3635 5221 4992 2010 2615 3883 4391 6697 1525 9769 4338 76 3127 2659 3420 1503 328 5760 90 4944 6914 6725 6776 7183 4580 6234 3392 8870 4847 278 8300 1034 8361 2110 8610 7622 8286 2107 2290 9304 4304 5954 1283 9407 5740 5644 8659 2895 747 4555 2859 8 4825 3299 3478 6764 1882 1275 5142 7916 5312 9631 6870
334 1538 6488 2061 8080 4428 7931 590 2122 6137 973 9532 9503 8463 9637 5015 1167 9624 6874 4185 5331 4777 8457 2529 7682 9344 5682 501 2426 1209 907 3613 3567 4771 179 4525 4017 1679 5002 1113 2706 3037 2029 9177 7053 8952 5026 4735 3198 4521 5568 9421 1666 6492 2932 7067 3539 4852 458 2333 1683 8437 8972 2512 3709 7519 7199 7243 8284 159 65 1249 7110 1863 6167 2992 1564 925 9398 859 1838 2993 3390 479 6946 884 0 2379 730 2705 5622 5655 5367 5943 1059 8313 9553 7224 9279 253
9602 4449 222 2672 6084 5399 3842 4206 6862 9802 4901 9408 6819 7954 6671 6753 5196 1780 902 1182 9430 8027 7231 6875 9152 1591 6319 7443 1693 8697 5144 2717 7944 3045 5589 5876 6494 8078 3538 2254 999 3019 2396 1534 188 660 7924 7205 5469 496 8265 116 8633 6754 3599 5751 3440 6623 8329 4476 1691 3997 6962 1452 6783 5895 3569 5631 9088 6040 5547 1104 1307 8123 9206 3485 2939 1896 5964 3038 2901 5164 1981 8914 586 1110 9774 1923 5728 552 4093 4671 6325 5704 8672 3983 6892 9253 6020 6417
2568 5886 4024 3691 8130 5080 6700 5108 7392 435 9656 1232 8484 5468 7837 2566 6818 230 4933 8516 3131 2015 520 6198 1792 2134 554 8540 1692 6813 3982 5536 8525 2430 1936 2135 1669 69 9541 7601 1932 6540 1904 3627 285 7382 7938 8311 8576 7218 8873 7828 5394 8255 4505 7524 1725 7109 7573 9728 8423 5298 2581 6851 7929 4993 3778 4946 1266 2582 6104 2805 374 8073 8793 1076 4949 8303 9467 7095 2577 606 7057 155 923 849 735 5525 3060 7101 5229 358 5620 4111 8816 7854 8598 6414 1147 2646
3764 2306 125 8459 3663 1531 6444 5430 2115 6713 9192 2953 7306 8312 4789 3402 8695 2320 267 2793 5084 7820 5632 938 467 7812 9492 984 8191 419 2522 2123 9301 1111 4657 4882 9092 7941 6362 8094 9570 2275 1465 447 388 3171 468 6041 9113 2417 2857 8836 5800 2528 3546 5797 2301 7855 6769 9150 7467 6775 1239 399 7258 2563 3118 4539 1773 3574 5848 6431 8650 4366 2238 2934 9853 8840 2816 1519 1482 1123 8903 2389 7653 5201 786 3509 7399 4065 5386 3328 843 8479 9611 1887 8480 8246 4783 6951
569 7585 6684 2434 6925 3720 8514 6848 7171 2081 7752 888 1473 5851 4707 7722 6880 2880 6496 795 9375 7377 564 567 5907 7475 4316 2360 4293 4706 7493 6076 5455 2312 7898 361 6490 129 19 6590 7104 4094 3607 2570 2161 6288 9461 1263 3931 771 4294 7834 8436 9452 5343 8824 5148 8475 2799 8995 4420 1255 1487 1891 4737 402 818 9369 2279 2219 3783 776 4308 2684 2184 5508 4667 8331 7515 3729 8642 5573 7615 6089 3849 5210 412 8928 599 6761 147 4642 8737 5522 6148 5656 9727 5842 320 9818
5780 314 7563 21 3018 6714 9704 1551 3301 8670 1967 3370 4857 7413 6457 2065 7148 5182 4569 110 1334 3422 1610 4917 7980 2689 4010 846 7509 2475 9109 3451 2106 3318 3963 8101 8468 1958 7008 9194 1085 6520 8603 7054 1197 1395 1573 170 2045 3015 6558 2596 4485 5968 3110 1903 714 8444 3281 1422 4200 123 7410 2089 8799 2171 342 3453 5190 8759 8808 7662 2471 7072 5665 9155 3673 4567 9760 6307 9441 299 8746 7540 171 2905 516 8658 6052 9373 3840 317 7128 6283 2326 8547 3990 4695 8719 5545
9726 1405 4886 4354 4160 7462 7207 3872 2542 4655 3716 9325 6555 3863 2535 8180 1330 5767 3759 8220 526 9823 7992 9038 6155 5600 3523 1160 7464 8403 2177 3792 1325 2534 2139 2671 5668 6179 727 1001 9110 6093 1362 3949 1639 8852 6268 4249 2096 755 5401 2747 9653 1109 4515 4076 8182 3003 2465 9330 1604 3251 3902 9357 9675 9329 6465 5042 882 7063 9296 9469 977 2330 4102 9029 9713 6564 1081 7831 4985 5396 436 4510 3161 8998 6680 5008 6596 2611 2206 177 2961 6088 1479 8600 1296 3321 1442 8638
9334 8513 5507 1341 4644 393 5719 4169 2392 6372 752 2915 2433 7991 7617 1800 2962 580 8946 3260 7396 8376 1471 8367 8814 8140 4454 9537 8274 9368 6289 5375 7187 204 2109 1490 9167 8853 1079 3577 7881 7527 4761 1889 6613 3775 7560 9481 5729 4329 6842 6802 321 4425 1579 4778 7114 72 6229 5199 7461 797 9838 7401 1514 3433 2757 7577 7176 5932 319 8798 2683 7685 7859 5265 368 3368 2921 4754 164 6593 277 5882 6424 9455 3564 8217 9126 6063 139 5157 8858 6548 6347 4378 3970 3306 2498 8473
5235 7940 4289 7417 8905 8652 2215 7304 8986 9227 781 7127 2432 7030 3904 9124 7994 1899 98 1939 5474 6832 5276 4271 2524 6650 678 6578 7796 7721 8770 4535 6718 772 8644 1562 5627 8289 1176 3407 7755 7886 3589 381 8597 7367 5097 6387 8543 339 6004 669 466 4100 2168 9587 7400 6976 6547 2285 3258 2755 6932 2270 3200 7761 6410 9678 1915 2390 5222 7635 8556 9756 1480 6111 154 6958 8318 1121 454 2437 3384 1158 4501 6328 2391 8754 4051 3222 3040 8559 1543 8340 8714 7804 9255 9534 201 3410
6171 8116 2817 1354 9049 597 2319 2702 1222 1194 1675 6510 5332 5412 4545 8622 6373 9294 4341 5244 5260 1390 2730 6117 6026 9041 686 1402 8979 6207 7907 6734 7889 3638 9847 2520 4637 4516 875 2467 3501 1975 2280 4725 5369 1389 7616 4215 8368 5305 8887 1288 4158 1088 6471 1437 831 8557 2632 1180 7773 3957 3617 5158 1632 6359 1766 5134 3363 9370 156 5495 6879 5161 1673 3936 5014 2616 5514 7344 8307 7988 7384 604 8337 1019 8034 8167 8591 4606 1642 2981 4694 945 5548 1041 2383 7161 4441 2044
8819 3141 4760 3081 9021 8178 1401 1513 8797 4565 2546 9101 5257 60 442 1032 6805 1898 6939 8581 4348 2985 4331 9163 8619 5437 3980 396 1273 8362 3068 674 7002 7165 7331 4887 7226 7923 7652 3786 4741 4003 9880 6478 557 9497 4353 4895 551 3181 7194 5007 2766 8683 671 284 1919 5131 608 441 5486 7250 799 337 7778 2239 6027 1166 6077 1567 2100 2179 9433 9846 5140 7516 994 275 6366 4836 1778 3382 5286 1879 3470 2673 9257 803 2847 8665 4597 221 6262 1124 4141 3438 9087 8223 9156 2419
7801 2927 181 4398 1650 3338 8720 5336 1949 6080 3459 3108 9680 2572 4719 3805 6956 397 214 5667 3300 2369 7172 6310 3446 2039 7517 9074 4392 8162 3182 1721 1590 9630 2395 2980 3253 7338 1578 1833 3348 710 4710 2841 7967 2367 6381 8712 9482 7636 618 4685 577 300 857 5465 4928 9659 8107 9556 5050 1865 9195 9169 3026 4400 5120 7155 4020 9125 6931 2167 3 2004 2803 8185 6991 1114 5515 8982 1235 8273 5518 1356 2838 659 6531 3813 7437 8342 9352 6847 2036 3252 4356 8071 4421 4704 8772 5698
4768 5538 5180 7457 5870 446 8656 2614 1099 4072 7422 3034 4374 8060 5649 953 3688 5713 9345 3246 8320 8353 6665 2629 8508 6955 3547 2245 1560 7415 8142 1727 8358 8429 2030 7420 2247 2200 5887 1762 824 7429 5121 9718 4793 600 6290 5475 6773 8774 6018 8676 3462 9035 2431 9019 9079 2733 8069 4791 2707 6855 2636 4480 3642 1096 1689 4489 3677 7580 1483 2259 6640 2603 4616 1553 4275 6948 2313 6757 1761 1636 8304 5110 6165 4143 7543 8846 8779 1615 8032 5463 4232 7612 3500 7953 6428 3593 9014 1070
4040 4829 5139 581 8667 2710 6524 9043 1802 4371 2416 4975 4235 2968 7570 9486 9777 6639 4360 3895 6786 2975 9098 6035 4744 2809 7280 3027 2266 3075 8103 8796 3016 8769 132 2182 6682 2406 7680 5070 3905 6905 6267 9322 4401 4456 4087 3622 6741 9585 5840 9493 8545 6687 4119 7756 5287 3752 4264 9062 4139 2858 9720 9317 1523 4876 8717 1736 2317 75 8552 8357 9767 2703 4859 8470 4497 4715 4728 6643 3145 4270 7598 3484 1818 879 5371 2960 3630 2277 5959 401 5866 3434 3257 7640 7039 408 1404 168
