17 17
280 189 34 200 195 118 155 273 191 48 192 84 122 76 112 0 62
225 96 117 115 78 240 288 247 85 148 38 49 272 70 104 42 216
279 181 147 187 1 262 127 120 251 153 33 113 106 61 161 25 81
199 100 173 64 201 204 83 224 245 32 2 56 110 215 131 265 129
194 233 138 142 51 227 185 197 89 31 91 14 145 281 90 72 160
212 75 40 286 283 55 63 29 257 77 26 126 228 158 266 39 146
183 109 248 133 162 287 207 263 264 270 220 232 93 66 57 103 19
97 4 159 196 94 174 92 231 46 128 226 11 116 259 285 98 206
278 236 205 12 44 30 36 268 175 184 121 166 108 3 144 18 137
258 143 119 10 202 82 150 244 170 134 74 41 254 43 252 7 271
255 24 136 152 182 71 28 60 267 186 198 8 277 68 54 164 261
176 211 139 86 135 101 260 21 276 230 17 213 114 130 6 9 53
20 163 275 105 172 13 67 88 124 123 156 167 180 284 253 16 188
217 35 69 208 241 157 5 140 214 107 221 169 243 238 177 50 99
22 58 179 218 250 193 249 15 178 102 154 274 219 229 73 52 256
65 239 141 125 190 235 237 210 223 45 132 171 168 95 269 282 203
209 79 111 37 59 80 47 222 246 165 234 149 242 27 23 87 151
