98 97
6379 3572 1863 157 6211 8103 7798 3893 5015 6502 289 3953 7017 9072 1107 1514 6632 6653 9309 3196 8839 8316 7596 3586 8724 8354 9267 109 3450 275 8856 7973 3881 4061 1410 8738 6278 8683 5496 293 9312 6180 6418 2130 2814 4463 8554 190 8968 113 3140 6306 3885 1390 3845 5971 875 707 4951 2929 1951 908 7036 7514 1946 6105 5533 1482 7363 5289 9325 770 3069 9207 9113 6003 7991 6911 5369 2997 6178 3779 8336 8410 160 2260 2220 2763 7526 85 5536 2261 8947 9318 3761 7131 8087
8852 1152 2741 415 3579 7785 540 5905 7585 1105 2265 7997 5895 8271 8398 1157 7435 3193 5075 1199 613 7892 3057 831 6253 6423 3497 2419 8812 3921 5306 7252 674 3337 9096 7694 8327 1442 1864 3207 3407 2161 2502 948 2672 4289 3963 4294 2365 4296 9460 508 7215 6491 2950 5469 6690 3823 4066 8325 7034 3903 6283 633 6439 7422 5896 7647 3888 6352 3871 3457 448 7658 8072 724 4399 6500 8252 8888 6571 437 5917 3350 6298 8419 7629 2753 5343 236 1092 7468 1148 3411 3452 3730 7328
4315 3009 3084 4257 9249 4544 4778 3459 7325 5452 4426 2818 9129 6287 3404 6704 3957 7722 2760 5287 6593 5213 7759 8626 2244 6735 3743 4094 2703 3111 108 3464 1771 1842 1146 7147 992 4901 5206 7856 2852 6254 8592 83 1386 8129 4345 8322 3502 5327 6627 9056 3521 5904 4774 8650 700 8805 3225 5811 7427 1728 7974 4117 3571 3776 1090 9177 1594 8023 3832 1310 970 5107 7086 1903 549 1766 5054 9455 9396 5983 4430 4927 3981 6727 7136 3618 4572 6050 7628 9028 6579 6872 6220 4940 1216
228 4262 7698 7238 3286 2828 766 8150 7397 701 3633 6751 7819 2646 574 3778 3447 6936 4997 6376 6604 7570 1746 1495 2046 3789 9001 3526 486 7304 1831 1821 6770 8849 8631 8609 5510 3889 1319 5052 515 8654 7221 5595 2286 3483 6267 6925 1468 4193 785 4589 7181 2144 4545 961 8109 1927 7030 4192 4181 6098 4958 5017 7838 1968 1362 2587 8802 9410 6504 6740 4686 3163 664 6133 1984 5191 7020 7482 4075 4968 3025 1770 9114 1759 6067 4130 7151 7707 7189 9406 1285 4695 1750 7663 7299
7506 6142 5160 4072 6540 2589 4813 2236 6381 6421 3636 9030 1687 2402 431 2889 9331 424 3246 1054 9287 8740 2850 4367 1632 9358 5128 5240 3398 7841 3598 6678 5153 920 1754 4957 2790 9094 7146 8648 1396 9118 5173 2352 7626 7915 9147 6814 5517 9206 8069 2147 8010 5260 7886 3906 8676 7765 7321 3863 3301 4454 9381 4938 9268 4344 2188 2216 4530 3948 5064 7233 5234 7986 7920 8750 5299 4594 2684 6244 491 1097 580 4818 6924 7225 7699 4941 372 5314 4433 4981 33 2146 9393 7426 2424
4919 9008 9412 4524 4484 3563 3859 3240 510 5966 1368 5167 5463 5157 6399 1722 7595 3073 7227 8098 6197 4657 9278 5929 4118 2223 7813 3895 9035 3591 5709 7488 5326 8501 8167 5110 3130 5383 4531 856 3574 8905 5193 3694 2600 8680 7172 6601 3835 1996 2422 8721 4396 8919 3470 6588 5069 3319 3346 6431 6078 4418 8366 8012 5590 2353 8664 7604 2346 4674 4590 7239 5012 3243 59 9153 807 4102 5907 1170 4091 938 6490 8966 1130 2833 5428 7152 9307 7138 6596 7823 1499 1511 8977 6578 2458
9348 3785 6321 6930 2319 4966 2903 995 1579 552 141 7979 8732 2484 8356 203 3522 5417 7627 5406 6037 4214 313 5689 1436 8400 2658 7192 4368 5744 4274 3323 291 5223 5372 8161 1164 2142 8094 7678 9434 5858 8471 691 7714 2280 6134 3031 5626 6080 2030 5801 3391 8696 7967 8976 4090 2998 7001 3781 4349 6482 4068 4680 8503 7053 8358 7205 2543 8903 6210 22 667 4481 5985 3444 8553 6663 7007 808 8920 1536 7323 7879 8893 8200 6207 817 729 5604 5453 4767 6271 3264 4800 8033 4005
1591 3235 5481 2336 2407 7125 2862 438 1069 2489 6337 8205 6639 7777 2547 6889 6231 3280 4519 4428 1473 3248 3417 4742 389 3569 6562 1937 3566 9423 9487 936 5162 3852 3155 7673 3479 9438 6733 65 8964 8159 7505 6688 6624 4381 5515 7491 9326 5684 5940 4600 5204 3415 2743 7955 1304 4282 7615 6257 3387 9048 1227 2116 8021 2557 6405 2018 8844 9011 6010 1640 3534 2821 578 987 3188 4989 3267 4553 3609 3952 2027 9493 1690 4364 7710 4393 7789 2122 7907 4886 8786 4099 3094 907 4252
9447 4793 6938 6536 6501 4811 176 8590 3970 7978 1308 7049 5087 6776 4443 6967 7507 8728 1637 7599 2012 8388 4826 2231 6711 5543 2598 8918 1648 7569 1607 8891 6033 6007 3749 2895 2271 2245 5464 520 916 7762 9213 902 7198 6910 5532 5274 8769 7661 7583 2082 1534 5839 6200 246 5310 7687 8789 8621 4798 155 3300 4227 371 7230 6446 1768 8840 2795 386 7207 1020 8799 3021 602 885 2248 2697 4830 2090 8412 87 404 181 4087 8080 469 7671 3854 2071 385 7021 7864 539 7275 7975
4671 4608 4288 686 2928 9400 8112 93 6252 659 5437 9160 3686 9229 450 162 8875 9300 8604 6869 7866 4203 6289 6610 2024 2554 5652 6975 8332 9062 1731 4036 7028 7451 6433 7365 788 3584 4082 8355 623 2275 7436 7381 899 5931 882 4114 2645 7180 3467 7690 2588 6793 4496 7939 7726 1819 8064 3677 9363 4851 5266 5998 6138 5198 6679 8873 6266 812 398 8492 6750 449 5154 2506 7582 8476 6716 4264 7144 46 5845 8222 7153 2636 2613 6918 1601 283 2031 7962 5006 5037 857 1729 8212
4489 2228 3110 394 36 5516 9315 5797 1012 6997 7928 6838 6438 4647 8246 866 9071 497 1277 1104 9052 7428 1572 5866 3560 3839 4277 5133 4356 7235 6319 9025 8391 8255 5460 2530 7446 3731 8027 9230 4019 6281 118 1858 8637 7855 7548 749 2277 1144 1011 5920 5259 666 8571 1974 4986 6836 2843 733 5597 5726 8692 518 6645 780 4327 2757 458 5671 6094 7763 6876 5333 6358 7335 6866 1189 5808 2272 4513 152 6064 3115 3008 9504 1376 4374 9368 8775 880 7120 8557 534 4933 8339 2881
7195 4474 1717 9364 6986 8847 1520 8262 8498 7411 8405 139 2509 7545 5899 1178 4510 3696 726 9384 459 7993 4656 9044 9466 4618 3003 3614 5874 6696 8636 9295 2448 8662 4581 5109 5000 5346 7956 9272 1478 6262 5352 7666 7402 145 8320 2639 43 1039 6715 9365 1434 2078 5992 702 5412 1982 4267 7780 849 4698 5158 7178 3734 5820 4281 4321 7497 5165 6691 5816 8197 7160 652 4150 6092 5746 5781 7753 4464 6185 3901 3236 8603 8157 6346 24 7385 638 2689 3135 3081 4867 7914 3767 3606
8290 1501 5230 5294 2784 5678 2800 762 5053 3365 1845 6124 8482 1628 1192 6682 7461 6325 3595 5422 868 514 1850 595 7231 9345 1724 5925 2269 9269 8160 8191 1933 8461 7821 8985 5353 7377 2727 5529 8199 596 6584 6514 397 5806 6606 5001 3305 2178 8917 647 2848 8143 2545 9216 1254 6789 1726 4069 2455 5836 8172 2119 3691 184 5840 5171 777 5599 1765 1577 8337 2186 2650 1836 8521 7842 4092 6250 2044 8549 4663 9253 1441 3399 8267 6798 2473 719 1415 4660 7929 7958 209 1619 9226
6576 9296 485 4825 365 5891 6728 496 9039 482 7465 6720 7022 4511 9234 8414 7424 3215 4438 8488 3178 6636 7888 2813 8155 7099 1784 3330 471 9201 4008 6436 7983 288 4145 5771 1825 4535 7873 422 2255 3396 5233 4515 1778 2521 4394 7531 4743 428 1896 9369 7149 5782 8041 8037 8628 9285 7351 1595 6640 4673 1334 4733 597 6697 124 9260 8627 9132 6163 901 535 2172 5084 6360 3424 6297 4890 6495 8897 77 7708 2283 1161 6320 6919 7170 134 5551 7448 6642 7872 3218 5050 6276 1325
6378 5163 6927 2863 9235 5876 3059 7083 2387 61 8912 5374 8634 5139 362 7000 1749 7068 9037 1948 7443 7766 8090 2016 2787 3610 6153 2746 1258 3958 5647 4001 3829 130 653 4490 3758 6565 4895 3712 3109 6240 6222 2566 2080 8479 6908 7295 9443 7262 5405 8350 4507 2491 2177 2585 3790 1332 6090 1562 5650 7729 6585 4994 143 7060 8906 1713 7532 9299 9308 911 4528 8465 4998 2511 1538 481 4076 5640 5441 8858 5600 7591 403 7807 1418 9383 2820 734 7039 4861 8393 4467 1086 4548 3533
8158 6249 5605 4037 8709 8598 7828 3558 4487 1889 4330 3862 2805 1025 926 3816 8101 6140 7683 5919 1854 2640 453 6458 9040 3014 9193 2826 8425 5584 6466 5340 7913 7134 9181 8830 2735 8959 2527 5132 6695 917 2392 3213 7114 3047 775 4702 326 7183 1602 6541 5498 9169 2189 4434 4052 6406 3715 5134 2020 7960 5178 3440 7309 5603 6136 7176 6225 4849 5402 8806 6238 9251 7050 3797 5694 656 3289 487 4937 6392 3592 1181 1131 6115 4568 3462 7244 7562 4509 4716 612 2900 8483 1735 1740
8489 35 6460 9505 6886 2141 1677 1558 3026 150 1699 2673 2113 300 1793 6032 8234 572 7602 3401 317 7523 4769 703 6712 9105 7959 1899 8442 8524 7747 414 2619 4559 1792 9495 2123 6953 850 6204 6165 7473 8473 4832 9210 5738 2408 1839 8744 2162 7449 1240 1348 2339 5672 5712 4325 1960 2317 1364 3107 5608 1065 4636 4236 4868 5779 8951 3644 6000 8930 8329 6318 9166 5914 6909 3080 2919 5430 5804 8183 8872 3550 4163 7572 6822 5303 7941 7194 5120 5072 2081 7968 7255 8408 7674 330
4131 4444 6677 9343 2524 7887 8251 6965 2150 4802 7250 4127 9435 2468 1443 475 4540 7905 4566 8715 6131 1328 7173 3692 3253 3053 5638 1932 5589 8833 1064 294 8996 4147 81 7459 1841 5641 463 4184 3060 4080 331 2987 2742 2806 5045 1942 6483 9246 1587 4893 9176 9420 1847 235 3841 7617 4360 50 9302 2649 6177 963 5884 4788 910 9337 4314 6655 117 2330 1155 1424 8803 7065 5702 2052 8567 8210 5524 8956 4912 267 2457 4863 5258 3792 2558 6062 8452 5166 4713 2632 1300 5434 3728
8223 8519 3611 2357 2666 4950 1190 3420 1003 8914 6730 6875 2418 5982 3683 5624 158 9186 5106 4300 4574 2331 378 5540 1323 5767 1462 129 9316 8511 363 6939 8384 9360 2138 3490 8231 1290 2626 380 2401 7550 13 3230 229 7794 3603 3990 3647 5824 8468 5990 5247 1597 8070 7364 1275 6841 281 628 2059 1201 479 4632 3666 6826 7289 5021 3705 1453 6556 5958 9378 7530 8318 5792 4649 7779 8639 2496 4745 5237 3594 8752 6493 3293 6582 2466 8584 5332 5297 2203 6091 1764 4752 5617 8982
7990 7731 5170 2891 2000 2217 8486 2951 1582 9250 8122 5591 6993 6145 6147 8704 9483 6780 7633 6913 4268 4575 2734 8496 1490 1682 5088 7175 6119 5707 6282 349 8301 541 7450 2685 206 3197 5500 4565 324 4870 2208 8970 3317 7193 6966 5872 4224 5753 7384 8675 4313 6996 6896 9298 2686 4196 7925 4923 2911 716 8510 1561 6125 7442 1050 6505 5739 1789 839 3508 4726 8375 2728 1272 7271 8617 1315 4137 1165 8969 5742 503 5970 4534 7285 5721 6247 7984 7858 3833 4748 6338 1860 8551 797
7161 1492 2923 3630 3827 6454 2913 5673 5534 5720 9439 8878 4124 133 4518 3446 7076 89 7851 8380 5832 5927 9263 3898 8188 8435 4387 18 2748 2179 676 7618 1533 6442 743 2047 2761 8015 4136 2514 570 8602 9471 741 8213 6698 9051 6070 1834 7261 6941 3842 565 345 1336 9134 5566 6513 3759 3088 5582 8755 4245 6657 1487 4185 5180 687 1246 5112 2469 2264 2210 3995 8481 737 3027 3357 2967 5649 7098 4631 6432 9416 7877 6477 5065 4913 7742 6120 3693 7263 4132 5245 1643 6241 2300
5007 1253 3439 3531 4903 211 2981 4651 3373 3802 5263 2548 5699 4614 1421 824 1346 8535 9005 2830 6984 1809 3994 3468 6172 9281 3657 8936 8575 6387 7557 2856 2992 6084 3794 8758 252 4972 2738 4558 5748 6334 5135 8635 7467 7524 3984 2836 8719 220 2999 4302 242 2015 3807 5747 8834 4204 8082 8980 39 7315 7432 1314 5685 6931 7061 2444 3463 9462 3837 3583 5855 5073 7026 8667 6171 3722 5056 1680 9108 5537 6448 7539 1297 4100 112 5846 2824 270 8119 5080 5169 8678 6058 5201 4939
2293 3581 3567 2866 5471 8915 201 6761 239 8583 7011 3846 6768 489 835 1912 5316 4516 4105 2625 7415 7088 6285 4026 5512 1790 2312 3010 862 2990 4292 2313 2885 747 2045 4758 4064 4961 8044 268 6893 2155 2888 7348 381 5878 1195 6834 1169 9218 4725 5228 8169 2952 9335 4346 7154 1679 1518 1681 2878 4366 705 4210 7267 4974 7487 8237 5470 1209 2882 3200 8076 9442 1621 5345 5267 5950 4198 3546 6898 4298 5945 4582 207 4164 3660 9054 7472 8420 616 3987 943 2618 2991 3711 708
3602 1321 2241 7522 7414 6569 4495 8244 6419 5010 4499 1038 6949 8344 6223 4728 5150 2602 8175 6506 3083 6038 3118 4909 8221 3011 1767 7668 6784 2276 2307 1967 7581 3453 9159 6525 7240 5113 441 9016 5225 2601 6992 3554 7961 2381 955 1753 730 8032 9399 5629 4789 6164 3535 3427 3762 6441 4219 2539 8731 457 8661 2386 4615 756 3281 1094 8729 2941 1796 1815 8151 7786 3941 1550 2871 9046 909 4605 3176 8741 2573 6907 6882 2661 725 2213 2061 9362 2770 3165 4439 960 6456 9103 8984
3046 8620 8663 3576 4260 1667 128 4883 591 4592 7095 9038 3487 9388 7163 5076 6362 274 6980 6077 4202 6108 7265 2128 3896 4546 9449 7339 852 2628 4786 6259 3152 8563 8979 3588 795 4362 7286 525 6261 837 2529 7555 9404 1268 4689 4050 8440 5040 3540 783 338 4842 9032 1326 5682 7197 4682 5377 2768 9167 6961 6757 2580 456 7031 8394 2221 7845 8742 4791 5231 870 4712 8296 1196 8668 6260 5504 4370 8693 8211 6672 8624 1141 2681 4622 5239 7651 984 1271 1051 6890 704 3874 9006
8203 6734 7329 820 6851 2459 1504 4070 2546 1343 2214 4532 5882 4506 6019 7213 4376 1734 5462 8025 1398 670 5334 9283 8457 7416 5140 358 7355 9356 4165 7387 7200 3041 586 5261 5727 5847 5373 138 6713 1583 547 3226 4719 4048 1838 3675 8270 3297 4222 5740 7340 8102 4907 3943 4984 1331 3393 4597 4235 1200 3325 1306 3793 8880 7157 3577 6519 4004 7792 696 8787 9349 6661 3435 8326 2427 950 7115 3454 9322 3372 5717 2250 8699 392 7469 967 714 8056 6330 8120 5869 6796 798 7314
7123 7019 6609 2372 6906 4485 1423 1270 3961 577 3491 2709 2426 9238 2436 4497 1168 6749 7712 1811 6012 6723 4432 5148 4266 5440 8688 3045 2719 5244 7394 5580 6464 826 6473 2779 4624 4751 9208 3282 354 1299 2740 8066 1382 1970 477 5067 782 8950 3036 804 9106 5949 1670 7024 9100 4478 4010 1571 8973 3623 6002 1288 308 1459 4808 4220 6742 4879 6692 4667 3385 4371 9353 5276 6844 3912 8670 3412 1079 2076 4139 9078 8397 7140 7196 7938 6862 2892 6649 1417 5583 7521 2890 3738 8447
4836 137 1772 7782 5322 8385 1826 4993 6681 4690 5451 8404 6708 5995 9305 8528 3224 7802 7133 8865 4085 1422 668 4415 8431 7900 6895 5705 8083 5367 7607 9174 8382 261 4466 416 7642 352 5706 5455 7513 3726 3345 7719 8304 1721 4391 7686 5544 5944 3777 7609 6135 7317 6737 4969 8517 3020 1992 4766 6879 9228 8788 6741 2193 1835 7354 7117 6301 7373 6354 8579 6096 7639 169 5099 1828 3544 4062 3971 2295 154 7112 811 5494 4990 3251 3868 1407 5146 4278 6410 6068 3271 6374 1461 8361
8540 8418 4341 8823 1102 4504 5502 7372 3341 4305 2063 6783 3819 7080 5762 1901 4473 2508 6237 7589 9180 877 9211 1812 8945 5187 3587 1706 6009 8207 2984 1225 1686 758 7976 4239 858 2036 3072 7347 662 8448 5715 7066 367 7737 7624 7490 1956 5984 5036 8832 9370 864 1110 6106 178 247 7187 5750 2883 9304 7494 1057 7809 5703 4397 214 3564 5530 8895 2595 6371 3369 6270 4822 3915 156 6049 7480 8846 502 3545 1142 4985 7264 8998 6830 3713 5817 615 3938 3506 5286 7009 4189 2503
8450 3486 1758 8994 4468 640 6051 3814 3659 5557 8049 1307 3145 8665 1995 6958 2983 9120 7041 7903 4896 3028 7312 3287 7817 7911 3853 867 245 5216 7711 5392 621 6549 5019 1541 5282 7949 5221 890 3817 879 6351 5116 1855 71 4703 5708 8190 4251 7586 2924 2963 3500 5030 4429 9477 6771 1006 3359 6795 3913 4523 7774 6455 9042 3753 9429 1158 7660 9125 165 5911 9142 1408 6121 9389 1539 5888 8843 1986 9499 4009 3146 8396 9121 8439 6572 790 1392 1159 5655 4992 5977 9351 5424 3475
2070 8240 5864 177 9185 492 8423 7793 6568 609 8239 9224 5619 1585 2337 3930 1147 501 3652 1989 4217 1800 9271 4604 6763 3476 4338 2311 7854 3523 1028 6861 9431 8407 5793 3465 732 4483 7413 6167 3578 709 7826 751 6874 3811 6599 1458 6786 8804 7425 822 6355 5384 2644 4176 1324 6213 4829 757 6074 930 8520 6101 2327 9014 9075 2274 8618 1668 3461 3241 7242 140 3557 5761 5403 316 7072 4932 7752 8995 8581 5668 1186 6548 509 6202 5105 8764 1898 4780 7746 8148 2794 1685 5448
9352 2167 6667 5185 5763 3688 5495 5862 4571 249 9334 4616 6435 8658 881 6110 9007 7769 4022 4440 1481 3093 6631 2884 576 7033 6731 7223 7728 982 8406 5281 2075 5628 167 3092 4770 2013 3349 4182 3996 7771 9414 2614 5675 7470 4812 4588 8612 606 6870 4683 5734 6580 4402 1340 99 3042 1099 3607 4629 1255 2332 8974 9433 3884 8024 9490 4437 6417 7833 9255 8691 8036 7896 5335 3265 3589 1798 3460 2056 624 1115 5835 5034 568 2104 620 3233 8550 325 3929 7137 5776 5766 266 7203
717 3231 2559 4918 6488 443 3061 2069 7236 5909 721 1116 7305 455 531 8349 7188 8981 720 4679 2578 58 3697 9275 9151 5614 4740 1560 222 546 5111 3437 8484 2227 1500 8894 4806 6787 1133 8644 2819 8881 3139 7478 9252 3986 4142 3082 6380 2953 4578 8149 7290 2879 7727 8504 2388 8314 6623 6099 5362 5305 9089 3451 8048 4556 1385 543 3484 3979 6385 3717 8250 5152 6426 4914 1229 8862 4908 8842 8224 6389 6086 2139 6853 4449 7659 2153 550 6400 4609 8826 3183 7008 5497 7106 2320
6359 5293 8682 4650 6382 5236 8622 8217 1719 6503 8046 4395 4041 9141 8989 1998 1936 5562 5272 2190 2335 1338 3108 3860 2749 2970 7296 4954 8851 9112 7662 9070 6462 6736 978 4781 5404 3125 9480 7346 1428 1309 8097 2007 8593 7456 4638 6373 9231 5331 1994 614 1716 3416 7881 2467 106 6445 2121 3395 1477 1881 7121 127 8515 8753 5249 6375 1720 3295 6450 2956 3182 9472 8861 436 7051 7392 96 9027 6216 8121 3646 3314 8390 2114 8441 5085 4805 611 8065 5049 789 2638 1476 6273 4320
21 5186 3519 7353 6340 3039 5130 342 9130 3136 2647 636 136 4413 6188 7839 9057 2032 2025 9422 9284 4871 6685 4517 282 4306 1988 5932 4898 5209 5723 7836 3605 9257 1063 7725 5942 5149 1965 1112 8739 8381 5138 7378 1773 5545 5390 7783 122 2449 8242 9123 6268 5359 7704 8480 2377 7796 7534 8564 6272 1804 3285 1335 3561 2267 5026 9485 6634 9149 3897 6123 3187 6294 30 8132 3637 6553 3112 2593 5713 3520 8047 2507 3492 6183 825 1566 6508 3473 8068 8360 6 238 3972 8681 3890
7069 6828 2733 8944 5921 8961 698 273 5024 3627 3818 6739 2564 5220 965 451 8051 1651 311 5826 2528 957 3973 5601 6662 5257 8821 7549 7091 7664 6412 3104 3015 1437 4563 8778 5559 5879 7878 7995 8530 6415 356 769 2756 5101 2531 7406 3016 6242 1909 5556 6686 5301 3320 2839 5055 360 8702 4666 654 4166 2591 5790 217 644 8808 6053 3849 3408 3160 2035 8887 1599 2608 2623 8305 74 9484 3661 6517 1488 435 1117 332 5182 420 6122 3051 9064 8403 2553 9013 8507 188 4621 1452
2291 1914 2677 2131 2659 4669 9327 590 2855 6759 7455 2088 3402 6721 6221 4420 6499 5751 4226 3969 5725 5227 5458 1513 4762 3279 4143 6643 7159 791 8194 2664 8587 6434 7870 7799 7590 9262 3650 7375 3670 1939 7419 4619 4607 8470 5414 6409 7388 7302 216 421 1109 3274 6128 4795 3095 4007 2616 6635 8997 6850 292 3268 5311 6369 1367 5264 4570 2812 8347 2865 3968 9492 8633 3653 241 4283 6594 7143 3302 7040 2159 151 4051 1516 6307 3810 3744 2849 4035 7705 9425 9375 6024 7963 944
7653 7044 6235 1636 5177 3065 3698 202 6842 5118 828 5433 6402 8957 8660 1824 9162 3826 6808 346 9189 4964 1223 4977 4880 396 945 2917 8882 7332 1846 6942 5913 2053 9110 9124 1081 5214 8928 5531 7843 6837 2581 7778 6892 9119 9266 8346 2869 9175 3129 4971 3186 6777 171 5573 781 4603 8077 8225 7831 7308 406 9277 2235 1167 62 1076 2342 6747 8978 7926 1700 8815 9459 8643 6103 4694 7871 4077 8266 5093 1549 7758 4276 8793 1464 3882 2927 2920 5090 4734 6304 1447 8269 4488 1893
5885 6764 467 8099 1604 5489 5618 1114 2498 2206 3828 7360 8516 2476 2160 4230 3288 9085 8811 6186 2875 4067 7358 1333 1610 9179 6977 3005 4921 8828 9109 2910 7812 584 9436 5161 4240 8546 4043 7946 7237 4233 4116 1375 6901 8268 8576 6829 1581 1616 4491 5011 6160 4645 4340 7257 1738 1868 3355 1126 6591 8600 9297 7211 9488 3756 8798 3980 5063 4063 9372 4505 1444 7849 6027 3383 7508 9421 1568 1672 2577 7234 1000 3068 25 5416 6065 2334 7417 8813 8629 8131 344 159 5280 5989 1887
8700 3442 3260 2861 1517 7697 8422 1472 4386 7054 9203 7940 172 4216 4431 3562 1067 6766 7409 7084 5722 4878 1544 8963 7862 8214 5520 562 7952 5877 7291 7043 4247 1074 27 7440 5687 290 2065 643 5535 5955 6303 4706 2978 7067 1704 3485 7052 7094 8067 3951 1911 8746 5785 6971 4045 776 120 9332 7374 5429 5587 8472 4591 8933 8432 1252 5048 2166 6030 8028 4584 5960 7559 7536 295 287 215 7706 5409 9243 4335 3113 5044 5060 8437 3001 927 3977 3624 8091 4229 9347 4731 6641 7045
1641 2896 4691 8749 7371 5519 5889 6329 7745 921 8605 2942 3361 9068 6288 4493 8052 3194 3283 4996 5338 2355 5092 3392 3126 2515 8443 5129 7500 9178 6428 7404 5813 135 9402 161 2642 9313 1727 4704 8725 9382 6802 2817 2185 2017 15 6946 187 4447 8911 4627 5558 6021 1214 8853 8718 8800 711 8822 6082 6940 4228 1412 6154 4744 844 2009 9475 3706 8625 6550 5602 3537 5593 9501 3608 9225 1949 2656 2845 8379 8733 1943 2537 6522 5834 1553 934 2145 5969 1924 9468 5861 4231 5871 1292
1077 6804 5068 2309 5946 8773 9010 382 2907 8541 3195 5487 2397 5662 6366 7676 5121 8201 7578 1791 5350 9047 1744 4522 8909 7481 2722 5071 1840 563 7893 5342 7122 7012 9104 5164 3760 320 1630 4086 147 5752 3436 6854 8259 3949 3934 7141 2237 3635 5027 3371 5691 227 3804 8141 6263 7565 231 3354 4794 3764 8784 1121 699 6296 3121 8690 8558 2572 9473 3413 6806 6416 6656 4833 5928 8931 2127 5795 4602 3597 953 5291 8884 3838 7253 7276 4772 2549 2804 95 8280 8585 7773 4882 4180
4275 8004 3942 958 8608 7306 2249 7185 8955 665 8084 1425 8495 2385 34 5355 6675 1747 4101 9478 8580 4662 9244 4845 5410 3983 7090 5831 115 1691 2212 3134 1046 5979 8720 8117 9095 1486 6487 2798 7070 4801 6619 9440 3821 3772 2655 6883 1671 4527 6224 8218 7636 4881 3873 4324 6638 9494 9328 9290 1666 8229 3441 6057 3214 6377 4359 4352 5704 97 3844 6864 6625 2423 494 2314 6129 67 3967 9067 7269 884 1586 6914 6461 8477 8039 1978 175 4987 9086 447 1075 9205 1519 7395 2281
6904 3822 1036 5086 6538 3658 3982 834 5337 1883 1900 17 2774 1394 2712 6443 9148 3617 1708 551 8539 4729 168 537 663 2124 6478 2211 4541 3191 7944 7665 1056 8227 445 8353 3525 5389 689 1084 9182 2705 1282 6700 7037 1269 9333 6215 5769 76 6818 941 9195 4672 4754 8845 3038 3168 4404 4096 6016 111 6056 5821 4475 3151 8058 3992 433 8726 1642 6608 5382 7556 8596 460 4293 4855 1419 8195 1293 579 9394 2049 7108 8389 3512 40 3926 1833 6684 8569 79 3875 5059 2575 3364
1021 5697 2835 3703 4104 815 7326 1742 4442 9453 5456 3428 3964 3631 9317 3541 6217 2201 8007 2428 1523 2808 8124 1182 3 6774 2876 1551 2764 3911 3919 2633 4852 5596 4652 3727 4261 7744 9323 2853 6087 5553 3555 3886 5262 6816 1580 1703 8016 3643 4457 1614 1015 2361 5493 373 2860 4988 9173 7071 8941 6821 8816 5851 5759 3752 1005 2870 6575 1341 7097 144 375 5454 7641 6673 5760 2480 341 8300 7635 2729 4318 2926 4942 7268 8174 5466 4681 4797 1320 6396 1665 768 8874 5395 3575
9122 6743 6982 6181 4501 4537 2303 8757 3878 7327 8436 1623 4915 6013 5577 1414 8371 792 2093 7336 3203 8123 1955 5202 5968 966 343 4935 4860 4031 2215 4326 7868 8560 4512 731 7655 279 6917 4097 6611 6179 3747 9286 9479 2222 6042 55 2490 5645 3378 5681 8022 7210 7546 4569 7619 186 6404 9503 7943 2278 9058 1498 1546 974 3517 4500 4991 3100 7228 1235 3276 2680 9009 257 8278 2014 6945 5255 7723 3925 3091 6521 3086 7155 5893 630 3275 8263 9199 5360 6350 9081 8768 2989 8284
4199 2279 2943 4707 8723 9023 8949 1627 3599 1263 5203 5809 8759 8409 2358 6192 5632 5465 8630 1873 2067 4642 5585 335 1874 4930 8116 5508 2520 164 6322 1358 7693 3960 9301 1228 2874 4853 861 6043 506 8275 5523 8146 7850 4060 2302 8525 3099 8364 5588 8254 5892 2143 2678 4978 6132 3769 5659 9289 4580 3102 6849 8105 7977 3742 92 3238 2140 2799 8362 4170 4999 677 5930 6341 6598 1644 1041 3318 6152 4311 6422 5450 6710 6408 5635 5141 3988 8253 5849 5415 887 980 5609 3114 727
123 5368 9311 3358 6877 8506 1785 5574 3474 9259 4450 7574 3527 1617 4303 5401 7380 3501 6809 2977 6566 4453 8987 859 3615 7386 5251 6955 7566 6969 2872 2551 6943 6725 192 3170 4646 9452 2120 2454 8291 2755 1023 9117 5936 4287 8850 110 6523 8014 395 2396 1471 3724 4146 2462 2707 5903 271 6887 4866 5319 2964 566 4033 2504 1521 8529 4161 2931 5183 5070 1381 8565 9240 819 1139 1576 2369 2169 6792 6709 5610 1737 6964 7357 4191 7433 5081 4864 6317 5005 1983 6467 2715 6760 1399
2627 7100 423 2256 6427 813 8513 3763 8111 3033 1278 1851 264 4279 2019 9288 6702 4760 2010 8303 8392 8679 7623 5399 7212 2930 9339 256 4625 1143 6756 5238 3098 4837 2405 4858 5542 2699 5425 3870 7901 8727 6805 409 3920 6881 7805 7145 6600 7085 8142 8108 6583 9116 5870 2099 204 5680 522 478 7924 4073 5894 3149 1231 1233 1085 7310 2667 7846 336 7361 7677 5902 7970 7709 9371 4011 5974 2003 1515 6880 2615 1810 2200 3701 5507 690 2033 1402 3783 6148 9497 2769 1387 571 629
5789 1916 4055 7483 607 9239 3549 5431 4785 6511 6236 3515 7023 6196 3847 4419 8695 2957 7190 3269 6332 9065 2736 8130 7692 1613 3510 6983 4411 6424 6855 6693 7495 5830 1474 9143 7201 6498 94 7204 7345 3258 3974 2968 4732 2690 4711 7741 6302 6386 2788 9324 2714 2634 2731 2393 684 1449 64 8475 2329 2086 8548 4469 8115 7848 1683 6658 6754 2105 3864 8999 4237 2792 3746 1220 8932 1609 8478 2126 7177 6620 673 5620 359 4255 3340 4225 6951 5887 1769 3056 4049 7815 3022 1286 4208
773 9126 262 407 3377 5256 250 4133 4241 7584 4576 3074 2898 8312 6799 8035 3771 1526 5598 7110 5427 7035 2772 1902 8245 9099 3351 2164 6280 3048 1296 893 1001 210 1781 6753 6962 8136 2540 8454 3153 1004 5859 9219 5696 208 2042 8000 3142 6717 5815 6295 2716 2773 2905 1218 3043 2893 7174 555 712 4109 5376 2363 9223 511 891 1512 1908 865 6528 900 8459 5062 5100 3390 3656 5818 1080 1370 4329 6018 755 9261 6605 2096 3310 6054 4623 429 1355 196 8187 1467 645 3347 2148
7563 8589 3740 915 1782 8330 6618 4873 9191 9158 7573 4899 1062 5768 6413 9407 1091 3425 8137 4552 4129 6083 3877 1510 7493 3997 6044 6025 1564 7538 9242 14 8652 1248 6469 8649 232 8735 3876 3438 2758 7616 2739 6532 4088 876 7880 9469 5965 7897 6161 913 4140 7486 8003 8209 8202 1480 8463 1542 9152 6666 6184 4446 692 4301 1904 8086 1869 706 928 2394 337 3192 8838 2986 7597 9136 7748 5371 9190 4979 1555 2723 1867 6245 5538 2567 5387 8367 5436 6539 3808 9456 5731 8236 9279
3353 6542 7749 4112 8952 2975 2717 6790 6586 5941 6687 5159 7056 6507 5328 8373 4157 8415 6512 5915 7457 75 1430 412 627 3237 8570 2810 9172 4699 8827 3202 1787 2400 8043 2725 8125 1389 3085 6689 8706 1608 5348 2441 5754 9401 4749 8601 3950 5994 9187 3434 7713 9293 3511 2371 3774 302 4710 6470 4737 2315 2304 3866 8801 4676 5393 233 4218 3017 9292 7761 1089 6397 1279 2960 9061 8547 4819 8308 8206 6166 7454 869 3458 7772 4390 4016 5363 4057 6994 1654 6916 1198 6214 4835 4637
4877 841 8002 7399 8761 4492 8026 7788 3493 7985 7669 4024 4831 411 5131 3865 3322 3327 5246 4668 1166 2285 1127 9115 1100 9413 1509 6868 1433 1820 6665 42 4573 2596 5867 2415 752 3547 7804 7717 9427 599 9330 8140 7479 2809 2771 8552 6055 787 3809 1807 2259 6860 1491 2321 6531 5461 4108 3679 5539 9474 1884 816 3729 4815 3799 6486 3861 8599 3432 4891 829 63 1180 1814 9265 4723 3654 2478 9074 1259 4701 7829 587 7790 1211 7594 5324 3222 5962 1154 305 9340 5800 5933 3504
4476 4828 4242 9273 350 5939 3936 2695 9049 45 4372 7847 119 694 6671 5592 263 1072 4525 8395 4111 7164 5561 7464 2173 6970 5273 4361 4520 4521 6612 5923 3375 4705 8071 2134 6079 8341 1805 7330 4331 4375 2165 3867 1457 2949 3748 793 745 739 8533 1659 3786 3669 1266 1827 6921 6336 5611 878 2103 4272 6871 1503 4963 259 1318 7103 8934 3516 2039 2859 198 7568 7128 5096 4834 5575 6847 2765 2570 470 8929 254 4564 6752 2037 6286 5863 2641 348 4195 3685 5407 4023 1009 4821
1945 2316 1859 2378 767 8276 3991 4358 1634 1033 6839 6537 2438 6034 7272 7208 1137 7520 1031 4243 1971 4471 9446 728 2055 1920 968 8434 3370 2762 2354 3773 7423 1374 976 327 7830 6833 3989 8514 4322 5563 7484 8935 3741 1438 765 51 8247 3343 3613 952 6533 8781 4735 962 1111 7445 6950 9088 7612 2693 3680 9019 2902 5197 6998 1725 1106 3480 3024 4183 7398 4472 8100 1569 8446 5548 1760 4406 4670 370 1730 3543 6959 9018 8281 7827 5042 1103 7800 8073 2918 5468 3539 47 7738
589 2117 1650 3119 2825 4634 4973 3737 9083 1113 8867 7359 8078 1030 2246 1620 1524 8871 8466 5476 7689 5951 2382 5775 3856 7784 1732 6603 6613 6444 959 5114 1363 7512 7840 5541 5366 1980 8509 237 7498 3331 2112 1151 1938 5741 8181 3336 784 2171 2936 585 1058 4610 4611 3201 4911 2499 1219 9138 7906 4718 4567 6020 7756 8748 5943 7105 5039 635 444 1283 8666 5083 2555 5184 6113 8836 8075 1688 3290 5449 329 4929 7657 760 3132 1849 8687 7476 7421 3034 1852 5898 6775 297 3278
1684 9386 1957 8095 3386 6111 4577 2513 6863 1371 8595 3872 1174 1369 5669 4643 748 3590 9221 5783 1959 369 3940 9237 8493 2706 548 7032 5634 4194 7206 1603 8401 4295 1817 4042 5459 3063 5341 4761 8657 9256 1035 5078 1905 6644 339 5501 2730 4389 8653 9361 8616 4248 1134 5190 3220 1040 9310 4640 7894 8606 1138 3629 3380 2831 6788 2410 272 8885 5307 7909 1861 3419 28 5370 3503 799 8189 1150 8185 7337 603 1337 2054 7724 52 5020 6361 7964 9155 542 3012 4561 9220 4369 2310
6316 3270 4190 8126 2414 7775 1153 2940 7003 2562 8279 6143 361 9357 1615 8848 5478 3542 1059 7670 9150 6637 1525 8615 4839 3229 6646 7241 2526 7511 9342 2362 4400 3409 8345 6015 4363 2834 8413 7247 426 4697 8619 1917 5265 3138 7502 388 4508 904 9197 5636 833 4820 73 9080 2487 8042 3662 9417 2322 6706 2004 2383 924 1397 2343 2318 2560 7441 3329 419 560 7219 1384 3147 641 3261 7048 1359 9050 8641 3946 1590 3256 989 2700 7835 3312 1466 3570 1829 4353 8062 323 7936 2439
8494 6226 8053 6755 4461 2181 8093 744 639 3029 8469 5688 5444 3120 9102 8642 3376 3673 2720 2603 4771 1557 8780 4595 7062 7605 954 2429 5156 593 7579 400 3292 149 7004 1987 6530 84 2323 2194 5716 9463 7444 1400 7981 1250 1522 6554 3181 2083 1251 2219 4307 7499 8582 9093 2612 9036 1439 7248 8902 2270 832 1013 1210 8351 8703 9338 9133 3707 7509 4982 3389 8855 4074 4579 5321 786 8904 2801 3499 9390 5755 3904 6471 1156 8594 5172 7184 5302 4970 8079 4823 1715 7379 2149 4186
7232 8177 3489 2759 6014 5103 2961 678 3172 8697 9092 2170 4270 8321 1823 5679 7093 4040 2519 7452 5549 5329 4373 5381 430 8544 4709 5051 2028 8208 9145 7576 8378 5581 3985 5916 6349 5123 5315 1786 2305 1208 544 1284 484 4854 1530 7561 553 8809 3328 997 8737 5988 5670 6146 3445 9002 5195 5269 8034 8824 2005 2471 5658 3834 3326 3843 3242 9212 6694 608 3593 2483 7356 8527 1257 854 8020 809 7600 4902 994 2157 5651 2965 5419 7293 2184 5439 1256 3716 3825 1274 5547 5948 2306
8638 1095 2676 975 772 1649 5091 2988 8736 6545 1830 1633 3223 8572 6190 2933 823 4308 5400 8892 116 8500 1088 5151 446 3663 4543 1647 3013 2827 598 5032 7322 1261 1470 8293 7142 3157 2359 2894 2268 6453 8711 990 4980 5711 68 6929 4106 4408 9066 5511 8760 695 9091 5865 2163 2068 9200 4065 9033 3175 1329 3087 8672 1870 9209 230 2778 224 2563 5179 490 4776 5108 3507 3887 1692 3684 1260 4126 1435 5304 2522 996 5674 671 8376 7437 6449 142 251 1733 8864 3023 5880 1940
1241 805 1149 3382 221 6824 8837 3907 2962 5232 5578 6748 4779 4613 9161 6543 3019 2946 2780 166 2077 6546 6745 2002 2786 4044 7307 4110 7652 8370 3400 6061 6076 905 1761 1448 3344 6480 6559 4838 7551 7816 4551 3363 771 6489 5290 5268 5778 78 1981 6581 5117 8762 9341 4685 6063 8869 2098 5483 5612 2395 1547 5710 5344 9500 660 4944 9073 4549 3209 6622 2238 1022 2174 9274 3530 8522 3433 5142 1456 3078 649 3478 1226 8497 8756 5097 526 193 680 6008 1527 1588 5358 6201 7165
5082 1776 8523 4976 1356 8790 4653 4412 1002 8273 7982 1172 3294 7015 2412 0 2290 4768 2726 3626 7808 556 3076 6046 4120 3006 7292 6026 5394 6035 5095 9467 2534 5576 5467 7558 2453 2472 519 6564 6629 3815 1832 6589 9060 3625 4844 7338 7458 6430 6277 7260 7638 498 3556 3090 3548 6791 8001 3466 3272 1044 1188 37 2374 2488 5475 2023 16 802 2594 8309 8645 632 9192 5522 121 3908 4792 3217 6246 8659 2292 5219 5492 7797 2232 1999 1295 2621 5657 49 1718 8814 410 5008 1822
8243 2915 9171 6333 5041 5999 8411 646 2326 8134 7130 6674 9146 4003 3455 3720 4934 5770 3674 1118 9254 8369 1929 1101 6574 946 5200 5656 2087 1612 8785 2842 8776 8426 234 8438 3324 3397 4451 3252 6999 5490 8427 8708 3954 7518 7921 935 2698 7429 4693 1194 7081 9026 1465 9391 2089 7739 8285 3472 3366 9350 1176 6041 4756 7018 1919 4168 8597 6846 8743 7303 3514 2711 6865 1678 2857 6219 9385 3695 4931 8975 3965 6926 3538 434 2582 265 9264 1312 1531 6348 223 7156 8967 425 2460
2959 7606 8138 2781 1129 2948 5701 836 5181 1206 2373 6403 3513 7614 7529 7283 2973 3205 2996 7954 2288 8429 9395 4014 4343 82 2620 7016 9258 4824 6275 4862 2266 1070 7109 2494 8113 4514 2091 5174 6315 3639 6845 1910 1497 4906 3431 9306 6005 3050 1589 7910 1573 66 7867 9344 1405 379 1673 1695 7129 299 2944 6858 1655 2937 7882 1096 1762 6676 9470 60 8333 5277 6633 9017 4664 5660 5479 5908 7544 6039 4053 480 7300 1963 8863 5973 1739 3529 3869 4598 6048 6357 6440 5926 8219
742 3198 8372 6157 29 8686 7 2192 6701 6923 7320 8640 6300 2440 1570 2379 6045 1788 1403 7733 4872 4285 3905 3944 7537 3406 6963 4263 8019 8298 7311 7751 9430 8306 5043 1723 3532 7517 3937 4038 5098 8153 2652 2668 5336 5480 5868 9015 1083 2492 8632 1923 3880 3221 7644 2351 8387 5728 7957 8228 5833 1379 3488 1061 6071 8008 7801 4153 2934 1973 2461 3007 8430 8568 5212 3739 6650 8684 1926 4965 1702 7593 3308 4741 8031 298 8774 7721 2348 4350 5829 8220 4995 6647 7942 4922 8340
8655 718 2592 2066 5115 2411 8445 8536 1646 8896 651 4480 5637 9291 6714 7750 1404 4889 7408 9355 1848 8256 3334 6724 399 1961 4056 845 7504 334 7489 582 7396 6515 9387 2932 8005 7791 906 9419 2111 1171 6269 1880 7930 3671 3553 8152 9502 6703 4538 7971 2001 3249 9373 7814 4859 3765 2568 5252 5997 7598 7277 1019 2663 7988 1635 5482 583 7611 7937 3067 9107 3037 5527 4945 779 8089 4949 2308 4814 4557 6813 5047 8386 4601 3234 413 3414 3259 6114 564 7324 1997 1183 6420 8537
7552 5956 4027 5986 3725 5242 842 213 3122 4006 3682 38 3641 853 8274 2434 2607 7718 9000 4599 2325 8127 1244 1545 5981 5354 3471 2022 3150 6797 7654 5772 1052 2744 9045 1024 3604 4888 2637 3174 5079 6040 4722 3054 524 4297 6407 533 9128 4254 7806 3171 9346 912 7898 6368 7119 401 3161 5155 4445 7218 6335 3101 5002 6293 1388 8559 3266 2624 8289 2074 2791 4141 4215 3311 806 4947 1236 2298 2182 4115 7969 1777 4173 3910 3927 7966 2108 4365 5378 8870 2654 476 6162 5168 5987
5351 6934 8656 2976 6189 440 2079 6885 4547 6384 2092 6391 2980 3333 8577 3855 5175 1813 2446 6976 9012 8860 322 6595 8359 2034 4410 9428 5975 5732 3945 683 1175 4377 11 1349 2847 3689 7649 8050 4435 5218 6660 5963 8490 4177 1915 8491 6088 6372 898 70 5004 4661 3899 6328 7803 6364 2500 3699 3524 3154 1317 8265 347 7917 98 499 6126 2670 4884 7902 9426 5625 8607 8399 191 5226 9111 1934 2561 4654 3745 5639 4857 7186 8578 1496 1479 7082 5719 4379 1922 6182 4029 3124 4448
8734 2783 4187 9059 8782 1303 6401 6139 2367 8754 2202 3379 8085 1625 6651 3064 7863 1411 5222 6234 103 5554 8771 4148 7318 1693 4720 6066 179 1485 6342 6573 5194 3596 4405 764 8013 6987 276 3612 735 1350 1882 4925 9139 5661 3924 8992 4617 1952 7167 626 1204 3552 4354 4943 465 1818 368 3070 8879 6859 5147 3600 8574 6370 3966 6485 3148 8890 9409 8133 8060 4612 3813 800 7587 6437 6494 5842 8204 102 2196 1351 4717 1406 1289 6932 3642 8460 5205 2100 2168 1661 4503 2789 672
1489 8286 2858 6218 3410 2043 4380 605 2694 2536 7935 4904 1409 658 6367 1237 3962 390 4790 8712 2368 1795 5860 5615 1857 5396 4782 9336 7344 1450 4039 5745 8238 5509 3199 8485 521 6991 2450 3892 6173 1301 3736 2493 8184 5906 1120 3719 7460 5284 3721 1494 6772 5787 4152 7852 2094 6827 2239 4533 851 4562 2366 7703 3723 2048 2609 5805 4178 5841 5033 4059 4259 9196 7667 244 8055 942 405 3313 7166 6707 740 3162 9140 7824 7760 5564 2409 6457 5325 8921 3381 637 5937 7349 6972
1976 9398 1574 6856 5398 6097 1128 8249 6920 5505 874 6891 5571 8807 2482 1756 3672 6557 8534 7875 7571 3645 2481 3700 7367 2606 8810 8962 6669 163 1962 6394 4928 1843 3219 2470 7059 1007 126 5664 888 1463 5038 3917 8110 2887 2797 3159 5961 1048 1783 6922 5426 6156 2299 9321 2679 3360 2815 610 3732 7079 3922 5959 8417 5837 255 2617 3891 4212 4539 6995 6463 3976 1645 2682 2380 505 9450 8374 8502 3784 5320 5714 8096 746 1224 6614 4392 7254 3096 3158 5525 2971 7453 8545 6592
4953 7857 3775 1885 5514 4160 7637 1741 4078 442 3247 3133 5733 8899 6425 3902 6291 364 7672 2660 307 1484 6130 3800 6492 2583 4626 4628 3418 1657 310 939 488 1696 8343 6832 5825 2766 6820 4424 6365 697 6484 5572 6551 6779 3883 1596 9034 2029 6326 5176 801 897 9215 4119 796 8674 7006 6974 1964 1543 9137 6915 1066 8424 5380 2552 3309 2209 9247 3097 9280 54 7132 8092 4843 2702 1674 7405 9168 6459 226 4409 750 1316 1354 3916 2252 3787 468 2925 7613 9154 9319 4018 559
5883 2954 3928 7096 2364 5248 9165 3137 4952 5028 1454 2724 6191 8258 4304 2257 8277 2851 5104 1311 2175 8464 6899 7126 8282 3831 6719 6552 7543 7202 6308 1347 3687 6765 6309 3668 1160 932 1460 8794 2665 1401 4962 2263 1287 2840 464 1803 8923 6705 8107 1145 3495 7029 5215 774 617 2406 8646 7630 6659 5210 6878 3755 86 4583 2643 2207 4123 5499 439 9157 2432 3528 5633 7781 8841 2569 4309 1624 7284 6194 6243 4936 5996 7369 182 8193 4856 7089 2191 1600 1291 3651 5397 7680 7047
7341 8669 1698 6047 1 2328 2294 6518 8925 1878 3443 212 4355 3791 2550 7932 929 6198 1928 5102 8421 8261 4107 4205 6060 2912 2183 622 1508 516 8763 2350 4738 4916 6807 1606 9457 4644 1222 8613 4421 5756 4554 4462 243 2947 2921 7691 7216 1652 2474 1559 6474 7592 5774 2390 4125 6570 3077 2844 7092 5912 1712 5901 9294 6948 1215 9405 4892 3568 8104 3185 5253 3055 6781 5137 3709 3211 9 9183 7259 9170 1071 4385 947 4840 999 9282 7889 9276 2541 4134 3273 3788 4122 5423 4290
5631 2258 971 5743 3032 5972 6831 2430 6785 1108 7527 8924 3806 7273 1540 7002 2158 8018 3190 3628 5485 8017 2345 1191 2793 3858 7434 8338 427 3403 6937 3998 4378 4291 7702 5683 1193 6782 4477 3518 2282 4482 6356 4887 3622 6414 1930 5693 7270 2516 8317 7403 8335 4983 1429 4012 5900 9090 2846 5122 2465 4154 9241 6174 2675 4388 7736 8030 1027 1184 5356 7294 2135 7701 8444 6239 4172 940 6746 5143 2404 2435 8088 4796 8910 8573 6835 2060 8264 3018 473 1605 1008 5189 8991 1119 4869
6509 9082 5349 3939 7466 5278 6744 2452 642 1890 57 5764 5567 4959 6867 1185 5695 2102 3216 6468 6668 1888 1658 8057 2704 2058 5799 6158 7342 7430 278 3421 357 7214 5408 4455 2584 258 6232 2916 1638 2443 5365 1950 3796 4763 7625 1891 8677 8543 7734 9214 303 7287 2273 1626 8766 2525 2106 8179 2224 7222 7389 6758 7282 8467 2518 1877 6699 6206 3923 3766 1709 923 2785 9053 100 8233 7999 9079 5003 2718 761 1339 8889 5735 5 1593 8877 4427 1378 7820 4351 669 9354 7535 504
5848 2745 650 8685 8943 4452 1529 31 6393 8611 1212 4223 3362 988 4155 8451 4724 1866 2935 8331 3494 6383 1276 2611 7912 5235 1752 5066 4746 6312 6555 2671 7832 3851 2344 5630 6112 8383 2635 8235 6529 1239 3448 6617 2969 3035 2254 6985 5810 6344 8324 4841 2109 6954 6905 1774 7837 7632 4784 8186 5521 3754 5477 634 5484 6313 648 1440 1886 153 3655 9217 6597 8144 8156 88 4256 9437 6069 5308 2688 6652 8196 1664 2708 7102 6626 9444 4708 376 2776 1330 3180 3735 7996 7501 4000
8248 6227 1087 5737 860 6100 9432 9408 7492 3263 8230 4213 2775 4924 8173 3368 4021 1446 7876 4316 7891 277 6843 7393 1895 8825 2137 7298 5852 6102 5474 894 7899 3690 9076 2811 1751 1203 4894 7274 2631 8566 3959 1345 393 1313 9127 2433 969 7994 8701 7366 8588 4028 2399 4175 3335 7947 4714 7313 7768 1565 6524 6823 1710 1432 6203 2807 6476 7916 7992 3848 7922 4312 7148 2398 5271 4755 6888 2586 1925 753 6990 7923 4498 8171 523 3177 8898 1280 3678 2653 4659 2994 12 4684 7266
3143 1177 4696 7124 3955 8623 333 5565 983 8334 6960 6345 7390 8182 4777 1969 3616 7407 5518 1502 174 4441 6081 2008 9069 5488 3245 4721 517 3332 7074 8299 4200 9156 6935 4197 2062 4809 6497 846 180 4238 5089 4807 7682 269 567 592 6535 4550 8114 5991 2777 5812 6017 4348 873 462 4015 3127 6800 5312 2425 7042 7368 5850 6680 4542 6258 4536 280 931 6884 5243 8009 4586 8901 9403 3004 6331 9379 5309 7382 5295 6314 7027 4273 5757 7755 6621 2692 3820 4727 9198 1232 5411 1342
1344 9135 7075 6028 146 558 5443 5386 9491 821 8295 6615 91 8518 855 507 843 5736 2495 4587 1844 7104 3367 3676 8178 4174 7168 9077 5749 5357 2966 4905 432 2605 5546 5192 778 6902 3638 863 3931 2437 4206 1528 3751 4382 7811 4486 5654 5823 5211 2908 3206 4910 3299 2038 5013 3052 284 7111 4032 7844 7834 4128 5724 7715 2475 2486 3002 9451 2752 8988 6036 7650 1140 8791 4384 7987 2747 1990 472 2198 72 2479 2341 4955 7890 3565 2629 2225 2456 1865 1662 6390 1669 4948 985
260 6928 7622 1475 2979 619 8319 8006 3601 185 6022 5094 7685 44 8647 1162 7874 1629 4715 8916 6411 4422 48 7643 7073 3795 3857 1420 4025 3456 7162 4135 4333 7695 1779 5031 6516 2955 5784 5361 7754 7608 3184 2416 26 8145 2909 9359 9270 3640 9202 7135 7547 6947 315 8232 6228 1032 7350 1221 5856 5838 8487 8556 4850 5323 3681 1047 8165 9031 3770 6274 2599 5074 3780 5665 1377 7158 9232 5447 1034 285 6762 1205 2922 6628 6577 4423 7895 6857 2447 1281 7046 9441 1361 6451 2901
2604 4946 2571 4054 5250 3667 594 1748 810 3449 6654 2199 8342 4336 5528 2296 7496 830 7281 8294 9248 1042 8241 2710 1135 2535 6897 2129 3116 7620 8971 4655 4736 1045 7950 8061 4700 5385 1954 8730 7077 8939 3718 5279 495 3232 7795 5957 9029 933 1931 9454 6472 5018 5196 2234 4677 6944 3805 5686 6547 7945 7776 1548 7226 6933 7078 8059 561 8698 351 3580 4764 6773 286 4436 4342 7735 8710 5828 1234 5292 914 2233 4848 56 6981 7770 5794 9236 5967 8192 8040 1958 713 5317 8283
7013 3277 1622 4047 6803 1055 1921 8139 998 8168 4459 7412 4265 4337 3342 8365 9377 2829 4747 3306 3291 1535 3321 2284 4207 1975 7601 312 2370 1124 7951 2384 6848 4317 6670 2442 4089 9445 6107 8926 2542 5568 3496 8499 3298 6648 4258 8886 3710 4310 2125 8462 3296 454 2040 6089 5513 2107 3228 8986 8216 4284 3040 1136 1078 5663 1483 5788 4244 2854 8128 5798 5954 1213 2195 4753 1694 309 6117 8835 3156 296 3801 321 2532 6812 4804 2651 1073 4084 1993 6193 8135 6475 2732 7319 9063
1941 8561 3044 8313 715 2691 4081 3374 3244 1391 9184 5445 6305 7575 9097 7113 2576 736 8767 5690 3254 7063 7931 5594 4596 4209 1262 2360 3894 5208 4678 4253 4020 417 125 3105 3879 5873 1451 5646 1298 3648 8118 2289 7679 2485 1575 8783 6151 4783 2176 588 918 8795 5288 7560 8029 4479 7058 2556 1365 6011 1413 7865 8226 9489 9020 1701 3384 5606 1853 2347 3284 9022 6815 1132 2251 6104 7684 8900 7934 794 7716 6794 319 2867 763 2721 8433 2767 5296 573 1935 681 5014 5623 8311
2101 9084 981 8054 7825 8106 2297 7370 3481 2501 6767 7525 7139 8972 5022 6510 7603 4526 4555 9329 7258 871 8310 2021 2648 3348 4865 7861 7989 218 8368 7301 41 6127 7439 604 4280 1947 1037 1018 5217 8779 9424 685 3255 5057 848 1985 2463 4765 2338 7010 6264 4494 2229 4897 2226 8965 3079 5339 2006 7634 1663 3469 5613 5890 1862 977 4138 9021 5607 5676 7764 3075 2026 1179 4334 383 7224 6339 4103 1017 8180 9144 5046 7245 5457 8689 5853 7580 8038 7577 6168 7279 2287 937 7853
5009 5025 3128 4560 7645 3836 4675 23 7810 5822 972 2041 7352 1267 2897 5199 569 9194 1202 7681 8859 2218 4083 1991 5777 6912 6852 200 4926 6978 301 2939 8586 7675 7688 3316 2118 1352 6979 6006 4665 7554 6001 8765 5364 5207 3131 5124 1755 8272 5886 2132 2154 4529 3000 6616 7730 5627 6801 4211 5224 7516 2751 1578 1584 5844 2085 7541 1532 8958 6398 5773 9464 6894 5061 5758 4221 5570 1918 4641 2713 3768 7191 10 408 340 5506 6607 5622 8474 7533 1697 2230 8456 3803 554 682
6327 2051 5241 3933 5145 6395 8831 979 3062 2669 2533 2 2899 183 4847 418 7471 7933 2914 2156 4750 7410 3394 2880 3573 9366 6265 8453 5586 1265 5718 4956 2477 5313 4093 3664 895 2152 5560 3164 3303 248 3619 710 6973 4692 527 657 8348 6229 4739 5435 7919 3030 3307 993 5275 1247 2391 1611 1427 1505 1098 4465 6144 4417 1598 240 4817 2517 1507 532 1455 5910 9376 6095 625 2180 3782 8512 2610 4757 3388 7217 2356 2590 7904 7447 8792 8940 3665 493 7757 6590 9222 9320 4593
1123 3144 7743 7475 9411 5765 1122 838 466 9041 6310 3999 6255 3956 2464 8948 80 1892 3914 4425 4687 9374 199 3250 6567 5952 4269 3169 8610 1469 4917 6452 6072 5300 5643 2662 7972 1592 1163 7519 5254 3551 9476 328 872 5125 7980 2421 4759 4156 827 5442 1393 7209 2985 2505 7055 5298 7648 581 2796 1353 9055 3058 5472 402 8591 1245 3620 8714 5119 3262 7463 754 661 5648 4271 4900 2205 4773 5486 4058 2868 9004 5980 6292 6199 4151 1360 4407 3482 1875 840 8449 3477 8163 2945
9227 7740 3909 6527 3649 2417 2538 655 9043 2253 5379 7127 4144 2301 4030 1554 4460 7169 5857 6769 7014 6256 7249 6208 6602 384 6388 4188 1068 6520 4046 4885 6534 693 9188 8946 1872 6900 886 8960 5666 814 973 4456 7288 90 818 847 3179 5935 1043 5432 2445 6722 9481 8166 9163 8673 8323 8745 5555 2376 1879 3141 101 6230 5270 2737 3339 7485 9098 4403 3208 4803 9498 2064 6073 6155 6195 7732 6323 6159 4234 3066 2782 2938 3947 391 6004 2073 8908 53 5698 3582 4630 7610 6558
4620 3106 8820 5446 7646 4079 4159 7038 6989 5796 2674 4414 1493 3227 3426 8829 7171 1743 7316 2097 8705 3993 5881 5934 6496 9486 2696 4162 4401 2803 3757 9233 6075 8505 7391 8938 5964 189 8694 8154 2886 6778 7118 2838 3315 4975 1816 3117 8922 1837 2754 1302 4328 3824 7246 318 4169 8876 114 8857 7025 5978 4250 528 225 452 8797 889 1016 8288 1907 2877 7431 5023 6561 9380 3049 1802 8883 2011 8538 8292 7477 2497 6059 6732 5730 991 6233 4319 5283 4332 5016 5947 2750 1357 4730
1372 4 2701 7376 1913 2864 925 8357 5491 8542 7401 4339 194 7057 4149 9164 1026 2057 5667 8854 8770 8260 3405 4113 4816 5421 922 5976 4470 5819 4299 738 6052 1010 8164 1029 7297 5418 1745 8817 8717 8 3304 105 8508 4875 5144 2110 6956 6630 7334 1187 1197 6347 8555 2904 5375 5569 7278 253 374 5388 3166 2431 3708 2974 5127 2262 1894 7256 8287 8257 1944 618 5579 679 2197 3840 4416 2622 4458 461 1797 7656 3189 2597 8953 892 529 7400 1639 2873 5827 896 2982 6141 2072
903 7333 6988 4121 530 1173 7564 9415 7418 5503 4071 6563 387 4633 4017 4323 7383 2906 8913 3733 7503 6726 5077 1305 7720 4960 4635 2822 7567 2451 5924 7965 3352 7588 5729 6116 6683 1977 7700 2802 1979 9367 8402 2242 2324 4398 2375 2523 3071 1322 5330 6465 2247 9101 6825 512 4827 8671 7220 8074 6324 2095 8198 5692 5188 1906 1563 3429 4095 8868 8162 4098 8772 3167 8307 4639 7696 2837 5875 3634 8983 8777 6810 4585 2133 3714 9482 3536 7182 557 8063 107 1207 7064 3210 20 5552
3338 173 6479 2823 6212 1294 4179 919 6718 6429 5791 5653 3750 3918 8993 8722 7005 8315 2832 3204 6481 4002 8215 6353 8045 6587 8927 9461 366 6187 4787 545 2816 1808 1567 8747 6560 1707 4799 4383 8011 5229 6957 205 7767 483 5700 1552 6729 7869 7787 8302 6968 4249 7229 688 536 7998 3173 5854 4658 2050 3935 7515 5993 6284 949 104 5136 7818 314 2510 986 3239 6023 631 6149 7101 9496 1656 8458 4171 7822 7107 4232 9418 8352 6029 9392 6093 7179 5786 6176 2349 6447 8416 3900
600 8377 1660 1053 7948 1871 4648 2389 1014 5953 2958 3798 5677 3704 9314 5918 4606 306 5780 4846 6873 3498 7542 1373 355 131 1093 8328 7883 1763 2187 8176 7885 5644 8147 6150 9465 8455 1230 2995 3932 7927 2579 759 2574 8818 2544 6819 6209 6170 3812 2413 7462 964 1966 6175 4967 8990 5814 1383 9303 3422 1775 5897 3356 7953 7510 6251 5843 5616 1082 9448 7150 513 4775 1953 197 5438 6290 3257 6118 7420 3632 8428 6817 8526 3585 7087 2243 883 575 8531 1618 5126 8716 1780 1714
8942 1897 4357 7860 3978 8866 1125 6343 6031 9087 7553 7343 5473 1653 1631 3212 8170 8819 1711 3123 1238 7280 8532 6137 1876 7199 8562 304 8954 8707 2420 1249 1426 4874 4920 9003 6738 3089 1242 2657 3103 1801 3430 5807 4013 353 7438 5803 5035 6664 6169 7884 6299 2240 3423 723 4201 4034 1675 3509 8937 2333 6085 500 3621 3702 1445 2151 1736 8297 1395 8713 1676 1799 1556 1506 2512 5621 7908 7331 1264 8907 8651 9131 6840 1757 4167 2204 2993 6109 2972 1689 1856 4246 474 9204 1366
1705 5029 7474 5922 377 132 4286 69 19 722 5318 5420 195 1794 5391 148 4158 219 803 5347 3975 5642 32 6544 2084 1380 7621 8614 1060 9024 2136 5526 4876 4502 2630 538 8751 2687 7116 4347 1537 4688 9245 3505 5285 1972 6248 956 1049 7918 675 8081 6279 5938 1431 7540 5058 5550 1327 7362 2683 2841 8363 8796 7631 1243 3850 1416 7640 9458 170 9397 2340 2115 6952 4810 6311 6903 7243 5413 3559 2403 1806 6526 3830 5802 7251 7859 6205 2565 6363 601 6811 1273 951 7528 1217
