98 100
3669 4279 1817 227 9535 3982 2116 5709 1937 2512 888 9197 3248 9257 9085 7864 3871 4353 5124 8974 3785 700 5307 80 6969 5240 5435 3332 2373 8739 6468 7049 4753 1646 8641 9399 5115 1139 9671 1913 6914 4810 1995 6439 8113 4943 2588 1242 820 6732 9785 7444 1815 7449 1717 3355 3011 8049 3471 4039 7933 8289 162 8543 3937 747 5905 7328 1736 5047 6758 9080 3673 919 5895 3258 5487 7297 5336 8731 6757 6641 5217 3530 7408 9276 697 5599 6388 4804 9052 2940 4957 7242 1244 2969 8639 8815 2107 5600
1532 6254 5080 7845 238 7754 499 4990 3860 8480 7873 2771 5658 419 676 9383 6377 2023 7974 4754 8496 7722 7346 4999 7515 94 8542 3013 5473 3133 6539 1921 3025 4158 4410 8210 5227 9741 3579 8114 947 91 3439 8910 2280 1591 520 7153 5649 2579 5458 1673 6606 9297 4062 963 636 1626 6300 9378 9479 4139 9551 1896 1891 7541 6775 4792 3878 5400 7379 5183 6735 3063 2238 6709 9268 8251 1953 1569 2407 343 1421 8914 7274 8429 2059 1105 7098 8607 5060 8155 2518 7949 6166 4856 6762 4504 7800 7466
8130 4232 8592 262 9484 1993 5563 3621 8634 3858 4572 2978 556 170 8258 2080 6186 5656 1173 6720 4919 6321 337 4192 1735 4324 3648 7428 7190 7443 8236 2503 8081 7255 6364 4188 3719 3636 2228 7512 3930 8713 1346 7268 7557 5957 4376 8073 2253 6490 8199 6679 8134 4552 3463 2510 3676 9575 4254 3146 5982 8856 6030 2784 2532 9518 6410 5257 3305 7545 3920 1450 1998 745 4058 9777 3685 8995 2852 4950 5037 5722 7224 2114 6704 1439 4629 9684 4008 8900 7209 5029 9588 2704 4579 7203 1597 2088 5337 7240
5830 666 1297 136 353 7310 558 5189 7917 8145 992 7591 9663 6200 44 3578 6674 4463 5020 2646 3902 5233 8488 8500 9796 2175 3825 4475 8060 3919 2445 8952 5955 9599 6615 7854 9247 9696 9493 7543 5602 1935 8591 2497 7684 6690 5889 8018 2458 518 1245 5173 5244 7513 185 3795 7581 6507 8204 8742 2064 7957 6499 4583 6953 1618 5483 2950 7002 6984 8509 2750 3828 3963 1176 9131 6219 2963 6172 5857 4448 3339 370 9584 3385 9636 2184 7468 5305 6208 5585 4819 9162 4333 9653 152 7317 4488 4904 194
4945 9330 6089 7387 6749 5805 4538 8292 5232 7004 6697 3959 3051 5320 282 8458 3313 3645 5415 2044 627 7619 3263 7881 7427 186 4668 9040 593 4078 5033 3109 7181 9565 4542 8025 7572 8660 7612 5988 4558 2782 5737 5104 9452 3581 2506 9070 3328 4965 5803 2060 742 7359 391 3749 6399 2990 6673 2516 316 7898 2669 4251 1473 484 2025 3254 9272 1222 5303 1691 1132 475 8066 3075 460 5828 1268 7837 5064 6739 3863 6653 243 1853 9374 3406 383 7263 3450 7747 2700 1652 2550 6759 7191 3759 4654 6613
9147 737 7646 7043 6545 9736 7510 6979 9025 9301 12 5861 4201 9455 93 7791 1323 2892 9208 7817 8895 7805 5874 3529 9624 4387 6654 6094 2995 6412 2543 8964 3781 8992 2453 9638 5040 1939 8700 6453 344 6425 8644 2735 4107 2009 1335 9050 7080 4507 1557 2633 4683 3936 5401 7222 9398 2404 7637 8808 7377 1893 6422 3402 7391 3136 1991 7625 991 8080 8533 8409 1091 7529 4112 6874 7071 4128 2360 4029 5191 7575 9026 9384 7757 3534 2326 6750 5110 6011 6040 8855 4335 7053 3215 9313 908 5785 5794 6487
7313 632 9154 191 8630 6357 6256 7530 8913 5292 807 9274 4298 363 100 5632 2299 5791 5846 6929 7815 2924 5747 6903 6799 1089 758 5941 5049 8457 7166 7081 5377 7823 7340 1135 1260 7922 7236 9441 2754 4773 4360 553 7866 730 5685 729 4381 6509 61 7072 529 2620 4881 5910 7533 4537 7682 8297 5629 9496 638 7598 4464 4947 7782 8346 3214 3084 3434 5617 9489 6088 3721 8121 3017 2575 456 7967 6402 5899 2975 771 3668 8347 4716 3495 3543 2424 8303 4680 4975 5388 6415 8905 6418 9005 4036 5650
945 1304 3299 1983 1942 3155 1676 8635 2755 4855 6146 8306 5463 3667 5748 5300 7186 6374 4011 2741 7283 5267 4049 1854 7826 8084 8846 6428 8988 4021 3912 7296 5937 6396 7688 5141 7632 6521 6029 7219 6384 5102 2830 4207 9701 8209 5894 9409 777 5288 6380 1182 5397 7945 5059 7987 9786 5726 2255 5920 8427 1665 1468 1756 5347 1579 1337 6482 5447 4590 5241 7079 6950 6783 4483 3490 7765 849 9304 5054 9364 1729 7235 7892 9657 8012 8958 5175 4783 3561 5313 6162 8936 6334 4925 8631 7890 2746 4807 6506
9434 6441 530 6072 7010 2904 2427 6097 8217 3568 2871 2982 6452 6858 2002 7587 5306 6890 5558 7675 7433 5200 9424 5607 6275 1606 8358 1471 1943 6800 3432 7748 3116 4832 8657 7102 1116 9433 8324 2712 9664 5157 9339 8487 4809 7132 7015 9705 975 6852 8654 231 7154 7061 5631 4890 1063 7026 6032 9618 9523 4257 4087 7095 2415 432 527 4329 4015 7179 6190 7825 2288 5203 551 7464 2891 4652 286 5773 4443 2739 1334 5864 5004 3640 7371 3938 3683 7905 5044 5287 8051 5376 5342 2005 4857 4267 5502 1356
6517 8102 7683 8594 7353 7322 229 5556 8502 6070 6215 5900 1700 9305 6551 6010 7958 8733 8970 8341 3874 2396 5835 7257 3955 7038 1021 4808 5247 7016 5229 2334 4550 7915 1796 9063 8373 3347 5421 4404 7592 8928 5262 5440 8336 5787 2049 5821 3764 3267 3165 5939 6199 7077 8614 8770 2173 2647 6642 4675 1961 2071 1458 1765 2341 2151 4955 7438 6018 5281 857 2846 5917 4382 1522 504 3689 4304 5128 1015 9560 2808 5692 4926 2706 6023 2552 3216 491 6234 7934 2663 5814 2680 2549 5413 9403 7311 418 5713
8221 7738 1992 804 8882 2728 3662 39 8512 2861 9644 7539 8284 1604 4018 5101 3241 6347 2381 7742 4984 2311 8174 1445 6933 401 2560 2932 4187 1868 938 1175 2316 174 5776 446 2397 1999 6927 4512 5633 4931 3270 8997 4377 5091 4589 9694 9112 5468 8386 1519 1713 668 5756 8064 7916 8558 7404 8648 8664 8813 112 4429 3524 6333 9302 873 7816 368 8616 2645 657 6647 7891 2979 8119 7454 6472 1666 3499 4827 2911 646 3901 2436 2958 8318 7601 1762 2447 9467 6317 836 1350 7603 6477 1411 5065 5360
7306 4717 5152 935 7630 7401 433 4456 9407 2643 1885 3231 4747 5533 27 3378 2765 2695 296 5529 7889 9422 5379 1809 3501 2642 8023 5283 4625 4439 3946 3986 5036 954 2244 207 1750 8843 5512 1622 6944 6238 9608 637 2722 7544 6582 3949 9119 2656 109 1980 3820 2850 7696 2196 110 3932 4860 428 5520 4065 9006 4239 7850 3584 1688 8975 212 749 6832 6262 6091 7761 3980 8516 907 6670 4518 2020 5116 9037 2660 2067 4116 8940 2953 8172 9640 277 1466 2986 6876 7553 3944 9049 3390 2157 5687 2449
3478 6183 8128 9688 2274 3351 5665 3627 14 4619 1040 7074 7762 5921 8766 219 4105 3577 8211 7442 6074 4477 506 6242 1404 9262 8576 308 3226 4241 4994 1484 3787 5929 1858 4490 7999 2810 7664 1776 1374 6774 4734 2813 356 2622 578 6372 4312 70 6681 2084 500 2209 5373 3154 7735 5105 4842 5100 8550 4343 3829 6999 218 814 3661 5690 5565 9145 3094 2556 9175 464 3657 3176 3485 3800 1216 5930 5842 9293 4314 8133 9189 3157 7247 2558 7341 3311 3849 4268 352 8377 5390 2105 6894 9245 9485 9389
4204 3716 1185 5135 2596 5911 9554 3712 3393 9047 2155 6981 6535 3607 6179 8764 7216 9533 4217 5952 9089 7695 5966 4397 7208 1371 1138 6570 8982 1420 9038 8491 9338 7024 796 6222 441 8579 1784 4133 3783 6098 8178 4303 5147 902 1797 6466 9277 5446 8535 9590 2745 7134 3684 604 5341 1285 6163 9652 1621 8787 940 2569 9428 6177 5058 9209 4865 345 7522 7975 8636 4256 2091 4476 8599 6267 1368 1241 4786 6252 45 2927 5380 4131 2855 8312 5406 6241 5038 5497 920 9354 5667 2451 3518 9510 5362 1201
8510 1113 6191 1301 9453 2736 815 47 8823 120 8950 6711 1515 5088 7960 3727 5495 2652 1959 1978 8557 8728 5935 7410 8273 6131 5498 9748 7786 8886 5733 3352 1442 5672 6416 7142 4189 968 5351 24 1552 921 3488 50 5818 3121 5431 8979 1418 503 4149 3576 3323 3309 6459 4924 51 6127 8276 4262 5263 6656 9605 5301 377 2517 9438 858 4427 8943 9249 6393 405 9440 643 4388 427 658 7249 3169 4922 9660 832 6026 9449 3031 6000 9157 297 5410 1432 9532 2501 9167 284 4533 8645 879 5729 2100
165 8989 6423 4609 3388 3573 3851 9045 8390 5018 5960 1246 1907 5158 3419 2325 3605 3456 9411 6544 1410 7106 9577 9668 5736 426 1309 8157 3194 8803 2037 6620 2708 843 8785 4790 6132 6056 8983 6566 7536 2062 7212 6182 9092 3408 6873 7709 3028 6167 26 9001 1065 5823 319 5317 4615 8783 134 829 7414 4621 5577 8013 7039 1947 4742 9540 9432 3334 3349 2339 7385 1392 8669 5331 5584 2212 6810 509 4715 4110 2282 6095 1047 5137 8877 8401 1237 8937 6345 3735 7886 4568 4224 6575 1833 2124 1600 4486
9541 2035 7528 6628 3541 6648 2879 6057 828 1956 3082 3933 6109 5021 4024 1349 5730 3615 3654 7509 7506 7413 8907 7724 2564 3175 9429 4985 5327 5481 3663 8022 7493 6695 2811 2674 9598 9294 1412 6164 4048 2541 7661 6948 6204 4453 696 8800 1147 7677 8355 6718 8186 926 3523 9447 1696 8980 9069 6947 4794 2491 6987 8235 6034 2348 6165 6738 6853 8331 2089 9503 5209 9321 7840 103 8647 254 854 289 645 8069 8680 7431 1357 7215 9094 9120 6159 4013 7269 2213 3330 3923 7286 3876 3557 176 340 3054
5944 1778 2583 2987 1537 9236 2168 5293 7588 9117 69 5970 8369 9367 8767 6644 3765 5404 4869 2720 5975 8019 9752 8319 4487 5199 6806 8244 9097 6655 1715 5788 6394 6939 9790 973 4069 2819 1580 1870 1020 2362 82 1235 3802 6362 9516 279 8270 3975 5220 7860 1876 8717 2705 4244 5724 9323 4825 485 2095 9617 2514 665 3182 2307 3707 9673 1575 8836 526 4633 5630 8295 3295 7167 159 2586 1960 4667 1137 4749 3737 8190 7992 5010 5873 5190 2158 4338 4019 1644 8449 7672 8973 1016 6686 8201 9359 7373
1352 4026 2017 9430 3799 6401 9418 8857 2707 8835 3279 3079 8170 7451 1112 1811 9362 8079 5996 7540 2052 1826 4336 2180 2587 1692 5673 7173 8137 302 5770 8098 5159 5314 5518 6184 3622 5249 3747 8524 1593 8432 31 9068 1775 6371 9505 4400 4375 818 6093 2137 776 7136 407 6557 3588 4132 5562 8695 4722 9625 359 6391 1542 2507 4655 7778 7947 8127 7608 7896 1234 5407 7023 2678 9187 6386 6431 9459 3632 8666 9539 3817 6886 4640 9661 9733 7091 4901 6476 2648 5763 7708 1566 7554 3822 752 1097 8017
8148 7172 8050 7780 9771 8561 6329 4561 8828 5215 8519 5383 6050 6807 274 2970 3855 8468 8716 4893 9775 4245 9318 3024 241 8610 7289 2868 148 7014 3124 6716 682 1772 681 122 7065 5153 1771 9129 8099 5469 1232 8097 3066 9265 4459 480 1467 8370 9695 7794 3769 7403 7156 5796 4588 515 5716 3706 1635 8617 4396 7862 9168 3362 3748 2910 7396 6591 2608 7870 7374 4547 6013 7005 6039 5648 8872 1832 8809 1210 7548 4101 7485 8691 7486 8553 5011 8365 1511 9639 6946 8088 3428 8520 6922 4392 8685 7500
5831 6988 5926 8788 3665 654 5636 4471 8758 7807 8149 1612 1150 1933 5051 2929 8554 8356 1436 389 3290 7032 6529 5793 865 6813 9279 5012 8723 9144 5340 5150 662 913 1555 7689 4502 3505 1414 9612 7164 2294 2489 2366 2342 4177 8321 68 2032 6770 4457 848 3977 2592 6308 7952 5005 9645 9421 9633 3331 7160 4424 6408 3827 9780 4294 9699 1495 6483 5725 6931 5260 4682 8687 5399 8352 2768 4222 1073 9015 1875 2862 8538 8590 4258 1925 9549 7050 52 1003 831 2133 2777 6822 3508 3571 1190 4846 9585
5161 2607 7984 1881 4494 3275 2903 8191 1181 4689 6682 2725 2048 5669 6923 8144 3538 138 4528 2930 4791 8743 5786 765 6723 9169 9641 5659 1623 6842 168 1920 398 2125 1267 6155 9223 3345 8684 5098 1170 2423 9778 9629 8239 4563 3950 8549 1642 2270 4216 2659 4624 759 5847 4565 4282 7337 3353 4721 7640 1800 1402 741 7407 778 8901 3602 8919 5228 6276 7335 6658 5109 8725 7511 1476 7476 3421 6044 9727 9322 9704 4034 2698 1859 9504 4165 5538 4264 9458 2144 81 6530 7590 6619 3029 1880 2637 1554
3880 7561 2677 8613 5768 7185 5901 2015 5509 4812 1144 6489 384 4822 5188 7162 8193 4252 3218 1605 6440 7281 6968 6854 3041 591 1469 1976 3159 912 6748 9439 9656 6827 1134 2055 1710 3917 4795 8944 5701 9714 5356 5890 4659 2502 2914 6694 4181 5809 8385 291 2237 2667 3115 8746 4868 525 8839 7872 7699 1664 8957 3416 1046 8651 7752 3777 7083 4136 2931 6082 3000 1427 4328 7046 795 3628 6746 2595 9546 7458 9259 9177 4223 1302 2542 9793 9124 9357 5759 171 2349 7492 6077 5561 4698 9474 1141 3203
4634 2827 4088 7549 7308 3093 799 7430 3556 8430 1199 4762 6480 6461 2867 5272 7495 9166 7789 5984 3229 755 2115 3813 7923 619 469 239 29 2640 5513 5034 9677 468 2625 651 1639 5699 505 1207 5721 3359 8947 850 4160 5419 3106 5408 834 2419 2285 3714 202 9492 4374 6514 5940 6236 4824 4492 7183 7440 2408 5261 7455 1155 4006 8816 5219 1753 3438 2290 3678 4949 6870 562 8968 5985 8528 54 1055 6793 3096 8650 4802 5858 4730 5688 5657 7137 541 8624 5551 1158 6205 2883 1838 8562 3773 361
5767 641 1121 6136 8180 5679 7265 5057 6187 3690 287 4096 2760 7753 575 7586 311 2392 7009 4650 4916 3782 9113 756 4690 6847 1437 5974 6905 7796 4205 4075 1051 1490 3703 2079 7474 3259 1060 5594 4341 904 3354 4431 9700 1492 6012 5022 1028 5744 8675 2920 7822 9526 7003 449 8883 1777 1080 4745 4728 9310 1044 6085 6198 3481 1076 1401 5192 8470 5693 5107 9258 3609 5237 1633 6485 8842 5451 1093 9300 5275 5366 5136 8663 125 8726 8508 7585 9043 617 6814 7801 2515 8853 7939 2061 5682 7108 1764
5470 7839 8698 5258 8394 270 7935 8560 914 5528 9525 397 9271 7394 5176 3789 7907 4882 1274 2676 8316 1419 9486 1571 5680 6630 4820 7636 538 1482 5517 2058 8497 3207 1041 6546 4616 1259 5355 2888 775 8054 4469 388 1584 1720 57 8183 9184 8621 8802 5816 1424 561 126 1987 3823 2478 7197 9522 2682 2142 8878 605 3629 8959 8188 8807 4421 2073 9404 3132 780 1447 3650 1306 4306 9676 4297 2996 5448 5309 611 6898 9682 5862 3840 8993 7302 7017 5575 9139 8643 4691 8479 5472 7644 1701 9628 7421
5466 9149 6747 5870 9776 2773 8730 9460 839 7516 816 7469 5608 845 6265 3559 2165 680 9355 5315 806 6235 8124 7307 8063 8195 6266 23 6315 7256 76 4274 3696 5913 6 8469 2774 6338 5092 1968 1683 4793 6060 6294 2800 933 9681 5700 5844 1288 2759 5079 8164 4371 7399 4614 1365 7293 2357 9067 3815 6540 7969 3751 3798 2204 9514 8093 6627 9552 7446 8229 1042 1083 7187 8322 7819 7294 6194 4843 7726 5422 2567 6342 9437 3910 4452 4319 5790 1425 5755 293 5507 7879 4038 1359 2960 8048 8564 9436
4581 1651 8441 3454 5127 753 9103 4918 2110 4520 2222 3544 8041 6579 5661 1671 9348 5078 7534 225 6102 5000 567 6689 3174 5524 5872 458 3595 9755 803 5883 7101 8665 2666 8267 8517 7447 7273 956 2864 1789 5829 5457 1153 7662 1842 4779 2974 5250 5016 6997 6573 7270 4010 466 8240 2205 1131 3288 6959 3555 7300 788 21 8984 9148 3979 8096 322 351 7991 9207 1716 3337 358 3881 4544 2650 4772 2074 1973 9651 7068 2869 5703 6595 8184 9221 179 6260 3864 3887 6830 3276 7686 2077 988 9726 5299
979 4764 5811 1205 884 8653 8890 4594 9062 3027 3991 800 2250 2230 1090 2926 3688 6501 7287 1918 4361 7519 2225 4276 5479 1678 4724 7498 5234 8702 8595 3931 3001 3778 5382 5532 1178 9416 5465 5111 2812 5567 502 1449 6366 1082 930 953 2485 1965 487 8679 962 6938 5836 7045 4620 178 4607 7339 7141 4811 6464 8111 9781 6237 1660 6851 7707 7429 9779 5653 9737 4739 8951 3039 2578 7390 4998 1211 3589 5708 3768 881 1227 6676 4227 7001 1273 4154 6729 5392 6907 2836 6643 6253 3014 2799 5620 7453
4497 8602 5462 872 4135 7356 6273 2853 594 4449 570 4958 1690 4669 9469 995 7487 2300 3321 6382 1695 4657 4052 9515 8831 5082 6359 2259 8196 9381 6789 3862 5875 9718 8893 5039 8078 2346 6614 9735 2602 3193 2775 8845 7734 678 5758 2476 6144 8873 1589 568 1860 8719 7345 8214 9287 1480 3103 2104 2085 1610 5389 3675 1340 4500 3905 1019 731 2477 7727 673 2224 7422 8299 4221 6426 1827 3890 2446 6533 266 3425 154 3158 2614 9631 927 4030 5375 7452 2118 7705 7927 9105 2161 8545 1179 5449 5902
6626 8389 3160 2217 8428 830 4395 2845 4419 8 2101 6192 4091 3293 1300 6446 6919 1791 4870 5013 3316 9126 8418 8655 3886 3978 6687 1835 9762 6586 3407 698 9163 4598 1033 7329 8772 683 6640 8072 7970 463 8417 3889 1169 188 8076 2141 440 7562 7231 5741 1560 870 6875 478 2860 600 8392 8569 1408 4835 9146 6068 4311 977 2500 1004 5326 7254 8697 3057 6965 341 2971 7229 1564 4236 3674 3512 9723 163 1203 2909 1012 1119 7089 1326 1988 9090 650 9759 8320 7417 6020 2245 5266 2331 9155 9544
3003 9627 2119 4356 60 9499 3222 6481 5877 2727 3228 3123 9482 7338 6702 7184 9248 6007 1653 5409 8862 6809 6474 9431 7861 7775 3447 8885 2045 2076 3867 999 3818 2309 7206 1990 969 5322 410 9369 5201 9183 4800 7099 4630 7589 7869 4184 7971 9717 173 7347 9352 3219 9235 5644 5956 7130 4151 2007 6629 6740 290 1685 1501 8541 8710 328 826 4701 4499 9521 6568 2994 1631 9731 1266 6794 6201 8986 4417 9136 6168 7704 4852 5129 2046 9106 6282 1866 2382 1559 3722 4167 3604 3532 6221 8317 4064 124
4012 614 8443 2965 9088 3023 1687 615 2984 2069 9009 9500 8732 7830 8230 7904 9327 7883 3635 8741 1098 2374 1351 4863 1620 4366 2450 5742 9152 6772 6107 7951 1045 3904 3244 6879 9566 8146 5634 8740 9782 9234 4670 5949 8534 3515 5867 1243 6105 8446 2482 4962 2181 6058 5924 8962 5972 1836 2584 4121 959 4577 3340 4286 4044 8132 9744 6736 8998 5009 3575 5843 5904 4712 6513 6206 3324 5295 6051 8404 1625 6318 7521 6249 3474 4138 3320 8818 3431 2776 8028 6055 4025 7670 5881 3819 8329 8129 8434 7126
5286 3993 6977 6290 1568 8531 7088 6116 8238 5959 2690 3755 339 6646 3252 6779 7972 5852 4345 7232 3009 2655 2894 1069 8830 5734 557 8775 8821 7628 4226 7194 8481 79 7551 1026 2555 3344 3638 6596 824 7795 2945 105 764 3624 3976 7405 4370 8926 2973 1218 406 9710 644 8271 3908 1689 4126 1938 5686 4426 7135 1782 519 8473 3283 9468 2399 660 5938 8173 1287 8125 1936 7437 9039 2301 583 9729 5570 3300 2400 844 7362 7659 7012 8038 4104 8364 1172 7332 1699 6223 2885 3301 3045 6233 6864 4057
9226 8574 8575 9256 8043 4411 1994 1561 4290 4369 5980 3317 574 6141 2743 8798 1483 2033 104 1524 4523 8376 7226 9557 3509 7756 8863 215 9309 1062 3884 7613 1509 1318 5304 8765 6035 9534 6753 472 5123 7993 5489 4708 2402 5951 2851 9425 3928 4357 2649 2528 5403 7829 8801 6322 9014 2954 1497 8359 5964 4422 8552 4692 4014 1887 5674 8851 15 3592 5516 1910 6305 1438 9721 2900 7177 6293 4915 4587 7547 2260 987 1474 9102 608 6510 4993 2438 8339 852 5071 5426 4578 6240 4081 6805 1616 5762 4007
8689 7490 8489 5068 9346 4466 7202 9680 5582 4255 507 3558 5802 5001 4526 7647 9517 8460 1275 4225 8495 362 16 1855 2439 4179 4085 3119 8147 903 4113 5330 2726 4898 8867 1538 9298 5707 1313 2570 8332 9520 2019 8228 9481 9550 9077 1050 3728 1946 7882 3147 4291 4517 6320 4847 2153 610 6193 1233 9164 2551 5035 809 1790 3752 2761 9134 6817 7719 4687 2096 9178 7930 8413 6538 381 5897 8067 2278 7364 8917 1070 3302 5167 9397 267 1180 4455 8759 49 5122 1549 7117 7412 4693 5445 5160 1981 4308
801 4674 5855 6816 6302 6607 7824 338 9171 6742 7526 1305 4559 30 4437 9689 4673 8501 3792 2409 8286 36 9186 3956 4805 4028 157 9547 8082 3329 5196 2702 4473 2208 5279 5695 5179 1645 2359 7959 6902 5539 22 8168 497 2941 3343 7037 6703 8092 6899 4406 1845 9199 236 929 2794 4301 3630 1333 2787 1214 6677 9476 7997 579 4761 4331 1022 4056 4299 5723 9056 1206 2956 3836 6825 315 2561 4235 4237 7169 8841 5553 4208 180 3483 6435 672 6831 5511 6214 9018 739 4836 7258 2131 5492 3467 4844
3383 7195 5216 4672 6692 4826 7666 2379 1127 4352 5131 6678 73 6869 8399 5601 6465 3223 6756 498 5775 4611 8274 9623 5651 6304 4677 3202 8833 4230 7008 4541 7602 9414 6878 467 7047 9054 8908 4686 7462 8761 9553 8192 595 7871 1867 5993 8720 7651 8277 8474 9415 2540 470 3183 1563 2070 1407 2296 7660 9027 2999 2964 9031 1984 9548 1204 9659 6908 9538 2644 5163 9572 8004 8879 7759 6943 699 3642 9347 4182 7656 2179 8548 8612 7944 5213 8598 6033 8233 1384 9222 1030 9586 4752 6725 7903 5581 3
2632 2848 3060 3386 7119 7638 3766 7085 1916 2183 1820 7470 8215 4733 7025 3246 7667 7000 9475 5777 4444 4288 5367 5962 8308 1200 6326 6764 2711 8194 3679 7919 2240 375 4326 6561 5573 9745 3249 2934 4509 4604 7671 6171 2322 9326 3493 2944 3705 8930 9319 8797 4909 4467 8948 1737 4688 4610 5480 3746 2448 5464 1889 4814 3273 7251 9446 3803 3533 1472 3185 2719 2658 5622 2298 7349 6616 5494 5981 7836 373 9507 1841 5851 6340 5226 7802 1377 9331 598 8942 6508 917 8466 474 8559 3367 3364 7976 3610
1202 4432 7746 4472 3042 9799 7680 6122 6092 6113 477 4389 5698 7535 5719 395 6675 7243 1553 684 3725 1406 7348 9457 3750 8760 4002 9372 2279 4354 7732 9020 7087 8580 3971 2072 8472 2882 6153 3225 3623 1389 5654 2571 2068 802 3433 560 1851 887 8854 811 9530 3048 8825 4671 196 9356 5339 4425 4250 2036 5090 2828 7776 9373 5626 1023 2825 5646 5081 6660 8625 8711 8805 3870 1766 2370 9743 3006 9672 7370 6154 71 7128 7140 2428 7806 7968 2536 5994 6005 9334 3164 1254 4098 9204 9093 8604 7692
17 4658 7145 1763 5114 3633 6765 2823 628 1728 5212 3698 5764 5771 1286 5346 1194 1231 2980 773 2834 9491 7653 6130 1598 990 9033 9674 4196 2993 1813 1433 1215 6833 1608 2619 4569 2696 2443 6104 7793 685 4390 379 6569 967 1834 5170 5254 9251 9252 1503 4164 430 8372 8463 1546 3262 493 1794 613 3336 7416 9506 2147 1184 10 8490 9213 5391 2441 7034 4076 7143 7940 989 1972 550 8249 1952 3974 3058 3008 4302 7771 1381 2495 8897 1899 3196 5953 691 4084 65 2939 3651 5544 8455 4706 9286
1264 7150 1674 372 9746 2429 6045 2835 1872 2194 2284 6150 3583 8796 2123 5915 309 1431 2283 9531 5119 1250 9118 9244 1897 5550 3423 952 5323 7942 7174 2801 6717 1159 2877 3245 8638 408 2367 9371 6730 5493 2117 5642 3342 9767 949 547 9260 7657 6128 1118 6424 1102 8414 2687 2857 2272 7094 3614 6926 5750 4603 1895 3519 639 7928 4982 462 2788 7384 4905 3233 494 2829 9408 5164 3774 5211 7279 867 8032 1734 2214 1675 5628 9402 1757 985 6639 8503 8626 9774 7124 3943 2411 8112 4401 1603 4711
4004 4478 9289 3315 200 8504 7327 7220 8151 1034 4648 8925 4420 182 3597 6405 4073 3951 4956 7096 9195 2641 3770 7847 2389 429 4027 5882 7853 6956 5760 5156 3038 268 3104 7262 2816 8814 4605 6488 1839 259 2521 7663 4465 5510 2762 9205 7569 5766 9224 6769 8205 253 3002 199 1740 3806 8934 4964 6316 8810 5526 8363 9317 8763 7857 2874 3520 4821 961 6552 1049 2639 5425 4480 9632 5132 736 7 1284 9382 2368 1840 3995 996 6350 9693 5003 4231 4386 5298 2936 7114 9243 8869 4219 8411 2576 3682
4727 3384 131 1327 4908 5371 4280 3144 7342 8343 8677 7489 90 6577 1595 4041 479 5224 9478 6803 9711 9413 4391 5204 5450 9003 393 1405 6385 5386 821 8865 5880 4393 8095 7652 6887 6411 2912 420 3459 8976 8668 2281 997 1382 2122 7924 2601 7772 1387 3511 452 1861 812 3873 5243 718 2606 1957 9722 7465 42 3784 4398 8200 7060 6175 835 5095 679 8518 8254 3540 1816 9466 1818 8918 1278 3395 5294 6224 5611 7448 1229 823 4806 5954 8547 7751 7584 6991 1917 7434 5207 9320 8608 6212 3375 5576
841 7326 3020 1258 4211 4340 2508 7828 6802 3078 6137 998 6203 6700 6683 3701 2928 5475 2997 7352 8860 2688 9342 3702 2533 7120 7595 710 6503 3848 5618 2847 9725 7055 3947 9579 386 1667 6248 4774 4608 1168 5717 6884 9311 3745 7318 4197 6698 8513 3369 9110 8633 1000 8150 3535 3445 6562 2490 5378 2355 9392 7571 9445 5827 1280 6904 4347 140 1886 3356 1828 911 3680 3830 5592 8089 8226 1871 4591 3365 1900 1726 2730 369 9308 4760 3660 4976 6263 4564 2951 6618 2156 5860 4929 7129 781 1240 4413
3235 7013 1165 8769 4567 1239 1874 3733 3608 5145 5242 2056 8410 3036 5014 8247 2880 8334 2201 2770 6073 9115 3504 2623 5624 8345 7420 4775 1733 7953 336 9394 8382 6161 7439 8101 8143 3227 712 4385 3480 8840 2566 6777 6516 3804 2198 6818 7804 5063 7261 5603 8459 3962 625 7777 8526 1661 3586 6124 8514 1328 2132 1130 6455 8899 7838 6786 169 9765 1085 8999 1668 9140 2026 7827 8858 9128 6699 5025 8052 7291 1320 6180 9082 4562 5681 2413 6916 9282 1948 2078 2494 5564 3585 9580 3526 9269 4763 7018
4263 2221 8085 1342 2983 2021 431 5197 6111 357 9470 7450 6458 4482 2112 6976 8483 810 5269 3178 3458 1725 6665 727 3137 1882 6389 9055 8120 1526 3626 2796 899 1064 3708 5856 4095 6560 3145 3510 2783 2292 8206 783 3376 8367 6448 6815 3366 3790 9170 1347 3582 457 3430 4125 928 6743 2733 3756 8293 9217 3099 1109 2818 5372 2840 5886 1358 5433 4418 1187 2210 5652 5444 3338 751 6601 7381 4859 3861 2905 9024 2693 3143 3647 402 3564 827 6995 2410 3179 565 3213 5560 4228 6918 7363 8753 2086
9508 4318 72 8791 8806 9161 5045 2167 3373 1500 5126 4000 8000 8784 3350 1774 9196 7389 7323 2197 8189 8138 5609 6970 4989 1902 3988 1228 3148 6572 5923 2572 6897 5477 9101 2863 537 444 4435 5006 1303 8371 531 5946 9724 4122 132 5869 2815 1837 2461 1197 4293 7218 2937 1829 6906 2487 7564 1052 4035 1298 8402 4883 8294 5976 5596 3831 2121 222 7368 1380 5026 9335 7441 5732 2992 3497 6420 9462 4623 851 3786 3397 6936 2922 1617 6691 1650 582 8368 5705 9291 3482 5278 2670 288 4678 6791 7713
7481 732 7730 3539 4928 7525 5696 8077 3477 181 4017 8351 6602 5541 540 986 2177 1010 7152 5297 4618 6588 6669 5807 6576 1140 8539 6114 9353 1723 2872 5486 6707 1761 7376 3517 6705 5990 3363 3729 5619 3816 6331 8848 2935 4506 5252 6502 1448 4129 2734 9376 7846 522 3606 8826 1499 3491 8140 3903 8152 7112 38 7237 7779 2626 877 149 4277 1331 4697 3130 5225 8231 6877 9587 3973 3939 8704 3852 4339 3659 2075 3580 761 8281 1477 1758 2235 5909 2412 4649 9603 3793 6860 6176 7566 2329 6103 5639
7423 6417 8391 2014 1975 8326 8577 8220 7148 4960 1296 2738 9574 6343 251 3322 5280 7228 3044 434 792 3838 321 8546 3341 1932 5332 8990 6523 3396 3151 2277 2723 9316 3697 770 1958 5453 4097 6220 7105 2671 4933 7655 7665 5223 3567 6731 5854 9185 269 347 4446 7921 74 332 1807 8185 37 1344 8904 7497 8618 1136 7372 5002 6370 439 4305 7895 3968 2227 4351 240 4441 1520 5354 4450 8529 4123 937 1627 7733 7514 7900 6421 552 5398 8486 1718 1528 5335 7100 8141 3040 7909 1923 7482 8071 8061
901 3846 1167 2001 2961 1643 7082 6913 6954 5459 8597 197 5424 6119 8673 931 8922 6850 6361 8884 4124 9173 5588 5348 9578 3970 878 412 7673 9220 6661 5647 708 3742 1353 2915 83 298 3664 160 6430 6728 8203 3775 1798 1779 817 2918 8912 8156 1724 9770 6400 6335 459 5678 2870 6866 9075 1680 728 8670 4023 7436 2241 5274 1518 8260 252 2258 7990 4695 8454 3281 64 1248 6376 2302 6278 1475 566 9180 2166 2162 6838 3150 1498 3484 3187 6638 1036 8844 1142 607 3210 6761 4047 6232 8241 9761
3740 6053 4927 3335 4892 5694 669 3983 4553 8448 3255 1545 2262 3596 2686 2636 5710 2234 9076 4447 3883 2985 3869 7989 714 8996 3062 8485 9060 2598 544 1 624 2375 1011 9303 934 1110 4586 2748 1768 4402 6259 3134 3261 78 9203 8400 3230 9299 702 2519 8898 6135 5162 4963 612 5670 1613 2406 1463 8587 8010 8451 7063 9275 9007 5892 8755 1457 1095 4090 1731 8354 1787 8302 9703 631 425 6484 4937 3034 1954 5998 5423 4009 1908 4664 8838 9288 735 299 9004 423 4281 8792 5863 6713 3265 232
2047 1101 7631 1754 5772 8384 9708 3404 2805 8707 7504 7299 2833 8752 9138 9071 5774 6397 2943 4516 392 2203 4159 9051 7597 6964 6231 3494 5505 3209 5778 1586 9368 3232 7056 6865 2781 6296 8649 1035 9410 1454 7210 3464 7841 2170 7986 3296 8662 6042 2099 5430 6975 8945 3776 7333 7884 8142 9181 5265 9760 2949 2884 6087 9307 855 3498 1409 190 7758 301 8378 3021 3243 5325 3985 896 9698 862 5485 2525 4530 2043 7803 5456 4656 7471 9029 9123 3916 5270 9561 3994 9654 4203 7052 1191 2231 146 3019
4383 7538 1345 521 1488 6387 1780 7674 8586 1293 6456 6983 6413 6121 5731 5640 7369 8596 6522 9596 2320 9742 1013 3562 8075 9284 1426 4140 4198 8275 6998 2581 4206 1225 9241 5087 4109 8584 7623 6556 3476 618 8706 622 9739 3100 9648 6277 7233 8779 2226 9239 5638 1825 692 3392 4186 7617 2718 8738 3333 4117 3486 5149 9472 2143 2333 716 6593 842 9490 276 2090 9150 183 4942 6584 3199 5706 2343 1366 6328 7703 4896 8065 8985 2146 210 2328 5169 2600 5235 6781 8921 9386 1061 8511 8682 3033 1694
6701 360 3911 4907 3380 1556 9763 6257 8445 3560 9010 6737 6632 2530 994 7211 744 7127 8222 8748 7792 6828 4278 2126 7491 4626 7964 9536 772 7616 3710 5117 5210 121 2472 9072 1066 2957 5066 187 5363 794 3709 7611 3452 7354 4912 2966 263 8773 9494 1808 7116 7502 8375 2200 543 2729 774 2942 4260 4631 8729 8929 9465 3173 5627 8795 3206 8197 4342 5987 158 9442 6349 8804 6288 5948 3426 2594 8672 6403 7319 2465 1578 7599 144 2793 3542 5989 1822 4183 8248 1637 4592 5739 9153 8325 8031 88
2266 510 2066 4884 5476 2590 8042 6883 9151 569 8415 6722 5813 6891 981 7006 2713 5474 9141 6021 4694 4566 7395 6271 2434 8158 3601 247 4880 8852 8223 5641 7245 9306 7943 1154 3844 2479 7926 9122 3462 7694 4684 2661 4315 6496 9081 5491 3760 1759 1950 3695 8437 4213 5552 5545 1670 1067 6795 6861 6671 3859 4784 9242 2276 1544 5118 7176 3120 8961 1487 7066 8859 327 2010 1443 1530 2401 4980 3287 3250 8278 7382 4161 465 8283 6289 2859 2609 8751 2802 1985 3260 5971 2923 6662 234 1423 3435 2353
7706 3945 6381 4685 9697 6741 8581 2273 3128 7654 5344 8461 3957 1647 3487 7230 3304 554 5414 4770 890 1236 2938 1453 4914 4118 3052 5919 1649 4637 2889 8866 1054 958 5782 5405 2998 1104 8416 3192 3056 924 8754 5452 6269 7223 6156 3166 6303 6002 9788 5076 8762 7122 7998 8123 5579 382 3681 1708 9273 766 453 1058 6230 4283 366 5999 630 9198 6379 7714 8646 9595 5714 8676 9053 1930 713 4430 6667 4897 4951 3391 4936 563 798 1189 7227 7424 4309 2692 1751 8243 1456 3805 2134 861 3470 7461
9571 6309 675 422 2475 8781 2854 8314 5061 6126 5589 9074 8266 5591 1146 4751 5318 2195 5728 9473 7767 5271 1329 2791 2832 216 2907 5106 8875 2191 2012 257 7086 404 882 4229 4458 6264 111 8442 7718 3687 3954 4527 7527 495 8578 8933 5155 2257 9350 2310 6228 9349 9278 1096 285 4679 3998 7867 2246 8727 8915 4782 4954 8953 2916 1255 8342 5284 4414 8282 1669 8435 8692 3739 9568 9036 3197 4195 6006 3127 4111 3794 3699 5612 6001 6778 8494 5085 9406 1354 922 1508 8498 1529 6449 2384 8161 7523
1706 1265 8353 6311 6826 1944 5969 3064 2377 4862 32 4903 9032 142 5396 3055 9266 6110 3361 1806 1107 5074 6580 8462 115 6243 8585 7769 4803 204 9215 7878 7475 9229 880 5143 1299 2968 6603 3896 9176 7250 3086 2822 1009 2628 6625 348 1413 8265 5645 1464 5752 7606 3190 1823 3472 5103 534 1686 4828 9179 8304 7480 3112 331 6075 2471 3587 7626 822 4185 2919 3570 7214 6951 4970 1024 5997 4433 8381 4861 7418 6475 1094 8583 6971 4358 4740 3224 3767 3549 6504 1072 1103 5328 2265 6129 1263 7402
1212 6450 4108 5420 2757 3593 4349 6714 8924 8412 2896 536 4948 6721 3184 4033 2843 1962 4816 8718 3070 6706 8300 1383 2347 7760 9720 1307 8328 4284 5810 8896 8056 3049 2268 4988 2386 7908 5927 1308 413 6463 4412 6973 7501 6101 6274 5416 264 9604 1362 3934 8571 4979 6493 107 2621 8232 7192 1486 3528 1152 1434 4973 4515 8398 4408 1971 4997 4214 9650 1951 5893 6173 5277 7618 3415 7503 909 5637 4731 8735 4367 9495 8911 3909 2 9395 5056 9250 5364 6829 213 7744 9314 7463 258 4935 6281 4818
7110 2295 4285 7042 2838 3999 6123 3724 8774 9637 9783 2369 6332 1283 3312 5165 2654 3854 2187 116 102 7057 8881 577 4758 6792 8708 2152 8938 2849 2753 1002 8623 8888 514 175 8014 9591 886 9749 5316 9773 4635 9108 4440 2792 8257 2199 7925 5968 2330 9098 8827 8688 9483 8475 305 9375 2390 1697 1679 8335 278 3046 3420 9351 8307 3796 7914 3208 283 5718 272 7580 1877 3656 6881 127 6836 951 2899 390 2717 8426 6244 7720 6744 3842 1702 6016 3280 709 8068 4249 9142 2881 2902 3168 5186 209
7125 2824 9165 1570 6356 3692 193 335 6788 3065 1890 8615 6835 4789 4663 9511 9023 1001 7182 4137 4046 96 738 4316 6751 9363 7622 9601 8889 7115 3152 3277 1609 7676 2504 1719 3503 3814 8656 7950 5411 9035 8106 6974 3161 1397 3374 1748 3409 3257 4601 1912 304 4461 6471 8208 1786 894 421 9192 3411 4156 3371 6218 1281 7723 1914 4606 8057 943 1017 955 7681 1747 3502 9480 5171 8482 3181 2732 9396 7109 863 4145 3466 9174 6134 8160 8932 9545 4092 1078 2364 2387 1088 8941 6900 9794 7483 5070
7856 1270 1535 4576 6409 8136 9619 9388 4705 8532 2305 7165 4481 4529 524 35 4938 6250 1171 1338 6213 3111 950 4796 6494 5069 4082 923 3965 7484 1844 4570 3095 6414 4932 2481 3327 5208 3170 2616 694 189 4540 2459 3850 1505 9583 8568 365 8789 2385 5531 9456 4365 3414 2182 7941 4147 2380 3318 7459 8035 7697 7121 5053 3693 1336 2694 2442 5437 8362 6930 5500 1440 5522 2150 6649 7393 2332 8903 4373 4266 7104 1567 5231 6920 5566 1745 3875 4119 5543 4330 4546 7315 2053 3455 7011 5800 7093 1504
4735 6383 2435 1824 8864 6473 7048 9647 3272 447 4525 5429 2229 7614 2403 2675 6609 1149 205 2917 8693 2627 7781 2554 964 6341 5471 1213 8279 3879 7932 4270 1857 7248 8237 2665 3670 1361 6451 3200 707 1982 2264 2933 2251 137 8255 4699 5349 4428 153 4190 7600 3552 6395 5007 7193 2747 28 6909 249 9011 4972 1029 5534 376 779 1629 6096 5896 1161 9662 6585 4022 7246 5604 5691 3730 8603 9513 7715 7610 1253 1279 4501 7331 1312 424 4778 1888 2172 2340 4079 7763 4642 5610 4209 6209 1513 1821
3319 6120 2545 1638 3590 5684 5075 192 6297 4767 7139 9337 9685 8100 482 8087 5991 4768 1801 2239 7736 4271 4536 2689 7336 3012 8212 1574 5166 5841 9280 5757 4166 1038 5792 7041 1514 4738 5184 8020 5963 892 4416 7955 3603 2875 8419 2865 9000 2372 8847 9379 4372 4242 5753 8749 3286 6848 8074 2293 8824 8315 572 3812 9202 1849 4240 9312 3565 6680 1192 3594 8611 4549 1372 4554 2232 7833 5783 6246 6292 4037 6216 3612 1491 4162 367 4850 8703 9635 8110 9058 8674 786 8139 6512 9501 576 2176 3925
7563 8153 97 3907 5218 7330 6511 5023 6636 8537 4834 9646 246 3915 4289 721 7531 5916 1770 8954 3569 261 3914 223 9769 6358 2651 760 3050 4877 1732 5865 5214 3826 4346 3189 7558 9543 8431 1619 5595 3381 3238 9332 4978 6307 4045 2925 8360 7880 966 1276 1543 5825 8425 846 8600 161 5276 5986 3551 6845 3242 155 9013 6497 2710 6036 5973 3953 895 860 9593 8380 5394 9426 4436 5943 6351 3217 4077 1451 2220 3841 8780 1704 6555 9678 4853 5428 7790 2913 1370 5099 7920 2565 5352 4350 2599 3098
20 8439 8923 9083 6696 9454 6022 6404 7852 7788 688 195 6048 7103 866 3348 7698 8053 5540 6937 4522 8045 3067 1183 6310 5965 177 3400 3731 271 6080 8572 6019 847 8298 8242 4495 4910 2363 7537 3444 3188 2145 4917 5248 6369 6896 8002 4707 4632 4152 4513 3314 1208 8527 6843 4987 3022 785 6763 1879 4180 5427 9358 4799 6054 9417 7275 4871 6061 693 7737 4134 3448 7477 3666 3913 4368 5490 5024 6924 265 7171 9370 9435 7702 7787 7259 9283 3083 5614 7996 3138 3284 2460 2022 2763 9064 948 629
9707 8117 1465 255 7712 7478 5751 5357 448 320 1388 9008 1385 8261 380 1455 6207 7770 7693 6840 4920 5130 8039 313 2511 5432 6178 1785 1186 4798 4617 6520 6286 4106 4888 3856 8424 3156 9211 6532 6406 4141 4829 323 4902 8198 6563 9679 8567 454 7196 5381 7123 4287 6844 2139 6797 4384 6009 7155 6142 5017 4292 7901 1133 3897 9537 6957 5571 9078 8310 7496 6859 5125 6027 9100 443 1386 9231 9666 1656 206 653 1924 4146 1945 6780 559 6158 7375 6140 1395 6724 763 95 9084 7392 7067 1565 7253
2699 354 6015 3506 6592 9073 5221 7365 2287 2178 6839 9125 1209 329 133 4042 6571 8492 4218 3545 4636 5853 3715 5580 3037 5606 2807 4878 7366 722 596 9716 4981 6685 3010 7650 342 8566 6784 8005 8296 1363 6443 2473 3513 4233 6767 4409 533 8467 3941 616 3125 7832 1160 8891 364 4322 571 1217 450 2405 6624 8036 3924 8171 2513 6210 5412 584 1997 1460 5508 9573 8963 1636 7985 3026 2673 9046 8605 25 8423 6367 2422 5321 4702 7701 8737 6083 7425 2361 3788 3053 9133 6798 6160 703 5822 3738
8122 6337 6299 8011 3967 7865 6325 6589 7175 1892 6324 3446 6432 3108 2817 7411 3646 1741 8264 8436 9344 706 1585 7988 2242 6863 3892 8030 9582 8935 208 2097 6889 1721 6668 7277 4759 55 9542 2685 6444 4838 5593 4364 9562 5177 3240 6637 3427 2269 6617 9019 1682 8493 6978 2417 6255 7542 1906 6118 2631 7019 4573 3097 5660 4089 4831 8055 4720 8955 4296 4771 1068 221 7178 4913 2779 1059 492 7292 5727 6239 3015 5393 1577 4243 9099 6600 8383 7574 7979 9600 6046 2313 1576 3269 3613 8357 4323 9509
9512 4215 3713 167 7264 4155 7604 9569 4757 2546 13 4841 8009 687 6185 4971 6548 4394 9022 378 1884 250 8288 6893 394 7550 5 6270 4535 2483 3264 3417 3004 7906 6787 705 3964 1698 2756 4317 4220 4321 6657 4864 8477 2786 7505 7204 9706 3550 476 8515 8642 7036 5138 56 1677 1614 4191 2814 3761 5256 8811 2345 4813 1587 172 2319 2169 649 4996 6895 4574 1310 3110 1547 6037 4873 355 3753 1926 8849 2844 4238 3824 4403 8115 9290 2795 4332 3377 4748 5804 517 5374 9740 3101 3442 5942 2164
6433 9602 371 6327 2989 8109 787 1106 5936 67 4560 346 4100 1846 9263 6434 4175 6261 6565 9715 2163 1193 1360 2804 1145 5308 4867 4830 2185 7267 3289 1126 203 2749 782 1261 6932 6885 2202 1006 9158 910 5598 7559 46 4169 6285 3704 1316 1282 4596 5238 349 2467 4894 8699 9324 1156 5903 4676 3069 8724 5801 5815 3251 8637 8817 8756 1658 4407 3303 5181 7798 2321 2537 1746 273 7820 8058 6226 1739 3073 6272 1783 3195 1927 6505 7518 41 228 6041 1722 9567 3180 9233 2416 3926 6967 2527 2505
1615 7499 18 9087 1269 2440 6245 6353 244 2509 941 2593 8721 5878 3711 4991 1707 1048 874 7350 6912 3525 8340 3634 5032 8104 1873 6025 9156 198 2040 7027 4854 2809 1321 4746 5484 6528 8388 9212 1219 8916 7524 3832 2323 8536 8681 1496 9086 9 7685 3981 4163 5268 2128 3516 7118 748 9412 9675 1339 8790 6855 4837 53 5683 5008 9686 5850 4521 4174 2789 2148 7217 686 1403 9328 1416 2420 3268 2275 8044 5868 114 4900 5879 1760 7994 3399 9255 5359 6820 5052 1502 6960 767 719 3694 6323 6631
8407 3853 6024 7649 8179 8396 5979 2866 8420 5144 2261 8330 1974 2297 6065 184 1996 6169 5496 7069 674 9114 9143 7285 4780 784 7725 7977 5569 7304 8291 4756 9264 7305 5711 8182 5784 1393 3894 7386 1470 9658 9524 7750 4681 2315 5417 9687 1864 1143 2432 1027 3918 6599 690 4662 8671 4787 2421 2135 3620 528 4769 1005 1712 6084 7607 8405 4643 3807 8987 3885 7627 3649 1810 150 1630 5028 5918 5765 3221 3522 1332 3984 8939 8290 5310 8033 1562 4514 237 5738 8280 9712 7658 971 2108 7956 2797 3068
5536 3310 8256 6291 8422 8187 3987 245 2895 7808 1074 4969 3927 7885 6031 5329 9066 8037 789 2418 642 8393 4261 6846 2378 4660 2890 1125 4584 8167 8565 4153 7473 2837 9597 1117 9792 1238 3563 5643 768 1441 5547 5812 2236 5120 8177 3888 9329 8007 5094 2004 1517 9728 9104 8794 2186 9012 3469 4399 6378 281 3239 9065 6442 5097 1053 9340 6189 8086 9201 6941 7888 6801 726 2140 4470 6225 9360 3653 7641 4872 3325 5635 7457 2149 7609 2216 7633 6536 8348 9237 6672 2087 7278 5077 92 5715 2263 6112
6587 7151 3723 6635 7076 1271 8070 8870 3921 6211 3686 1373 6590 1659 1601 734 7579 7567 9594 2955 1590 8629 1662 8453 306 4941 757 5030 1955 2455 4651 2344 9751 7679 580 2468 3772 9791 3422 6949 4823 473 7645 8131 5689 5740 6796 1324 8768 4961 6339 2742 7113 9621 4212 6650 7158 3952 9642 3865 4710 7111 2798 5187 6469 1481 5455 8163 8272 5402 7062 6597 633 7634 5504 3253 9391 2496 3835 715 9240 2886 9188 5530 1330 3418 1252 9592 9614 8949 4889 1079 5898 6251 1767 3398 4666 6078 7334 7995
4645 1843 2547 6352 972 3032 8003 9214 8366 4595 4886 2028 8311 8484 6666 437 6880 8686 3389 5704 1378 2335 6955 6066 4498 5083 6368 9607 8551 4934 1123 5834 5761 2457 581 7288 9750 4967 6079 2634 403 3744 3071 925 8234 661 4170 5885 4725 5712 4551 3129 5799 8464 2192 3868 9732 4265 2962 4320 1399 6928 905 5442 2778 5050 4571 9206 7899 3895 4940 4582 2160 7361 4556 8452 7198 2873 2314 864 8874 5819 6133 512 5178 2030 869 2337 6688 1819 7937 8622 4080 2474 6227 7520 3297 906 1788 9616
5239 9253 5525 7973 2024 2591 1506 4597 1290 993 1940 1648 2271 2878 7981 8327 6542 6071 118 7799 2462 9643 4068 1291 9095 2967 1989 489 8094 4953 5675 621 1548 5615 2709 7740 1752 7812 6963 711 7966 5664 2426 2952 7876 4531 3460 8712 7963 6554 9116 3077 2480 5932 4612 609 9190 1462 7028 936 6069 6195 3473 6298 139 6578 7284 1705 2006 4977 7133 7241 4259 7710 5666 1151 4638 8573 1459 4363 5779 3091 3779 6972 9487 3734 43 7508 7044 113 8906 4585 2948 7472 9576 916 5746 2057 8216 1099
7918 7234 9393 5749 2102 6052 4600 1428 7897 663 4093 4031 4895 6157 2136 623 1257 9787 3507 1531 3346 9216 9615 4248 5837 6196 5548 5319 4468 7078 414 151 2691 2395 6312 3866 3732 9230 490 4505 5839 5663 6663 6419 1865 6993 7168 743 3379 8313 4555 1376 7848 4696 4 6170 6812 5185 8403 8876 6755 6543 7629 7435 7978 5838 6188 9450 147 7729 7954 3992 58 3591 3236 415 8555 8619 5795 7552 8969 5182 5824 85 7844 7205 438 7213 1025 5671 6857 4743 7911 5789 7321 4797 8090 1572 19 5460
6942 411 7282 6581 7144 7690 3616 6915 9096 8253 8118 1967 4493 130 7180 6550 8960 230 957 5668 6099 7842 4815 3655 9622 7007 6014 2604 4313 318 871 900 2520 6989 1594 2219 5961 5027 9691 5194 7578 3598 3475 6664 1396 4020 5499 9109 3266 4359 2159 9315 4875 6785 6574 5343 9270 1077 5121 280 4442 7280 2548 1803 7357 8397 9254 128 8034 2856 4952 2050 6125 3845 634 7783 6537 4750 6811 2790 7239 1970 3940 3131 7426 3843 4016 1793 9570 5282 6911 3080 8083 4899 2111 1221 875 701 7517 9267
5808 3387 6659 300 5992 6790 6531 6608 2820 6117 2731 3035 2582 7432 164 417 652 5478 9261 8593 7568 3496 4845 2897 4003 2083 1663 5515 4054 833 1693 8736 275 5555 511 6515 3114 6247 2672 704 7107 4200 2562 3958 5950 7691 3837 4580 5296 2289 4438 2350 3453 6934 4348 2703 3018 4736 9191 7035 9193 6633 3617 9228 7863 8021 2016 471 2988 2486 1738 1534 859 7494 99 1114 2103 9400 6330 2635 1934 6917 7029 3929 6438 8433 8771 3531 3899 8563 3443 9471 2252 7084 7383 5113 8658 9135 8263 885
6604 7276 455 946 6808 3644 3394 2580 6004 3291 1964 5514 4503 2000 5046 8757 9683 9795 4176 2011 1249 5338 409 145 8046 6217 3808 3554 9225 2029 3990 5031 1435 8832 1922 6727 9107 2758 1493 3247 2981 6038 7316 1461 8091 6373 6049 603 9563 8744 226 2354 4511 3294 1611 7687 4094 2574 5621 3059 2206 2901 66 5055 5754 396 4704 5253 2499 4040 8530 1081 7161 6534 5195 5482 6651 7811 2668 2638 2612 3092 4729 5134 314 8450 5434 3935 5093 6313 5527 2394 1262 3457 9111 496 6076 6621 2887 5488
8734 5925 1108 4043 374 7855 1641 9784 9042 5597 6622 6871 3401 9044 8812 3801 978 9610 2766 1863 2589 7415 6547 1709 4337 6462 9057 7577 5140 8582 9137 1444 2414 8323 8861 9609 1541 4641 9380 7700 4067 8632 5236 3087 6823 7831 4168 2351 2082 4508 7858 4051 8667 3424 2893 6773 6495 5311 486 9690 4143 8225 5084 9405 897 77 1730 8709 9365 8892 1847 9528 2563 2664 59 7938 2398 5906 7639 2523 9079 1573 4173 5333 7560 4628 2437 3117 918 6868 6392 6782 9182 4732 2247 1640 7745 2559 5089 6710
6067 868 4653 1799 2826 1831 8820 8026 8047 7859 3791 7170 4817 5849 9502 2715 1128 3172 2492 1115 2684 8822 819 7570 7238 6824 256 7721 4344 5062 4061 5439 3440 3449 9423 8819 3758 2371 655 7965 7092 4548 1869 3141 3292 647 2657 659 7556 1977 8465 9238 8024 1672 6945 2991 6524 9719 5891 1510 1400 4966 6498 535 201 9477 3821 3882 9789 4451 156 2008 2744 7460 8213 5072 6986 3177 982 9200 6314 2603 5780 2034 8001 7344 5871 1177 8440 4269 1805 2188 2972 4210 7054 813 4142 4059 217 8871
513 7051 7325 6043 89 2557 1523 1550 2042 7546 8837 9670 588 1018 1375 400 6768 3641 4700 4755 5557 1512 5206 1314 1540 4272 4063 8793 2469 5151 4099 2618 8745 7849 805 5554 960 2154 9059 4032 6197 3211 3201 6527 5198 6174 3382 733 2842 3118 9606 1536 5912 1769 1092 7146 7488 4785 8176 5345 8438 62 1792 3468 4709 6115 8920 2839 4557 2248 442 4485 9630 7814 416 3005 2683 6821 8776 5246 3102 9420 4379 4723 5148 6652 2629 3972 8305 3736 5797 7565 3810 8931 2376 8544 8165 4714 6559 4848
602 8786 8652 4066 1781 8620 325 2959 1521 2697 7913 2605 8894 750 5073 1348 211 3619 7596 8309 740 7716 8456 4148 6147 483 8395 6360 9160 546 7635 6594 294 2780 2352 7358 3271 7678 4766 2031 1075 6346 3372 8379 2526 8374 664 891 4524 7355 9387 7070 6549 3282 1533 5677 5574 435 542 7768 6872 5041 307 5048 4115 6958 7147 3492 4545 2391 7834 7022 9366 1582 2752 825 8627 4703 8287 3754 4879 3436 791 915 7221 3672 5387 6063 3139 1039 754 5139 1247 8902 8750 2740 944 7090 8521 3465
1592 8250 3833 3546 5616 8166 9558 7163 1632 6268 9021 2716 7021 4355 3989 2138 2308 4923 4307 7159 2303 7252 6407 1969 2249 6028 532 5546 7225 2365 4454 4053 2947 9030 2908 1654 7020 3652 9497 8107 6390 1795 4737 8301 7874 5934 3205 2921 7157 5523 3278 7351 4777 3256 7064 9061 8972 8344 667 6982 3234 8350 4939 2721 2946 3574 1905 9281 5245 260 481 4946 4001 6148 7360 8540 5537 3942 564 5365 292 8696 2324 883 8887 6888 9343 6867 6754 8245 7739 3237 2063 1430 4944 3403 3537 5859 9427 6457
3451 141 4445 8868 7936 4273 4974 939 4858 0 6478 1804 3090 6862 8162 3167 8747 6429 5142 5506 7059 3658 3122 5501 3489 6283 3717 1272 549 2714 9665 4491 5876 1802 1164 7260 4644 3743 6910 4995 7324 1124 7624 4247 5947 1773 6086 166 4840 8478 5933 8259 5086 5289 312 1966 1157 3113 2524 8169 1583 5625 5888 5108 7320 8349 2764 8337 1539 1277 5613 2454 8333 8207 3360 8927 2898 9041 3547 3877 8227 7398 970 523 2493 6151 5833 1596 5443 3061 8714 6355 8507 1446 6921 8977 4086 1830 3600 2127
1429 2456 5572 488 840 6645 2081 9218 9634 8640 6491 6564 6108 1294 2531 1391 6771 3007 3566 3368 5586 5154 2617 3030 5503 2585 6436 1929 2130 1850 7409 7058 6454 324 9649 4275 5995 7605 8701 3437 6901 1894 7843 2452 5334 4120 3370 3763 7456 1057 724 8850 4434 7031 5662 3961 2358 5549 8154 3548 9626 965 3631 9210 143 5798 4602 40 4005 9753 2724 6980 117 2027 1007 8588 3298 1166 7419 248 6760 8252 5848 6003 7593 3429 7773 9132 4959 2544 2190 8722 8126 1198 3900 2611 5720 6610 1111 4362
3997 889 4744 876 1367 8525 4992 1163 5180 4968 7669 9017 1525 7467 7312 7875 2223 656 5353 555 9754 4575 3191 6398 6712 220 8777 1379 4060 6526 3797 7207 3358 6776 5067 5702 3572 5676 2803 1928 1852 6708 3088 7894 8387 34 2737 4193 135 2318 8589 6733 9444 1681 1317 5655 8981 6684 6354 2113 7073 2304 6470 6460 7266 5096 310 548 1322 6284 6306 2106 7040 7532 242 6745 5820 385 7400 9527 1364 9488 1394 7731 5817 2767 976 592 2109 9448 8829 793 4415 6962 1084 8408 4171 3412 1919 1223
1014 5467 8016 8570 8909 3771 1319 4622 1422 2876 2577 856 7643 1086 2193 9172 2464 4474 635 5521 4157 1489 590 3043 129 1711 1478 8027 7980 9559 5806 2317 9713 436 4479 5015 2610 7728 7810 4144 7314 2215 3140 671 3872 3718 9764 9130 6834 48 8159 4310 7648 723 984 9443 4906 2018 5743 9667 2806 6841 5418 1744 1120 1325 7380 2041 1188 7877 8799 5205 3220 1256 8978 5967 2906 5368 8108 7367 4178 2976 2597 5977 8015 9461 5255 4719 587 3306 2653 5285 7309 4866 2615 640 9336 8447 7983 9002
1289 8505 4921 5928 6990 108 1812 9589 3326 1551 8103 3757 235 3625 3076 8661 5168 7784 399 2430 7668 4150 8029 1087 4462 4532 585 5832 1129 4986 3204 6295 5914 3948 4325 3677 6492 1390 3413 8175 7507 9048 1581 6365 119 2098 1931 7201 9219 9333 8224 5222 6106 7149 1749 1558 3308 1634 2679 620 6258 5568 6486 2624 3085 9016 932 4199 2039 3720 3639 2630 7131 695 9756 6081 4253 6100 6479 7303 5866 8059 837 5461 8683 6611 8965 7388 1230 3969 3171 7555 7982 1901 106 6445 6715 6447 3536 7199
797 6143 9463 2444 4646 6925 8040 9464 1343 9556 6229 5230 6634 4665 3922 9295 4765 1224 9361 5922 1295 3857 1684 7445 501 7743 3135 6719 5290 597 4405 6996 123 746 1226 3514 6152 6319 5840 2356 4295 4070 1703 8628 7766 5193 4885 3906 725 1398 4849 7785 8523 2291 2613 7479 1174 5384 3405 3089 330 3839 9611 4202 445 3047 5542 5019 9028 2189 2267 3198 2425 8678 1527 1755 601 5291 63 6804 4647 4380 2573 7582 9747 6726 4911 1742 2484 4102 7406 2553 4539 2094 720 9709 5745 5438 2218 7835
7620 8946 4194 8966 3960 8690 3081 1037 9159 8246 3726 4833 5623 2092 2312 3643 11 7962 9613 6202 1599 7615 3142 7301 6375 7188 3162 2662 7929 8202 7189 3357 5535 86 4534 8967 5350 6882 7893 6008 1714 8062 2065 2522 3996 8956 3016 1507 4741 7378 3307 6583 1655 2120 3898 461 2003 516 2977 5112 350 5884 3891 1628 6287 7343 4074 2785 8609 5907 3599 5202 1100 4713 3847 2534 3126 6856 2858 5358 626 3966 2233 5454 2470 4613 8694 1516 2463 8421 8991 5133 4887 3410 6348 4114 4593 9296 9385 6149
599 1071 6892 8506 9758 1415 6467 1848 1196 9702 4103 5146 1031 2211 224 5312 8994 8406 1056 5441 974 8116 5042 1883 8262 4300 9034 4423 790 6952 853 4776 3107 4083 7621 7290 8476 5908 942 8782 4891 6279 8269 5978 3212 7583 893 808 5370 2538 4496 7868 9620 2772 7200 5172 1479 7912 8105 9772 9401 7244 3762 7033 9655 6280 1008 2535 2254 3149 387 1743 648 6558 3691 5361 6062 4489 3105 6553 87 2431 2336 8499 1251 5887 333 8338 4327 7764 838 3618 1162 670 3153 98 303 6819 6519 5436
4718 7818 3163 4246 1898 6992 717 3521 317 1494 7298 3527 5583 5983 9529 2038 898 9555 6181 1903 3741 4334 2338 4627 3553 2306 1452 1963 6518 2433 5259 2498 4661 6090 7576 6605 9227 7749 3809 2751 4599 7642 573 2568 7075 2093 980 1220 1878 5931 1727 101 5251 5273 9246 4983 2129 5302 5174 8006 9692 9127 6064 2013 1588 7271 1122 7931 9564 6961 1195 5590 7809 9766 7755 451 589 2393 4726 1043 4543 6567 6301 6598 84 7030 9377 8219 2539 295 2529 9730 4460 8606 8268 4851 7295 8285 1856 33
1032 689 4055 1417 9091 3186 4801 6336 3285 9232 1607 1602 7397 6017 8556 5559 2243 1862 1341 3637 2681 7774 9669 8135 6500 7797 5958 1311 1148 7138 1909 545 9285 2171 7741 6623 3479 233 5826 6693 8181 9797 4484 4781 9345 8705 8522 4874 2769 4071 6427 8601 4519 9498 7948 7594 4172 3441 7910 3811 326 586 6985 1915 8659 1941 9519 1986 7887 6138 2701 3834 9325 6849 5735 6525 7961 9451 769 3780 1904 9341 539 983 6612 7813 2383 3611 75 2054 2831 8361 3700 8715 7946 334 5781 6363 606 1814
9390 1485 5264 6994 4639 6837 9292 5395 2327 5519 3893 4510 3500 1979 1292 8444 1949 6437 5324 6766 5605 9121 5043 9768 9734 8834 762 7272 3074 1369 7902 9194 2466 7573 1355 5385 5587 2207 2051 5845 1624 8971 6752 2388 2488 9419 3671 2841 6047 9738 1657 3461 5697 9581 677 8008 4050 3274 7821 4378 4130 6541 5769 6940 1911 6139 7717 8880 2256 6935 5369 4839 6145 7851 4072 6966 4788 4876 9757 6344 4234 1315 8778 4930 2286 8218 9798 7711 3072 5578 5945 2821 6734 7097 2174 214 4127 508 8471 6059
