96 96
2605 771 104 6181 452 6226 1166 8285 6264 2544 2260 866 3546 5198 4142 211 4600 5319 5973 7736 3372 6702 7330 7294 5308 808 459 5134 3259 8148 3301 9030 8813 6683 3318 8114 2219 2265 5075 6219 7883 9200 6472 6800 2216 2014 145 6967 2989 2034 7591 2820 4440 404 1301 8189 3187 916 7612 6343 2834 6137 9193 2600 8935 4169 5548 4124 7254 4729 7043 1928 6606 6773 7115 529 4425 2496 5919 2937 101 5755 3814 5475 6192 7389 652 117 7631 9077 8140 262 1135 2741 9140 6877
6145 3769 5059 8331 1324 3897 2597 8816 7452 3337 7220 3924 7312 1821 2902 7642 8805 3406 5834 2390 8139 1657 199 1172 7904 7266 5775 4206 2804 4747 1929 7845 6494 6231 4656 48 4930 6837 7079 641 4538 4617 8142 5158 7289 4671 412 1272 4407 6381 4452 6370 3840 8029 6942 4051 3207 4280 2183 5630 4827 2047 4458 7061 7959 753 6518 6642 6328 3021 1188 8550 8276 8786 6635 4906 9086 4826 3403 6249 8450 6445 7057 8135 7463 4486 4785 7390 2456 6674 3112 1726 6451 925 7776 3267
2098 6991 5905 711 586 4833 662 8916 8452 4062 7722 4677 5561 319 2095 7721 7730 2528 8522 92 3220 3986 562 2088 1575 3591 8491 4804 1285 1718 434 8244 1570 4840 7311 8599 6329 2898 8017 7775 8801 5148 6178 7485 4365 3239 6443 8439 5800 1084 3224 6369 8165 7848 909 4400 8026 5901 7342 1159 4260 531 7894 7649 598 5234 3978 4087 6644 3265 3858 5256 7609 1136 5832 9147 6435 5392 9129 4034 5407 3048 4921 902 8733 5676 1595 4226 3953 8759 6943 7219 196 6097 1740 3314
6840 7138 506 6212 7634 3959 2176 6255 5210 6525 6557 5083 8492 7732 7068 7351 4360 7020 4250 5601 3157 4036 5186 2461 7234 5585 152 767 8422 1206 5145 7833 5259 1705 5995 202 718 6747 6280 5906 3530 919 8257 8527 6032 5088 6752 6233 4268 329 9089 1023 2206 2969 1193 5315 2710 270 172 3007 5284 7075 4631 8005 4603 1979 7617 4255 297 4813 1550 4913 3210 826 3794 7520 810 4912 8301 7693 8731 927 5446 7142 120 2070 4414 146 127 1398 5583 7751 3887 4174 1596 5643
7807 7542 2978 134 2549 594 6559 8814 3222 4523 731 3865 6265 2944 7217 6071 4654 2743 1158 7283 2773 9138 700 5726 8127 9210 4879 3683 8052 8155 6631 6084 4025 1303 4271 1635 7995 6230 232 4027 8899 3758 7241 3209 1098 2351 7613 624 4751 3669 5654 6341 8270 1642 3779 4923 1533 6639 3461 3540 2721 7696 6327 8667 2295 2888 8188 7013 8538 2589 5885 1572 8235 6098 2918 7861 3580 3185 5384 3885 5846 778 497 9178 8400 7359 7421 3026 7795 7017 6173 351 4251 3345 2474 4597
6553 2732 514 1869 466 6612 2365 6129 4695 5575 7651 4955 1354 5636 4473 8834 8708 4237 5803 7560 7816 3949 3615 1857 2646 3216 6812 1124 7152 1028 6781 6563 3022 288 4379 4279 2017 6902 2736 7109 4401 3281 6659 4332 6305 1676 6743 379 5117 6615 6457 1754 6047 5655 3706 7940 4732 4432 6296 5282 5452 1308 3374 2459 6044 698 1167 429 4919 4278 86 6654 4199 8984 2410 5391 7977 4987 5804 5115 4114 2488 5929 8156 5449 5288 7827 4549 266 4362 8414 1975 4354 813 3127 7895
770 6285 43 2572 3834 8640 976 4254 2275 2508 4223 8600 1877 4291 333 645 8199 7519 7336 1302 7911 2570 2716 6053 708 5814 632 5684 7585 137 8775 9192 5438 4938 807 4608 2363 7947 7556 7231 7416 7151 1293 6292 6597 8393 4971 1753 1531 8913 8351 2676 1460 1771 2785 6112 2948 3033 1651 5038 3488 3089 8430 5214 8985 7403 3338 3708 1024 396 241 7793 3384 7247 2247 8493 5651 8453 6836 487 378 318 495 6093 2674 8560 694 7972 7787 8622 1970 3611 1611 1738 1992 8968
3448 1677 6302 8611 6197 2573 6665 9059 6636 382 2019 9057 5022 1669 1778 5946 4842 5705 7103 5809 5187 8503 3528 521 2398 5847 4881 408 1255 7291 3156 7637 3390 1226 1910 3113 2483 8069 3059 4818 6454 6637 8208 432 5506 7167 499 4776 734 6379 2832 7782 8732 1009 8583 2211 277 5045 2657 999 1243 4202 3837 8617 3376 4992 2108 7149 3703 3960 5005 3361 5505 4302 255 1349 3921 8921 5498 543 794 8286 5270 7000 8075 2842 1304 7197 6336 3079 6407 3654 1530 8721 5852 1604
3114 8515 2501 8702 1020 7650 295 8274 2901 6915 8621 9017 4170 4461 7662 5783 5497 3593 7386 1839 1426 6423 5127 5787 1682 8941 8003 1133 8876 3817 7194 3470 3543 3695 5934 6537 1118 1664 5591 1834 1785 5495 4793 5246 3342 1449 8557 5216 6491 5416 6075 7744 8551 8338 3011 4399 78 3408 8915 3569 1258 1047 6684 8508 7170 2165 3627 7781 4190 7929 4997 8974 2687 7122 3958 7881 2609 5635 5773 3781 4056 8458 4144 8947 3219 1863 5751 6653 3532 6169 6962 6434 1428 3985 5092 3395
3080 4632 3935 9075 4722 2464 6061 4451 5709 2824 7679 3818 76 7322 3331 7014 9016 4396 5972 3928 1338 2965 1692 4495 8911 4429 1180 2407 5363 3886 2240 4548 4304 6104 8698 2111 1815 6121 7427 8185 8094 3797 2871 3006 5183 6575 8093 9098 1871 5970 9114 3912 2515 3303 2113 2119 4413 5341 7942 7575 7703 7950 4709 3105 1532 8645 6359 4758 465 1064 2963 2163 7818 1019 8275 424 1079 6099 6905 2125 1069 3161 6199 7379 1880 5015 3055 3760 6933 4575 478 4734 1102 1750 2010 2878
7718 9002 3375 6708 7791 6039 3492 6772 1835 887 6306 5459 712 6990 8309 3713 4522 573 7993 5743 5511 12 7659 6090 7211 3934 2473 6596 6992 6238 6216 6450 7315 9179 3133 2680 1015 1007 6810 163 198 4573 7934 6886 3811 878 5047 3694 1051 762 3714 5772 1485 182 5287 7491 831 2372 6342 6142 8398 8910 3242 1424 6874 4186 1052 6354 8505 2610 164 2613 9134 7050 6742 8938 1786 1918 3341 5257 7009 5118 6374 5785 1873 246 4796 482 8969 1061 5915 2598 1624 2232 4545 1068
2073 7054 4536 9025 6763 3560 3742 8206 7397 4999 4917 8196 6001 8908 2882 7497 9139 7119 7125 6847 7864 4824 5037 377 1907 2439 7946 343 727 7487 8392 6352 1700 670 4741 1887 3583 8184 3731 5142 5493 6067 1731 8523 7205 1586 42 8534 6188 7264 4914 7844 8323 3507 2718 4143 8573 8461 8055 191 5609 4679 7625 7587 6161 4267 8486 289 7448 8032 1192 364 9069 5911 7761 2807 3862 566 45 1849 4686 4462 4101 2140 4134 7860 2851 3589 5068 6286 4029 4708 6426 7817 6452 6675
6879 4664 7539 4070 2665 4986 8499 2857 3692 2123 560 4073 2475 6281 1410 5792 2823 8800 1712 52 9157 1116 5909 4229 3044 3578 4720 5888 5540 9006 4166 846 8741 5944 5200 6853 2889 4742 4765 7915 6979 6689 1153 768 6866 8597 7923 7627 1128 6167 7092 8269 972 6705 2090 3270 7771 5794 7626 4861 2241 3295 3785 2044 2495 1311 4239 6891 6123 601 8923 5500 1431 3544 5955 3651 8268 5939 1004 6540 3308 1779 4284 8368 3139 177 6617 3005 2670 6969 1525 5314 1840 6002 4823 3056
9150 8194 6348 7558 4026 4040 8884 2414 6514 8981 1259 4457 157 8049 6841 4485 1683 2649 3857 1149 2022 940 3750 4764 7840 3531 2663 3832 6402 2002 2362 885 3057 322 8595 5348 9194 4810 7620 7157 7455 6422 949 7168 5740 2233 8472 1093 3166 3998 3972 294 7496 268 7789 395 8976 8484 2899 8683 5859 4341 2934 9073 1022 5954 1013 9143 8868 6154 4337 8528 5626 6858 8449 1421 8180 3977 951 650 8468 8407 3876 3992 6914 3527 4516 1630 4286 6141 8511 6273 6543 13 7835 3720
7460 906 7371 8569 4471 1964 6295 3485 9001 5817 2469 530 1933 4359 3234 3129 4148 2279 6542 7932 3738 7896 2897 8658 4884 4546 2958 6863 6431 1901 3932 1982 2331 7740 7368 3612 1730 4131 8501 8141 8322 4748 6570 6072 6052 4933 1996 9083 1198 7511 1088 1244 6534 1872 6975 2560 5521 8306 2533 4762 7174 8343 9092 2306 7249 4489 6510 2444 4068 5617 4544 2707 7310 5577 7101 2635 5494 1140 3585 4289 4340 5724 8850 7867 7522 7080 4385 6486 8647 8059 4266 4542 1365 5822 992 2106
4529 2143 1168 2915 6672 1288 7772 3665 6312 417 4676 6446 7870 8353 5994 8279 8649 5064 8919 9034 4480 8426 5400 4890 8891 5721 2780 676 9013 950 1146 2879 4459 5985 6102 4700 8824 7669 7837 1667 9014 9051 1143 3639 2982 4967 7862 8358 3910 2604 5331 1000 2852 8628 6311 3867 8111 7698 4655 5861 1119 3225 3772 798 6731 1029 5528 4873 1456 2750 6309 1320 1969 2194 2582 5701 2643 2923 7345 6601 2812 9184 7569 1736 5013 5351 5747 6651 1582 1404 3689 721 2747 4675 8496 7604
1560 4218 8797 3895 1602 7480 2502 1492 1789 2239 2947 6177 3652 4468 1434 4642 1521 366 1099 6485 4371 2668 2066 1867 5855 3359 3743 1825 2693 8791 3474 7838 4965 9049 376 5597 9012 3243 8118 3071 2185 6787 6290 2884 1583 222 7015 4307 287 1260 6430 1005 1247 7572 786 5486 308 5653 3754 3655 8571 1232 1233 1240 2941 8441 6315 1219 9031 9182 5031 4869 8780 6073 7599 150 6940 6236 1945 6578 1707 3943 4887 713 6808 7998 6505 2285 6227 7298 416 8095 8402 7059 2084 7853
218 4627 2300 6416 8065 6929 1889 6972 2038 5345 1673 4735 7814 1101 5322 5166 675 4828 1814 5534 6395 5220 6204 5151 7402 2370 755 3922 8237 2419 2805 4139 89 6897 4891 7008 7545 2465 5798 489 8586 5349 571 1836 5750 7107 5253 6906 1822 9020 1605 4707 8247 7046 2067 2122 6160 5128 3442 5623 3511 4885 1592 2117 3325 9215 6009 5056 3501 9173 2031 7684 8761 9155 1559 8547 939 8815 2998 5788 5554 971 1810 1973 4527 7475 5662 7755 3498 3861 3040 2788 4444 3728 7313 3647
2237 6770 5089 7244 3424 1581 9132 7553 1601 4055 1120 7178 945 3999 481 3335 4128 5567 4959 6816 714 5541 5828 3874 4931 9095 2253 1898 7196 6214 4535 5130 3212 4419 4447 639 4402 1917 6978 2455 3257 3287 6556 579 3908 717 8581 6201 5664 2393 8680 5330 32 1791 7229 5765 655 1733 1335 5570 4338 6680 193 7937 2087 5441 344 5352 3160 8242 337 2146 8320 6498 7163 5863 7892 6274 7938 1993 4977 7207 9091 3119 1190 4378 4475 3032 2578 8281 6733 6666 5167 5032 6872 5968
3592 5869 891 8084 6365 7166 7623 6453 9145 5453 3182 8966 7873 3778 4245 1215 1358 2003 8766 6870 90 7503 7339 5479 2521 3711 5606 2396 97 7831 6033 1438 3453 7611 4666 2988 7447 4203 3710 5851 3283 3149 2222 653 3584 5087 7202 3539 8212 750 8743 5520 2000 462 960 8384 1011 6469 6257 4578 7852 5517 106 447 7277 2776 6115 2058 732 1505 5030 3756 6003 6427 1591 8888 9097 3489 68 8575 3586 1499 4163 1034 3241 7385 3561 3093 4387 1366 1744 235 1391 6628 2956 5476
8312 1723 4937 4032 8688 4011 7299 3784 968 7343 6156 7206 4713 6932 267 5173 6794 6504 2387 7011 3970 8497 2696 4896 6209 568 5066 3336 1721 4381 7354 2403 8998 6036 5563 2764 8990 2050 6682 3389 4811 5671 8299 5018 6496 3088 1538 5669 4422 1384 407 4209 4311 1032 3595 722 5778 4106 2392 6626 8993 1174 7918 4173 3363 6817 2447 8224 6551 4319 5932 7876 4136 2057 2615 8783 4314 4815 1804 6480 8057 5593 7370 219 7280 2429 6035 4834 5951 7084 1860 2074 7062 7468 6949 2596
5050 8773 6544 9163 8661 815 9133 8182 7586 2608 1504 5668 5903 1048 8162 5805 5240 5302 3746 4292 3085 3347 7965 5424 6347 2120 1411 2427 799 7029 8517 5784 7365 282 2489 3450 2027 8960 2386 7019 6701 8390 2748 7156 41 8596 3556 2001 2868 7636 3538 5316 7412 7596 326 5192 2490 1819 2144 1145 6229 983 6152 5346 1597 5716 131 6532 3481 6859 8037 4386 7839 4934 1971 7483 8879 4969 4526 8619 8603 5357 518 6875 8159 6391 6211 4944 133 4662 7810 546 1176 4118 5547 4839
8204 8543 8643 7134 2692 238 3991 5455 3997 3660 3269 3204 6605 136 7551 2270 6193 981 952 5987 6198 7361 4375 6182 4272 6323 4880 5685 2055 4951 6545 2813 8042 5868 334 8030 3066 5572 3264 2633 8689 1879 4812 4380 7048 8090 7541 9148 8470 1813 8045 2294 7897 1040 5900 7481 4084 5150 4343 6918 1922 501 1515 8978 7737 5448 6862 6736 7261 3727 3003 6852 7701 547 6610 7891 4356 3919 4099 5982 388 6806 7719 8193 7165 1942 6314 2626 4653 3069 4699 8682 2334 3300 2506 6081
1946 658 1356 8977 2756 7510 1067 2744 2976 7269 1967 8756 34 6016 2511 5940 7329 6901 8833 8519 5365 6398 4966 888 5432 2266 1010 1097 2312 5728 9063 6927 6215 3445 8705 7930 8882 3333 8769 2472 7078 8378 5979 4328 7482 7750 1162 4490 3015 4550 5342 7016 6819 7076 2377 4467 7489 6842 7797 7632 2539 4560 4182 6056 5779 8674 8132 5993 6158 830 7038 1655 5320 936 7478 6755 7466 5419 6059 358 6417 853 2523 2579 1474 8652 3447 7344 1453 3036 4081 1455 6502 2500 659 3791
6466 8782 1127 8086 492 1390 3899 4244 5562 7307 7090 5275 5508 6938 4377 608 4882 4157 2329 1757 5447 4063 4585 8136 6460 709 5454 3793 5622 7680 7065 6243 4494 2416 1493 2503 5732 988 5796 8799 4323 4922 91 8932 5998 6380 4100 1003 7764 9175 3480 4097 431 3562 2378 7851 4156 9189 2977 1317 609 8972 1837 4066 7665 2094 4214 7469 4331 4865 3930 4030 2089 309 6017 1362 1001 5663 7335 2587 355 4991 5926 7554 1656 2973 7236 7357 8549 4481 1131 7962 2373 4945 5672 4782
155 6220 3092 1289 2999 6125 3512 6782 475 739 7160 3101 5343 1191 667 1956 4725 3808 3410 2566 4227 5557 3850 2800 8024 2880 8321 2107 1298 8092 5399 4345 5481 4350 4769 1278 4760 4855 3315 8198 6740 8723 8355 279 6048 1071 4777 6313 3642 2389 4228 2784 3851 8308 644 3602 3130 8209 2559 5094 5043 5890 2585 5948 1735 674 5039 5675 7387 6730 1263 8629 4069 8125 8145 7087 6824 7362 8613 8035 6558 3964 1353 1016 69 8149 4705 6037 2311 2249 3014 574 5930 4248 7024 6711
7647 3244 1593 8866 2056 2460 5154 4080 5858 8598 4819 3198 450 5108 4445 4177 7537 185 1041 7326 2297 3107 9187 2172 5135 1638 1241 3360 1756 1913 3936 8518 2912 2366 7949 5782 2584 6805 5536 7618 8749 4806 1899 50 1632 6070 3553 1204 4095 215 5729 3365 8124 8367 4678 3619 7576 605 5463 3508 5860 6325 5164 1186 167 3457 3320 3522 305 7256 5816 3827 6935 7133 1783 595 7815 2933 5644 9119 4434 7051 4086 8585 5545 1256 8283 234 4646 6291 5070 4757 3415 4504 5774 9003
9161 4911 2012 304 6778 6815 4899 4628 8545 8004 2313 7036 8553 3217 3571 2441 4957 2987 6904 6769 978 1462 3418 6732 8578 6057 879 7858 1328 2627 2808 5924 2906 1327 8582 642 8091 8685 6656 537 7903 122 4171 3211 6396 6590 4618 7199 2802 5153 7240 6889 4061 3918 8650 5016 9081 1265 6260 1035 1688 3542 1545 8983 2006 5660 82 7715 5303 1147 6595 3722 7919 7348 5665 5077 9142 2725 4583 4784 7279 9015 4090 8556 320 5786 369 5009 8671 7846 1439 3307 230 3053 6195 1437
311 7687 8605 535 7606 3721 7518 2258 2771 4072 3483 8748 5228 4641 7582 4201 6898 5963 626 233 9102 5725 9190 6713 1202 9000 6419 8877 8133 5289 9125 9185 5717 7920 4110 4790 7235 4160 9053 342 6725 1039 4805 4900 3900 4540 3526 2595 7286 353 5971 3324 4582 6421 7422 8710 5866 3009 3002 3491 6961 3317 1423 6218 569 5069 7902 7337 6579 6013 1609 4470 7652 484 8752 8339 2801 5610 5266 1850 6371 6965 8973 4659 7975 9141 1480 8893 6722 1710 2196 8241 5628 3745 2179 872
3917 1062 5686 8361 6900 2571 3312 1393 2712 5612 2154 657 1329 2966 7488 4275 274 2043 273 8277 4287 5527 789 8681 6921 2822 1790 6488 1571 2590 8864 6113 4710 5542 828 2168 6362 2752 3194 7917 7120 8771 5430 5182 321 2344 504 4043 1171 5613 4689 5980 3272 5836 8648 410 6222 4743 493 7440 8066 2723 2257 3690 7094 4781 7798 4860 6162 2093 8660 4240 9067 3849 2876 2751 7672 5821 441 1334 8375 5159 5324 9021 8213 553 8172 5656 2379 8167 4688 8238 1113 3388 126 3702
8716 4031 2689 7171 7624 2121 1037 2759 8088 5112 5503 1536 3826 7334 8753 1111 6908 7702 1846 1419 5299 9135 2299 7783 71 2620 6784 5199 9045 6448 1807 7400 8678 1276 4960 1436 2458 1829 7225 8121 5046 5422 3952 4613 1803 5387 7668 1662 5361 8706 1413 8158 468 168 1106 8760 1054 2166 4744 2662 5249 2327 4463 7747 3730 4780 6223 3367 9113 1132 325 6034 7871 6694 3142 5307 6714 3176 9206 4745 6885 5652 5746 1870 67 8096 7053 9188 4614 6172 4370 8750 2468 7549 5484 1952
9136 6429 8354 3688 1555 2525 8126 6585 7420 8254 6086 3084 7398 449 5621 5482 8657 6584 5713 7922 46 3534 8873 6364 8058 8952 3072 8336 868 7066 3596 7792 4016 7790 6569 931 1055 5401 8817 7049 4071 2961 3400 4391 6562 5496 2420 109 6664 6442 8615 3291 6360 3240 2499 7210 1685 3841 7450 3297 1090 5097 8584 8143 3436 3226 2651 2314 6917 8352 1332 3020 2291 5421 4637 5415 7784 3386 3235 8138 8220 2148 3955 9130 1698 7898 1517 1379 640 973 4636 5820 7803 9172 5359 6560
8478 4443 3979 5222 8396 7045 8151 7577 3352 8589 2715 7622 8216 5865 7700 2324 1859 6269 5325 8479 3782 2762 8412 1866 8693 1482 4235 2974 4506 4352 8081 154 6986 4012 8742 6658 3070 1396 6539 6712 2697 6890 3094 7002 4185 247 4309 8843 2303 3262 9124 2831 74 2476 5871 1014 6078 3848 7028 3355 292 1798 6941 3516 3322 2150 8890 1108 6143 6410 6947 4963 5691 5175 6641 5042 6677 368 5588 3524 4961 5073 7175 2846 7113 5584 3640 7169 3328 3648 7415 6508 3882 3643 4511 7251
3568 5594 7366 7900 8961 7788 7741 563 2810 6387 49 4514 6952 4620 1296 9208 1412 1344 3951 2664 261 169 804 7246 2205 962 8796 2349 1357 1223 16 1203 3231 8626 1325 8646 1801 2280 4330 8214 9024 7419 7105 3097 1464 8917 596 3622 6622 6408 3605 132 6151 6966 630 9116 2433 8506 2606 5704 8885 5571 8509 4269 3883 278 285 1980 6028 4556 8880 8498 1036 9120 7944 942 7099 1006 5608 1323 3245 7675 9111 2301 38 7429 617 1319 1663 4484 1212 2248 7006 2180 1402 3816
6064 1510 3856 7713 2914 8827 3533 9181 7535 4964 3456 7874 4329 8337 980 4424 4154 5864 7376 5960 2683 1197 5425 4510 3558 2537 7248 1546 4773 2795 520 4674 814 14 8591 1874 8922 8700 2943 3514 4771 6515 9060 4657 1440 1987 5689 4500 1888 5912 5646 7678 4141 2983 8054 664 3305 1286 2178 1627 9 4236 4649 473 4539 6163 7083 4009 4435 5060 7689 8160 7492 2562 9100 1661 8982 2317 3296 6117 1452 6550 747 2129 1507 3286 8894 8803 5808 5902 4983 6418 1321 8784 557 7224
310 1489 6827 8346 5937 87 8157 2278 2938 3041 6996 6065 1894 4607 6271 8460 3019 2512 2287 2564 4436 1427 3229 5989 6019 8014 905 2796 5003 6603 3638 4918 1164 7237 9149 3279 339 1290 5777 5964 8776 5442 6614 2837 8903 620 2356 2269 3434 3911 4872 2529 6210 6414 7621 2859 965 1652 446 9152 1579 6746 1340 5953 6738 3334 7089 1409 1958 9033 623 6693 3549 1487 1847 2102 51 451 5638 5100 2551 4787 5949 3104 2326 391 947 9156 1777 1832 3736 8131 3599 6254 3844 8593
3103 6645 8988 3815 8872 837 7908 6613 8822 7030 4374 9026 3536 4205 796 8540 3081 1121 8025 8190 513 1886 7812 5273 7262 1728 9108 3432 6737 1851 5090 7521 1420 4064 1900 5818 4472 1129 7222 6811 991 361 5895 4643 6170 4023 2546 2358 1284 5149 4701 58 6580 2360 4908 6020 5942 7308 8046 7127 8379 2783 3051 552 4496 5574 2494 2931 4368 7857 5935 8363 687 5140 303 3762 5673 5414 7139 4410 6320 3901 5908 9112 7757 2243 724 5398 4724 1823 113 2009 1086 414 2369 8253
5793 5412 8119 3132 2112 3764 2345 509 661 829 3873 2644 6409 4219 1422 2867 7956 7709 7077 6248 1939 406 1406 1646 7232 1414 2333 870 6237 1694 7470 5295 4998 7773 1963 2341 6745 5044 8634 8401 1720 486 1076 7252 7589 5928 5147 3037 8067 9055 2428 6703 2611 2155 7794 4756 3116 2493 6776 2470 3177 2628 6839 2517 1816 5124 1843 265 5106 6799 844 5763 6583 4574 8405 9165 3629 4761 8778 5767 5367 2638 7974 8174 7533 8061 30 7173 8795 2550 4830 2175 6981 2942 5006 6923
592 8819 8170 1341 5737 4004 2418 3649 9028 1508 6977 3354 8744 4800 496 1360 4428 1806 7516 2645 3146 4111 258 5631 4018 1465 4694 7714 7023 6629 347 4898 6392 5645 2425 354 4383 4015 1734 3302 1248 4571 4448 73 1636 2191 4563 6330 6232 984 3316 4449 8040 4650 5283 9153 5467 6051 7605 4547 5014 3579 5329 7508 7285 5791 460 7646 7282 9058 7150 5559 7954 2556 6130 3675 4517 1417 6950 3948 7559 8559 2040 3519 2504 2181 3780 541 3042 8747 8440 1926 8677 8979 7037 4358
3419 8317 6353 699 1564 171 1920 7432 8502 4772 9122 1925 6153 7531 1557 5174 6338 9197 2630 4670 8855 3726 3705 8642 6888 3889 2359 6777 7147 7153 1725 7446 8350 9168 3183 8792 8047 3254 533 2830 170 4001 8848 1060 8079 6339 3228 3313 4530 929 917 7523 4037 256 6963 6913 4752 8313 5390 776 365 4007 8023 2412 1488 3890 1294 4850 4282 6643 8865 8225 7360 3387 6344 2962 8874 1210 272 589 2940 1415 5923 1800 7768 8365 4995 4439 4580 8901 5379 4477 4460 4107 7550 1589
7683 1838 6621 1690 7859 2768 7188 706 8881 2825 7813 3123 39 4406 4188 3962 6399 8826 511 4566 633 2116 7052 7352 3608 680 129 7026 3412 5512 7598 7462 6576 3632 5276 4926 8999 5209 7841 6848 6000 5170 873 3630 1386 8944 5694 3502 7431 8289 5697 6062 1331 7179 3729 5205 5373 4593 1977 5388 3168 1613 4129 8147 4247 5227 6258 1773 575 4554 5744 1885 9048 6668 175 2883 5776 4508 1988 5848 1189 5657 6750 5507 6854 2770 6316 3751 1905 3548 3847 6813 1671 201 4749 7394
7834 3679 2548 1699 6998 62 3993 5279 1634 4479 1639 3796 5285 6899 1251 6688 7822 5950 2276 1281 2527 847 6825 4112 3946 7443 6823 7785 4000 6256 4388 4976 4431 5682 5251 2170 284 1577 1670 911 1994 5188 764 523 324 6004 5426 5555 580 1881 5061 6164 2115 4586 8259 6673 4121 6363 464 1675 8845 7260 2213 834 3077 6373 7667 3733 1974 3329 6988 6844 3879 4775 7275 3152 1112 9071 5514 195 4733 6190 7287 4450 839 7451 5841 1716 4014 7350 384 621 802 6008 5614 2182
1717 6655 6298 3555 536 3635 9137 3737 7982 4622 4372 1563 6465 3573 5339 8144 5692 7434 2641 3800 3732 5996 4792 6499 817 3697 6924 4127 15 8123 2991 8010 6335 88 1883 7592 6871 2228 8808 736 4103 6340 7882 4537 4109 2053 7106 4665 4596 8851 2603 2101 7301 6310 2075 3074 2134 6069 7355 8695 3095 6066 4590 2793 5310 5439 6174 2953 2209 4446 8601 102 8266 5457 8223 1337 257 7966 540 1107 3144 6695 5377 631 5294 1606 2202 4904 4149 8495 9082 783 867 8442 9127 6268
3169 1050 5323 7162 686 1787 2900 4849 8653 6206 8715 8073 5354 2328 1075 8072 6403 9084 5181 5489 7619 1805 2599 5703 1647 5241 5589 6517 8867 3700 3064 6834 128 8408 8871 2623 6797 6301 6334 5224 4022 7754 5568 1066 184 8397 7318 896 7187 7233 8572 4606 6657 9212 6608 372 1484 8835 8250 7500 6826 7081 2519 9128 8413 2028 2678 7477 1649 5428 7417 4158 8292 6140 5799 3582 3399 7025 8438 5335 8507 5533 4808 8485 748 8021 1220 4225 8552 859 96 8807 7656 924 1543 5012
2283 263 4041 8926 4854 2763 5353 5641 3151 1478 8951 6513 5941 8729 8686 7270 1960 8319 6021 6477 1 3600 5735 8861 5615 2417 9154 5967 3942 7195 5252 719 920 8173 5625 6054 476 8477 5369 5121 558 3147 1163 8082 2062 448 8696 2054 1621 385 5104 4389 8533 6366 3131 2659 3587 7583 2186 7987 3723 2438 6094 4211 1769 6724 4020 1475 7880 4616 8635 3356 3774 7413 7868 5745 4644 7456 8945 422 3898 7042 7239 7568 6936 6939 6146 2799 423 4456 2109 4021 3368 4609 2060 1998
7306 6919 8233 5396 1818 1451 2029 6868 994 4102 5245 8187 1073 7208 457 2449 5581 4155 7435 7910 8409 2227 111 6984 7552 4200 4417 7100 290 142 6602 6005 2616 6470 5826 5731 7694 8725 25 7525 7034 4985 2346 2553 8377 3268 9201 2745 1382 5530 2242 7566 1280 3425 8577 3462 2700 4605 5265 2296 5297 3610 8895 7820 3197 9029 4299 4715 6225 2861 269 8734 6865 7333 7423 8820 61 2284 2936 3201 4816 696 9074 5719 836 3563 6196 2686 2157 8692 5306 3650 298 8638 2892 2138
8431 2457 1150 2705 8219 2319 245 7096 2928 1359 2887 7635 192 6356 2131 9166 1930 6650 4706 7756 1569 9076 2005 4079 2992 5634 1021 8471 173 1972 4427 1481 5551 2904 4019 8625 107 2561 5434 861 3349 6607 2737 454 3346 2415 1495 402 2939 7490 1363 3809 7502 2282 3010 4778 1552 5027 9209 963 3195 6995 8777 1540 5334 835 2677 3 2397 8654 591 397 8711 1125 5326 2908 165 393 3154 5281 6625 849 8371 8115 7557 4723 2187 515 892 5947 2648 7786 3682 8116 6894 4499
6 2375 125 702 7753 3148 2330 2779 2008 8887 1679 6856 5844 5976 2277 974 8406 4727 8728 1674 6126 2273 8085 2091 730 5232 3996 1309 616 186 6372 1350 7444 9047 1644 300 7242 800 1714 8490 6076 3843 8394 8222 9061 4301 7193 1291 1083 2730 2432 2221 8112 5558 4766 6916 5560 381 2850 6586 5616 5823 2229 2862 7085 5120 5504 4006 7614 1989 3590 5458 8602 8 761 2975 7594 9162 9121 8332 2381 1693 5607 6985 8930 6361 8844 1080 3967 3776 2772 2706 6377 7990 5754 8287
2972 9032 2735 1658 5262 2971 2993 4786 9203 2442 811 2841 461 7472 4853 3230 4993 6833 2128 7515 7729 619 3734 4179 1811 8673 1824 614 4453 6554 854 6014 8925 5156 6483 1981 7445 3701 1401 472 6378 2395 7243 7369 5063 5715 8707 314 99 8869 4843 2911 1467 6843 2104 5445 3525 3221 3429 822 2792 8889 5876 5271 209 4168 842 3465 8122 6331 565 930 2246 8465 57 1057 3625 9196 5603 8950 8592 2207 7010 4802 7691 5931 2658 848 6478 212 3158 4569 7980 4702 3421 415
5518 390 8530 3870 3452 7073 3000 1598 469 3759 4648 4950 6497 7681 1312 5490 8207 1802 1245 4601 6838 8333 2557 4979 7931 8041 3842 3017 5839 3601 3668 3487 1468 4591 8965 4639 7664 5564 3790 6734 6244 1361 1520 271 2765 2960 8374 7408 5137 5768 2443 2491 3294 4718 5831 2177 3125 8943 2026 5213 4692 572 7997 2652 6662 7245 8039 3466 4397 36 5191 6506 3246 4478 242 1152 6319 3893 5264 8342 2538 8991 7458 3904 5040 7961 2135 7567 6699 7297 3777 7040 6516 5749 121 360
8022 2826 8532 2250 2286 6096 8896 8958 6760 7484 3476 8376 8419 8763 7528 7654 1741 4420 7958 2448 4759 6337 855 685 1074 6412 2547 3035 720 362 3078 2032 1346 7762 4874 2079 7063 5843 8356 3362 8284 8608 7056 7321 2149 5648 559 590 7111 4296 8200 4498 2855 4794 8828 3426 4651 5001 5957 3712 4333 5033 3645 3947 1345 5870 1616 7543 6958 8745 8103 4791 1772 3684 433 4259 8234 8258 4303 2434 3968 913 5647 7779 6948 6793 2836 6632 725 4528 5797 5695 4888 8676 4721 754
5418 6242 6095 6324 857 4972 6715 1995 3327 1568 6937 3083 654 6729 5233 2424 3472 8168 508 6987 5680 7215 3278 882 2757 2156 3495 2174 4075 8946 6479 610 7778 3054 5337 6101 8610 8459 9118 7978 9038 2068 315 4264 5465 8335 8444 7855 4909 1719 1878 4558 4067 6911 2631 8107 8476 2431 1273 3715 1959 3102 3618 7555 208 236 6428 809 4877 8513 1799 5055 3371 3191 313 5436 6611 8420 6807 8970 4795 6727 2080 7957 8975 7802 4587 8587 7708 2142 4626 6300 2621 6500 8169 5468
3916 7926 6779 4952 8447 8424 6533 2885 3860 7495 5371 4660 6822 3238 4878 5997 5011 3061 5627 6175 1343 7074 6630 3570 3478 4438 1865 3950 4831 6717 3444 2534 7527 1445 1580 7430 147 607 3881 5487 4491 1603 3545 4988 915 7067 5267 2436 3428 9023 6482 7373 651 437 8100 1218 2492 1394 7257 8612 7907 4270 3128 2485 4273 5208 5718 1201 1342 1151 723 6433 1938 5837 1336 5114 548 5207 735 4730 7494 6930 5535 1104 3028 4753 2099 1752 1065 5624 1463 8768 2251 7925 6087 7588
6332 1295 588 4423 2997 7671 3884 6046 2193 8295 4116 8203 2435 6166 6055 1282 436 1392 5139 1553 7842 328 6120 7800 5206 8038 3309 6159 1788 1841 1743 5904 6982 2865 6157 4152 5582 6203 8232 6592 3663 2467 4615 9183 1230 2667 6783 1509 8789 5053 8000 1524 6045 5769 9213 3402 8373 8524 9008 4940 6696 5670 6252 1299 7849 8031 4437 2423 7255 2535 4320 9056 0 9104 4876 6490 494 9078 8565 4024 6050 1441 440 4322 6404 6481 6148 6907 3557 8097 5243 954 37 3704 4832 673
77 1443 7890 4412 5065 7382 7018 3626 8109 1483 5879 5102 6132 149 3866 4137 7823 7610 1225 3846 4589 6040 8623 3499 6464 964 4355 9062 8176 1931 890 3339 2632 3138 561 2964 3174 5034 2064 3050 463 2255 3030 5317 1070 5190 4894 3323 5683 4584 4779 1906 2203 7203 8282 850 3664 5101 6566 6217 7093 3397 8537 6463 729 7486 6974 2640 8767 9117 7141 2245 3503 3099 8239 4996 8019 8416 2450 7517 8684 3343 2320 7939 3945 5360 3289 4045 420 3482 8264 6394 5268 4750 3292 862
695 6128 3863 1529 583 389 8034 1844 2035 1314 7712 8117 4746 1114 3203 7983 6581 2926 8831 4697 4739 7513 5959 8327 4104 1742 6012 1250 4204 3098 6795 4153 6739 3392 9018 2520 8483 3687 4635 3143 5813 5516 5925 576 3634 3100 95 2654 1267 1794 7865 4640 2015 336 4357 7863 8164 2839 8929 773 6401 6679 7072 5218 1473 2382 4426 458 3087 2234 4252 8875 6103 3666 4763 3974 301 7182 1318 2699 2252 7906 5956 5927 8044 4871 5201 2650 3249 8399 7663 851 8229 5723 3775 613
7136 8417 4441 910 9041 207 4682 1858 3382 821 8434 3869 1620 3788 2829 3852 2413 8387 3215 312 1117 2717 8555 832 8906 1063 534 3547 8904 1461 3888 4624 1896 6523 6455 3073 6022 1253 4017 7912 948 2886 8992 3311 8451 2256 7325 5789 4466 1637 161 4970 2688 816 3875 9103 7148 6355 7597 8362 8481 214 5344 2045 1380 4298 3027 2337 229 4454 3025 2844 2471 4078 7955 7305 7579 3120 3707 1678 5761 5292 5286 9198 1454 194 660 2130 6228 7314 8839 918 2041 5036 1554 4074
5008 1134 7377 1556 5936 5196 4256 8236 3280 8609 3261 2025 1008 6147 1762 1861 6619 6944 8178 5347 2394 5312 1227 2647 323 6458 4316 3170 7888 5556 5461 2624 6912 7060 7091 5 3091 5872 737 7734 5600 3609 9085 4047 9035 8521 8262 1503 7258 5850 7578 6999 7999 2513 5435 3523 1782 4726 3763 8614 3923 532 1501 3206 6322 217 5543 8639 8754 7437 9052 3205 4567 5095 8699 6077 8644 4234 6424 75 6946 6582 5202 5049 2076 6748 1479 1612 6247 3973 3299 188 3060 6531 7012 1173
3803 779 7221 6561 8713 2864 3676 4327 3621 5093 2 2545 5472 549 3673 1513 1405 3364 4980 180 3251 8255 2843 4579 4288 3836 4577 3576 3479 5485 7428 4683 23 2405 4814 6384 8535 3903 6346 1610 6623 6234 254 374 3807 2039 8544 1297 3566 4958 1058 1523 3140 937 123 498 1433 3909 2583 2105 9205 4242 7293 6880 636 7603 2695 7223 1486 1681 7131 2126 8738 7726 2755 2612 3905 4161 7653 7697 3145 8429 7847 9105 8105 386 7534 3500 8382 8504 2289 7272 3987 7832 3332 5538
7395 2167 812 4210 1138 5875 1395 4085 5649 5580 8847 2288 5132 6108 7608 4089 8862 1629 3326 2970 5914 3564 3662 7943 517 6522 6676 6706 6686 4691 1961 1450 1954 7690 4767 6438 6671 5057 998 1187 8986 869 6026 7292 6910 7047 758 6633 2261 6276 7809 3752 8934 6221 8248 2870 1471 6726 4263 5374 7746 5510 1827 622 3237 4684 3366 2684 7154 66 4712 2307 3321 4685 6122 8028 1077 567 3353 8246 5194 4088 5894 4901 8380 5171 4612 4633 790 176 6690 3163 5910 33 9169 3604
7191 1812 581 2827 2479 3398 3213 3062 1095 2576 2749 7267 7530 2990 5916 4927 8297 3907 8804 2767 3171 4693 3802 1809 8366 1352 2819 1494 5878 4192 6474 5513 6573 669 766 8902 3744 4326 6436 6640 6289 8662 179 2408 4344 4942 2787 7346 4893 3110 1565 1130 4687 1776 203 4483 2558 8790 6259 3966 4108 4395 6011 8215 8912 1751 3670 8825 1590 738 7699 4416 5313 819 5250 5699 5462 3614 2124 5592 3190 5666 2127 5807 17 5595 7979 2445 2766 1339 7677 7968 2746 4113 6277 1748
5071 503 8576 4146 5411 7927 1518 1944 7424 5523 204 352 1991 1915 8837 8927 21 3872 3236 1056 8720 4415 6971 746 7989 1110 8886 7633 1704 8942 9099 7641 2541 8570 158 938 3180 7686 5471 8580 3789 5427 6133 5260 3497 1755 6685 4788 2761 6106 5099 8563 7228 4082 221 8364 6042 1892 2814 3799 281 3253 8818 8746 4336 772 7347 1921 2272 6263 4285 1600 6719 3845 8794 7004 2046 2653 1828 3613 8664 1957 3248 6548 7725 7976 8427 6441 7886 8099 5492 80 1305 8520 2625 1330
1566 8905 8007 220 5566 2959 4042 5274 2367 4634 3016 7465 2069 2981 8432 2565 7658 7001 933 4798 2004 4433 7145 824 427 3988 8618 3559 2540 3628 2480 480 4092 8936 8181 2874 7200 4581 2220 6604 2336 6723 710 1139 2013 85 943 7356 7474 5237 8949 4859 5203 7905 2212 3437 3954 3288 283 7602 2967 3631 151 9115 3541 4883 9170 6386 4870 5136 3740 4276 6287 9160 7375 8562 7856 3378 8228 7935 8939 7172 1854 6762 6367 3159 8909 8191 2738 2995 8334 3304 2023 5177 1270 2192
8735 5501 6994 6759 5825 2411 860 8772 413 425 2786 3825 1182 4625 4059 1367 612 1951 9202 3004 593 5922 2153 5219 4194 3306 1442 2932 1855 4002 2137 4187 7991 70 5393 5160 3748 1160 2817 8179 1727 5332 1932 1549 6767 8579 7086 1941 2690 4335 705 2466 2869 3250 3976 1767 3122 751 6202 65 8221 3529 8764 474 1429 7425 979 5125 9007 471 8062 8329 3696 8854 3293 6835 1466 8718 1144 286 6983 704 4 8443 7265 4851 4196 4847 8265 1472 4807 8500 5933 8488 1573 4382
2733 1045 5693 1709 865 7561 1430 1044 8475 2454 7230 197 1640 8832 716 7716 6869 5301 5376 2516 8897 7128 759 141 4421 6764 5122 8217 2798 1205 4249 7263 843 5667 8218 3369 1711 8717 8482 4003 7071 4046 5771 1408 7499 2063 3535 8606 8668 7137 5021 1820 8806 7769 5753 2199 5991 8303 3577 8106 1208 5739 253 6165 6568 8474 5098 3486 6038 1500 2602 8679 7544 2355 5780 6187 5552 8841 934 6235 3111 6565 1322 5770 3656 2592 8516 2354 7728 4261 577 5081 5661 4754 5025 899
5277 6110 8494 8633 8078 2347 5736 8130 6185 445 9174 4403 5067 1706 2217 3430 2781 6616 8421 6207 1703 8227 2033 6471 8252 1576 2669 8480 3350 1984 3505 7295 4770 3188 5146 7657 5413 2498 7945 6903 5867 206 84 2160 6251 8666 4755 5642 7181 3906 1962 5193 668 8326 4821 239 5629 8546 8627 6598 4346 5157 602 4217 3458 6079 5730 2173 2704 7268 4929 3409 646 4673 3090 3990 1175 2769 5211 3214 8690 7742 6239 6600 3247 8641 1222 2694 1599 527 3420 7739 8714 8751 3868 3469
3493 2833 5842 2267 5000 7674 5119 2754 2514 6667 3260 2782 6030 8027 4094 116 2714 2984 5984 3765 3381 4013 7529 6591 901 2421 7731 8310 7108 3045 1547 7116 3411 8811 8013 444 4115 2903 1397 7288 1027 648 1399 6884 7177 7953 1418 357 2162 6718 1228 7638 8243 1100 7317 4175 4572 5738 5028 8727 4543 838 1238 1978 6031 7574 9171 3266 5107 5111 3330 6829 6547 6351 3473 5764 3804 4994 3944 5827 1558 7960 2305 8087 162 2225 7144 6184 2838 5280 4164 6294 726 4738 3653 5845
4117 4180 5887 5007 1697 3681 4390 4698 5238 2945 1115 8153 7504 5161 55 1542 2642 8526 5913 4509 4525 94 805 2847 3520 7872 1943 6489 8669 958 3024 4835 8953 733 8205 2453 6168 8694 118 1653 2110 4886 6959 1561 6085 777 7 5236 8931 1864 5456 5862 4984 1795 2809 555 6027 5605 688 4262 9046 2189 5637 7780 4968 519 4258 6007 1025 2927 6860 5757 3284 8637 8536 1826 400 5978 2198 3659 6413 5706 4561 4132 8152 4903 1269 3391 8020 2727 4133 1680 8074 6262 7540 5965
1307 1209 6892 7396 2402 2302 4274 4321 6855 3449 6024 5811 4947 1446 4978 40 6709 1018 2400 2601 5096 6111 1641 5062 2315 7673 6861 4277 5829 1914 5004 3252 8324 3031 5336 4518 2848 83 156 72 7124 6495 7276 9199 2840 4290 1934 5966 293 4010 7392 4373 5720 6993 7383 4257 8150 5076 5163 1587 3833 1618 6131 4863 2263 656 1965 2437 6577 4916 4476 375 7459 6063 8736 5370 2532 8779 1161 3454 3063 1897 4409 7022 4588 2304 3975 6375 6467 7796 1085 3686 1351 6345 6728 2384
9164 2078 1912 5389 765 1968 7250 4990 6205 2863 5579 2083 894 8722 7102 756 3046 5180 4856 4384 2290 8870 7319 6437 8197 5226 2171 7349 7824 7630 6420 6191 8256 823 5856 1949 1713 2348 6920 2323 985 1781 3136 4711 6720 5293 3572 178 4902 3134 921 2086 7548 3633 8437 7506 349 1292 8302 3223 490 6406 7648 3276 1137 3192 7971 8048 904 7580 2210 4669 6828 6425 3282 7660 4411 7410 3616 5417 502 1660 4602 2161 5604 4208 7743 5596 7909 5026 6681 4521 7391 4570 6845 6411
8360 4594 7464 1498 8415 2268 795 5812 2096 3427 1541 7159 5375 7271 8011 8294 512 5247 8423 8463 1194 7913 3164 1588 6118 2522 6507 4488 7593 5296 3124 8369 2536 276 426 19 8120 1038 4318 8765 1539 5052 4565 6176 5144 6456 4925 6798 5883 6266 7213 3358 1512 7069 2996 7643 8957 907 3477 1990 6649 3196 7629 5405 5712 7760 2020 252 4562 4936 5466 3822 6931 5815 7562 4122 926 3941 4638 2236 7253 1715 1574 5854 3771 4962 124 7590 1283 8554 875 8762 6385 3939 7399 5477
8033 2691 3724 769 4611 9004 2018 4564 7644 7302 967 2994 4347 8305 8455 7571 1249 4197 8053 6303 8971 1792 4789 5679 1628 250 780 5338 264 7507 5480 900 2909 4306 1470 5290 8341 8997 2343 3118 1326 6687 6857 6804 3202 1348 6552 7341 2332 1953 6029 5195 625 7964 3617 2877 115 7274 6074 8280 2159 5681 2524 1648 6878 8809 1385 7710 1793 5986 5478 5258 663 3298 8314 6792 4492 3678 1091 7185 2188 5155 1890 6881 8251 1893 966 3401 1148 2828 8787 6186 1089 5035 1526 6018
1078 3871 2478 6524 8300 7204 550 4283 5802 6493 1654 6973 3256 5619 5172 9054 1935 1876 7879 8273 5907 8433 6307 7216 8404 3829 1607 8435 8171 8489 335 1852 7401 3606 4334 1759 2666 5133 895 681 3173 2891 4221 8962 260 8883 3920 4123 2399 4048 5362 44 2930 5958 6487 225 4717 1231 5590 7479 8410 3155 7688 9214 7414 1372 1277 1179 6250 6756 797 7363 4667 1548 3385 6376 7180 2917 3319 7327 8857 8954 4216 4195 8703 8388 387 5835 4077 5687 3370 6279 8411 4191 4505 2681
79 5599 8201 6775 7759 6091 5734 3646 7843 1364 7290 6780 4310 1109 1371 6925 7733 1378 3463 1235 7570 2082 9204 2661 6015 4704 4520 1368 2051 1882 6945 3475 7378 3685 8146 3518 7711 7877 8381 5230 7921 2357 3405 6882 144 6135 1614 5082 5833 9064 64 3404 6449 2114 6282 5204 4630 3137 8403 760 8466 1985 7218 1087 2567 1156 7493 5698 6144 689 7374 8739 912 453 6526 5938 1862 6275 5054 81 8542 346 1780 666 1214 3394 1261 4232 9040 9066 228 2555 8933 9158 1275 3637
825 3357 8316 6043 5525 8177 6083 2698 6041 4405 7994 6692 3504 7878 4342 3340 4889 2231 8821 1236 1169 9159 8068 5988 3938 2401 7021 1310 806 1895 6960 2218 5473 5386 3379 3227 2259 3082 3878 3957 8663 7738 7155 9131 7381 2682 752 3451 1200 1154 647 5333 3658 2430 2151 226 1764 5795 2742 7070 792 4932 1625 5752 1911 1562 5358 4119 139 8473 1696 2789 8959 3757 6678 8098 3509 5531 883 1103 4939 2860 1537 3012 2895 993 4312 6968 345 8924 8347 3984 6648 2049 7438 1381
6390 3067 1387 7164 7682 1266 5058 6224 1522 7829 635 3377 8863 3783 8558 6529 5602 7969 4091 2309 585 4661 1196 2979 1770 3801 3594 9176 6624 8325 1042 6025 3674 455 7717 2634 1514 3880 7039 2482 7749 2821 898 1724 6846 1626 5248 1274 2708 371 1033 3121 8781 1947 187 3162 9036 4555 500 4774 4364 1377 7821 8154 510 8288 5048 8071 946 5690 6893 7595 9146 3767 932 774 24 6350 7140 5141 5819 2310 516 3853 5383 7192 2316 7828 3575 4559 5178 2133 7380 8166 2463 5881
240 4057 7951 791 2719 401 679 3200 4935 2235 409 5992 5569 7027 5105 383 8810 2141 7453 8691 4690 2774 3065 2731 3218 9110 8770 341 6766 488 5897 5437 4130 1373 763 6627 6171 8345 5263 637 3983 2740 4469 4838 8012 749 6388 6721 4728 1623 5469 2335 244 2308 970 2368 4361 4799 4213 130 8469 7498 4519 7044 5221 3965 4098 3963 3994 1216 3135 3671 5109 5544 3598 603 6928 8395 6620 6698 3824 5983 1181 6503 7584 8967 784 160 3792 4841 7055 5696 803 421 8102 7804
6317 3698 7825 8724 5291 840 3914 3467 3931 7209 7190 3414 7512 428 4295 2896 4394 7986 4367 291 7123 7309 5024 8002 148 3431 8304 775 327 9211 5632 2849 6751 5830 3819 7854 7328 3416 6663 6208 6864 4928 2298 5886 7774 1747 4233 3672 105 1096 3786 6139 8604 3925 903 1650 8812 3150 1141 153 996 4817 6989 683 4028 8564 8541 8568 4265 8757 2954 275 6926 692 3271 6821 6393 6358 6326 2262 8840 7565 5553 7031 6997 110 4809 989 6089 5502 3109 5078 2510 7670 5578 6492
987 4592 6555 982 6593 3108 1808 3179 3747 7581 491 995 4348 5197 4147 3275 8293 7830 793 4864 4392 7183 4534 7121 5700 2636 4658 2586 7985 6476 4716 4629 6618 4645 841 5742 9068 2734 3766 6520 4151 6299 190 2195 7184 2322 1831 7952 5444 4294 649 411 8101 5943 3565 6710 7866 6270 3459 4845 8987 7973 8697 4948 5756 1891 8948 1729 8918 1999 4050 5483 4455 5658 7685 47 3620 7981 5762 4663 4393 6955 2077 3413 2271 2618 4253 5766 22 7384 6382 6528 7941 627 435 8755
8566 2071 728 8574 1853 690 4973 6241 5074 6541 7600 665 8878 8344 4224 2024 9044 5179 1746 7473 3433 8964 5474 7704 7705 4176 485 3167 6461 701 216 9039 4868 9186 8659 5223 8307 4308 2497 852 8567 7114 1687 1875 8036 7186 5002 5898 1105 2803 8829 8291 3181 2720 827 4159 2619 8016 874 8802 1031 6194 392 8211 2132 2790 5378 5889 5189 611 7110 7546 1459 93 8632 7214 483 370 8008 26 63 8446 3838 6297 604 6786 1797 2925 4093 5123 863 5470 7176 135 2037 477
6707 6753 2452 9070 957 8630 2007 5431 1966 6519 4058 5748 584 3709 8051 4126 2215 5708 6368 5272 1622 8838 8063 7752 8134 5404 6459 785 29 9106 2875 114 8267 7767 6789 4954 4065 5650 2722 479 1490 2152 9101 3506 4181 703 5309 3178 4941 7035 7836 1287 5639 6321 3915 7640 6439 5633 8290 7763 5678 1528 4049 782 2675 6200 2065 5893 4207 4956 2858 2739 5526 2190 2893 4339 4897 4557 6134 4193 2818 1976 2380 3795 7439 1370 28 8349 1937 7041 5450 9180 6473 6183 5394 1082
306 7538 5921 31 5573 4172 7032 7992 4167 6484 4910 556 677 9207 1347 5620 3208 5017 8631 4293 7748 7628 2518 2916 959 5549 8687 8192 2321 6774 1511 7005 6831 3285 4005 2342 2881 6809 6440 7442 7801 6080 889 8383 8454 2030 1737 3290 8956 1092 4305 6536 6333 6261 8163 3894 8467 4349 5952 638 2338 9191 597 2164 8656 5546 8842 7514 340 3877 7058 7003 7933 3351 9072 6785 3680 3422 1369 3484 2244 2968 2607 4852 3770 7126 1300 8001 2907 1315 4165 5537 4150 1631 5366 5355
6572 5372 7259 4513 1983 7984 5840 5880 4731 7273 1760 7433 3393 6246 6006 5849 3232 5896 4599 8315 7573 3812 5707 4541 1195 7928 1936 7509 8263 1502 6284 7201 6887 2197 4220 5640 1221 5790 1257 5079 1012 8726 3982 3859 745 2629 5892 522 3551 1633 143 923 6136 997 8386 4681 6749 1986 7501 4553 5741 6704 4464 4325 6088 7461 5460 8108 4836 3446 5318 4105 7281 4366 248 691 7889 3008 8823 4844 7564 7296 2701 2388 7914 6587 3383 5215 442 1868 5423 1425 9177 7666 3896 6150
1519 213 1030 3717 7340 7924 8730 3417 8183 3913 6802 4915 403 7303 697 4857 1691 1383 8651 3273 3755 5020 1923 2713 7695 4162 1496 2036 7563 2729 1183 4740 2703 8129 941 6567 4493 977 1177 2797 628 886 1246 7358 715 2505 8588 6304 6803 8858 1856 3086 2929 373 2593 4507 3926 189 7436 7601 3588 4212 8113 7988 5235 6814 9010 6896 205 5688 3058 5659 7130 5710 1950 6293 2223 2816 1389 833 2685 7724 4953 331 8670 2446 4125 4719 2103 5576 3199 955 4867 606 1909 7826
1469 2709 2760 8989 5433 5969 3989 1094 9037 3554 3956 1313 6058 2986 2815 858 1722 6107 7033 3787 4736 2581 2526 2554 8548 1157 3510 470 570 6060 7158 2409 3644 2894 7118 5244 975 6788 5711 7372 5029 7457 4215 3039 8774 6100 6599 3034 3184 6397 7388 787 2637 6754 5990 3263 4801 6400 507 7645 251 634 2946 5806 3460 4623 5801 578 4895 5977 7727 3423 4222 1017 671 6049 302 4474 6535 1123 5891 1403 159 1142 2952 3693 8457 5328 3186 3603 1185 9126 1306 1355 2224 6876
2854 4184 7899 2406 4297 2856 3490 98 4892 5918 4672 7135 7426 3839 6589 5085 4905 4595 8529 1768 2486 3396 3165 2872 5722 8836 3768 1617 3761 3001 5529 5714 2440 6272 2118 3126 330 8512 3855 4680 897 684 8675 3464 5702 2097 8456 986 4981 6790 1916 539 8590 856 4621 5759 7088 820 4039 7418 6574 7639 629 1497 542 5385 5086 6105 6735 8128 4044 2139 6980 5321 2361 6964 443 5532 8186 8391 2919 2214 7893 6801 4825 2614 741 3521 9042 8043 7467 2835 3937 1584 615 9079
8531 200 4783 5278 6462 5305 4552 8104 103 2806 3496 2426 4598 6669 3552 1842 1578 5920 7353 7885 2264 367 8271 3515 1689 6909 5618 3806 4465 6512 181 5269 3441 2794 1375 2542 9022 8798 8359 2568 5129 5356 3537 5311 1242 6634 1924 2507 8018 1908 3049 6155 7064 7406 4501 5239 3961 2702 8175 5882 7331 363 3854 2201 59 956 3075 9043 4551 231 7238 108 5440 243 4054 4408 7409 3716 307 877 7655 528 7471 8620 5999 5420 7850 7441 8994 7745 3068 8701 3018 6951 2230 1254
7526 526 4178 740 7720 6646 4610 1701 5229 4837 544 2145 6691 7676 2775 7367 7226 6119 1416 4430 1665 6647 5231 438 1766 1775 643 5255 2985 8064 210 1184 9144 4703 678 6609 8195 525 6957 1165 5406 1217 7869 8920 6549 4145 2226 1535 5185 1948 8995 6389 7806 1884 953 7405 9087 5397 4198 7884 4246 1666 8372 2913 5304 5019 3657 439 8318 7536 1594 3661 7524 2577 4487 618 876 7532 1955 112 7364 7404 742 6588 8340 969 3172 1534 5884 2391 8719 1435 4568 7805 7449 7970
2339 4797 4652 2274 3438 4138 1279 8137 4829 299 582 7505 2477 5899 3927 2292 4943 6179 10 2158 7735 5451 8278 1506 5402 2100 6245 6956 6349 1234 2726 1643 1796 5261 6023 2364 8462 3828 1686 8785 4982 1830 4515 7887 4404 8704 7300 1848 6082 100 2890 672 2318 7324 3277 4604 1784 3725 1745 8006 2924 2580 3813 8980 5409 2169 4060 1749 3258 4696 8418 6758 223 8525 4862 8110 8261 8245 6530 744 5539 2591 2845 3995 237 928 7407 1407 961 27 5877 3892 1239 4576 4946 5225
7770 4989 7095 394 8385 8080 8539 4866 3380 4502 990 3929 7758 7129 9167 4920 5340 5464 2281 1919 8624 7098 893 5410 6127 1178 5298 8428 2072 908 8070 5838 6546 1997 4524 7476 2758 2531 8859 743 551 6970 2905 3407 1400 5254 4668 8636 1668 2617 2042 4183 2588 9195 3468 7284 1444 2350 5550 1447 5491 7146 2673 467 8240 5023 2955 4974 1761 1053 7766 4858 5945 3749 4363 4096 9011 5138 4619 2778 1739 8436 5051 8793 5488 3753 5176 8510 4038 2200 18 2980 1213 2921 881 53
935 7332 6660 2085 5010 8348 3718 8370 166 1903 3581 8077 2949 2660 8445 338 6830 2951 6697 5443 3981 564 6149 5364 7723 9009 4313 6283 7916 316 5598 2147 5382 4230 6521 6240 2462 8514 6447 682 3835 8655 5760 8665 7765 2061 6700 5587 7692 545 5975 5781 6768 3735 8712 5395 5368 8226 430 6934 5873 5126 7189 2021 9027 2340 5408 8298 6189 6253 140 6796 554 8852 8487 845 7799 5162 3810 7615 1376 5217 1672 8230 1237 8210 7661 3739 3831 119 1126 5499 5515 9080 9090 3175
7454 2711 296 3023 1199 3699 4848 7808 6765 3455 3043 9107 2622 1527 405 4376 4875 2853 2293 1333 7320 7963 5212 3096 3193 6850 788 8050 5565 2352 9093 8425 174 8846 7132 2048 6895 249 348 380 7338 3115 3310 7143 4442 5084 7996 2922 3773 6318 6288 6383 2016 8963 3623 7104 2753 1774 8231 1608 5110 7227 6010 5509 2910 6267 3440 6716 5350 5853 4503 9096 7097 5611 8907 2383 4803 5072 6757 4482 8853 7411 6308 7117 6538 3494 1264 8898 3574 6357 3636 5981 5961 9151 1659 9005
8330 2011 5758 1702 7547 8740 8357 5116 6744 3029 7936 1476 3344 8202 6124 9088 6468 2092 1695 5300 6867 3864 3439 5674 5810 5524 6475 6116 5522 6976 2950 6820 5113 4238 1026 1059 6851 8089 4647 398 6883 4531 1448 2481 4532 4008 2136 2081 1458 399 5857 1457 2543 4052 3719 280 8709 3980 6652 4737 1817 5586 3443 3233 6109 3597 6564 3076 3933 3038 54 2353 2569 3607 8015 3106 5327 6180 8860 1684 6761 7316 1833 2052 8849 456 4768 8892 3471 5184 2811 7777 6114 2594 4353 6278
3830 3741 2422 4924 7304 7393 183 1708 8328 8607 6509 6068 538 2575 2509 1432 5152 6953 2679 8260 8900 3550 3902 8076 922 9123 8955 4512 2724 4975 6771 2563 3373 818 707 1732 4053 1567 781 3805 8914 3641 4281 6415 1902 7278 7198 1211 7082 8296 7948 1551 1904 2325 2371 2530 6501 2451 4418 2655 8758 7819 4846 5380 6405 20 1374 914 1940 7967 5962 8083 3821 8161 6213 884 4300 2254 7706 4315 5824 871 1763 259 8464 1252 7161 6092 2935 8940 7212 1585 3013 5168 3435 418
5103 317 1262 1224 5727 1927 6818 2374 3141 6791 8594 4033 2059 60 4243 8856 6849 880 5242 6138 7901 332 4497 7607 5974 9065 2385 8060 8389 3052 4140 1316 4076 3891 3823 2404 2728 5429 1491 7875 5403 8616 4231 2204 2484 3971 1388 8937 6511 6873 6571 7811 7707 2552 9109 1155 4714 3820 5169 8788 8928 4822 5131 8737 7323 3691 8272 587 227 7007 8056 4324 8009 2672 8830 8561 5143 524 6594 6954 2866 1615 4907 505 2791 4398 2639 1758 3189 2920 3255 6432 1765 757 3677 1516
3047 6661 5091 4949 3624 419 4351 2873 8311 1544 2777 56 8996 7112 7616 9019 3274 4317 9094 4820 5677 600 6527 2184 1271 350 2487 2574 3667 3517 4369 5165 6670 2238 3117 1170 3567 1229 599 801 1081 11 1046 8249 1072 3969 4035 3513 1049 1645 4083 2957 5041 8672 1002 5917 5519 1619 1043 3940 224 2656 138 5733 4120 1845 1477 3798 4533 6922 1268 5381 5874 944 9050 6638 6741 35 4241 8448 2671 4189 6832 1207 4135 3348 864 5080 693 2208 2376 359 1122 3153 356 6444
