97 96
4511 1908 1449 2955 4233 6059 5657 4507 8534 3590 2561 3438 8808 8080 6147 9290 3130 641 2448 4678 8844 1045 1873 5690 5595 7529 81 7048 4632 1210 2106 1273 6821 6903 5353 647 6801 3343 8782 7163 5107 8962 1318 8171 7208 5622 1625 6373 359 7847 5592 2321 3692 6972 3631 6137 7479 3354 2950 1987 6655 8875 5076 2638 6000 6485 7839 5151 662 8658 3644 6394 5271 8206 6830 5578 8369 7137 1663 2908 5582 7924 5393 4471 6413 1905 3498 2032 6914 6827 4835 11 1976 6626 4498 2726
4796 33 6576 6627 8326 4984 5589 5756 8704 6445 4755 7691 5187 6406 6529 4966 4843 895 4235 6672 6330 5675 1745 1950 8300 5872 7358 6133 3346 5251 2951 8065 6129 4692 2624 4578 6022 9120 4024 4495 6730 7066 2310 6881 4559 2911 7801 4318 9292 3657 1203 2101 621 2515 6761 9106 462 5170 5574 2522 1131 3441 6906 3887 9072 6987 9288 3754 9033 5797 4589 6130 2350 3666 8831 4224 5407 1140 8074 7345 6078 3962 6106 7233 3976 4223 7199 6367 2901 5115 6013 8845 4780 1550 5273 6016
8961 6955 4442 5030 8134 2669 7925 2095 19 4980 2830 5642 9240 3378 1869 458 9286 5881 7559 7573 2102 7191 6509 1900 466 2233 4125 5848 5337 7238 6463 5447 1211 1374 2499 2837 4629 4106 4007 2086 3606 5319 55 1965 6674 8865 8854 7963 3702 6202 1022 3073 4906 8148 8219 4832 1609 29 8602 7230 7438 4295 18 4247 6117 5048 8055 8001 5302 4177 3229 6294 6334 9157 7510 7008 4451 6113 5311 2369 4379 5874 3751 8632 7093 8239 4924 6215 6546 7972 7777 2280 7676 4176 1670 2765
5437 3242 7511 8521 5661 1035 9022 3742 360 1192 2417 5026 6998 5915 3432 4859 3866 7418 2539 1224 5247 8814 5095 1219 2528 2421 6994 5404 7338 6368 332 4491 9180 1977 583 1415 9084 946 6021 7309 188 4447 5301 6417 6430 4896 7544 7148 5877 5954 4363 1248 6657 4168 7722 8749 5587 2757 9054 2927 4091 9074 6635 6935 5148 6555 3437 2428 1960 2 6287 8010 6135 8681 5497 4372 3568 4713 1249 1441 5022 383 5306 7524 5480 1708 8830 8142 2524 3469 9008 3149 1843 1359 8324 6899
3088 598 6311 2324 2068 9177 5999 3925 3089 6144 1517 6226 9150 4751 2100 5403 4657 5347 7657 2458 334 7426 6277 3121 9264 6681 4290 7089 5368 7714 8238 7035 4373 5952 8409 1729 8546 5635 2579 6823 9206 859 5817 7471 2859 980 6023 7836 1238 4955 5168 4458 8470 9009 8638 2989 658 7114 4013 2926 2755 4133 7550 3053 6390 4572 6231 15 7566 3151 3254 6003 3780 2196 1552 5943 3741 6251 7823 6515 1747 2420 2315 6119 3745 4375 2586 3157 8274 566 8862 6897 1771 5296 1149 2210
2537 5332 7422 734 9015 77 4746 3966 4152 1369 4990 496 796 6424 8447 6187 2283 4144 3584 4173 5700 5411 3583 3408 3968 2519 4182 2446 7881 7709 7694 3791 7104 7075 7667 2709 1998 8056 84 8448 4072 1994 7022 3971 1629 3189 2249 1116 3451 8678 4003 9182 6171 4477 1746 8585 5472 3486 5808 4369 6089 4798 5689 1696 6469 8606 7936 624 873 1214 7620 6326 7966 8175 7069 8457 6978 975 4991 6286 5546 6838 6568 1150 811 705 4213 1307 7356 8278 6190 7816 7391 4355 601 7272
7987 2725 2810 3106 4705 4621 4527 8462 1775 6613 5099 4741 2676 4475 6468 51 1847 3342 8270 3910 6400 1639 7990 1202 8883 9223 7112 345 3500 1582 5882 7849 8456 8563 4630 7166 4195 1057 8385 5487 3015 2093 83 3867 5445 6374 8514 8929 1884 2675 2732 2094 8227 5483 2609 7605 10 1438 5461 8993 4937 590 5964 9295 2076 2271 1669 5965 5761 2090 5362 4044 2368 1223 8158 2689 2023 5058 1090 7449 2364 570 64 5392 7553 7623 1220 2475 3138 8759 3079 2802 8799 1943 8285 6111
7761 838 4563 2395 2812 6712 6278 5998 3394 6732 3095 171 3188 6708 4524 5100 4029 756 2264 6961 7478 5946 8567 5050 3846 8780 4615 1252 8255 3596 6764 7090 4844 8764 2345 204 5884 5993 1935 3529 9249 2256 6019 6847 5527 1693 7643 2576 1588 6472 9187 5768 4539 3851 7914 1932 7983 2212 3903 9289 6336 6601 4110 1487 7539 5141 169 7411 3366 3173 2627 1606 116 6451 2510 2547 4042 5678 2204 5726 1047 7192 3808 5501 1530 6273 5504 47 1605 3827 9018 530 3581 8221 3404 639
6370 5742 4474 5945 2239 8911 7576 7647 7654 4041 379 7225 3717 6200 513 8207 4417 5639 1344 4269 1329 1681 7181 8484 1020 3676 2634 4860 3572 5544 7724 3300 2665 3979 5620 2128 993 5195 7627 5580 6149 2067 5177 1008 684 1284 3625 2700 2312 2707 3607 8547 4439 1160 8832 7100 8545 6599 5762 3040 2306 4810 4778 5341 7367 7832 5129 8047 5518 4971 4949 2385 6352 3218 3982 1716 6453 3429 6103 7968 3816 7753 4885 2819 476 6181 7173 3997 5375 6467 7542 5745 4050 2681 1435 1420
3191 8528 8033 5637 6834 1009 6497 218 799 1125 8302 6479 3629 9064 8104 8861 8418 2514 7484 4965 321 6462 5928 2185 5427 9103 1440 813 6890 1450 9302 356 7615 8139 1688 4332 1949 8698 4061 7954 2731 7064 1809 2109 5224 7282 8881 7117 5719 8067 7404 2357 5706 3279 9083 8086 2761 8231 4251 3515 151 1545 1098 8483 918 5750 2245 2049 7683 6371 7818 5939 1104 6926 4954 3777 1080 1653 4404 6248 452 4148 8540 885 5524 9096 4240 8918 3248 2855 8968 7533 7125 4489 8960 728
940 3836 8992 7178 656 5682 7831 5210 2557 7531 1608 8312 8477 8375 1246 2554 1204 3504 6943 4271 1300 7864 5149 5856 8332 5376 3286 4357 2407 6015 6291 7820 1277 3134 792 8804 8778 8761 4574 4073 4889 5812 4709 8787 5822 1737 7349 2088 5832 1386 7689 5064 4324 7135 6241 3546 2179 6598 8743 8516 7726 2147 6066 2990 3830 8590 9226 509 5926 397 5560 8025 6665 2923 506 3032 2607 9089 4625 7072 2464 7682 1805 406 5401 5909 754 2079 6573 2741 4962 9044 1770 6632 295 5880
344 2833 3473 2907 7084 2452 3428 4009 8225 9133 8269 5748 3474 5182 5330 7253 7652 4123 2416 377 6680 4304 3961 2026 2426 3911 5565 6381 177 6175 7442 3039 8073 5023 8693 8344 2160 6236 3424 9269 6688 924 6239 1989 5334 6781 1485 8138 8392 3009 9117 2184 1614 8195 6714 3740 5864 70 5526 5290 3940 6388 2925 328 3755 2450 4580 1526 5172 3948 5155 7339 4848 3559 4047 4693 903 298 1373 2484 1961 3674 5511 4227 2473 7271 3585 6163 2299 8910 3030 6079 1263 362 8543 907
3555 326 2954 88 9046 5263 2064 8701 124 5830 5372 8275 741 4161 2626 2612 7887 6879 5340 6787 7335 6104 9086 7472 6922 914 4350 2508 7845 2660 8694 230 6735 7252 1658 3458 8203 780 2012 3571 7285 4256 7600 522 3318 7045 2728 5924 7997 4058 2472 229 709 1944 4209 6498 825 8346 1053 4979 3758 6419 7250 3046 7693 4422 6925 4409 2795 1299 2929 7520 2390 8902 8454 6458 3574 4201 1560 2590 4092 7186 2125 7679 1868 2453 4514 3969 4496 8934 950 4910 1912 9049 7548 8557
6043 733 7407 2059 7296 2658 5608 6219 4947 4377 1838 4847 606 6798 6758 2082 5473 644 7962 8666 5159 8667 4395 8188 9052 3462 9194 3434 1182 8000 5575 9091 7306 7187 5350 2613 8422 504 7004 4306 8802 4793 6224 599 5318 6525 8890 6115 413 7278 148 2382 542 4781 1703 6317 7270 7468 6605 2976 1486 3986 4266 8724 4278 6325 5216 6996 4550 8607 4656 9198 1240 5079 4508 5502 6620 857 5556 884 4996 1051 5900 3126 329 2220 2165 9283 2517 696 9265 8756 7579 3728 7210 233
6667 4203 2018 1006 4430 9093 5032 3415 4415 2647 7557 7603 2983 7018 3058 3379 65 1216 3326 9160 6880 8494 198 8957 417 7644 531 3136 6556 12 1776 4982 8293 1594 7453 5395 8157 3604 6083 2568 4839 4008 5714 7636 8628 2201 4457 8531 8233 5535 9007 7280 990 508 9113 8267 7937 6506 1970 8975 8541 5378 3196 4645 3154 284 6810 6740 4846 4894 2856 2351 7493 6051 2937 2535 8430 2720 3774 8362 9065 715 5600 5056 2852 1177 5197 6180 1993 5567 786 3289 2783 1941 2361 4791
2120 5785 6199 5597 6887 1399 8700 1686 370 6865 8703 3360 7170 2319 6701 8428 8944 8965 6664 3859 8966 8059 6677 7903 3177 744 1699 1469 3880 7740 7196 4772 8500 5131 7920 3268 4690 6476 1333 7999 1562 8315 7745 297 6245 1511 5605 6384 6639 9242 3889 1497 4856 5397 8879 1041 6586 4345 8758 4817 4037 1710 7560 8621 8113 3927 3278 1564 2141 5211 371 861 9029 8006 3841 3578 4880 2262 4171 3999 9080 6875 6197 6438 6486 3288 6086 7607 3950 649 5293 1363 3621 4459 4506 8683
4185 5008 4599 8296 4892 6432 4669 2653 1 2866 5866 1256 4288 6340 1229 2797 4421 654 952 7572 4118 4731 7024 700 6409 3271 2386 1073 7551 6592 5246 1200 3204 3497 7266 3748 4376 2602 5135 7984 526 7308 9063 5036 2774 8213 6250 7592 5176 1049 2202 8731 8513 2893 7475 4776 2516 4911 6471 2598 5752 7961 836 4178 3819 6221 4087 4786 3072 9010 4842 4913 6091 4547 5845 7875 8742 6007 2934 6155 250 6428 7237 3309 2322 4220 6429 2722 627 8214 8751 507 6256 7223 1234 7587
6366 5121 2520 6392 7502 8042 6869 3230 8220 1657 5826 2173 5867 6131 3942 6145 4907 1075 4347 1575 4492 4108 2169 7317 6062 2235 5767 3964 7965 8268 5911 9001 3044 3247 53 136 3611 6072 729 554 610 3996 3306 5734 6941 6527 5254 1542 1835 2056 8266 2792 8445 2965 6756 1082 6395 8115 5138 3575 7291 8728 2610 1323 4750 960 8900 8276 6500 9030 5423 1896 1660 6017 7083 2047 8143 2588 2999 6736 5888 5463 3551 4519 6096 970 6308 299 3054 4722 8994 4744 6070 386 1916 4270
725 7421 3109 7262 5289 7805 9112 5610 160 6544 7002 6912 2666 7039 5209 5558 8813 7622 4027 4928 185 5902 1754 4642 1857 3970 8373 9056 6711 354 7115 2806 6808 7369 8744 2387 1956 1865 2673 7857 8922 778 1641 4142 1048 2425 8126 6755 5707 4057 1360 4252 3706 1656 1725 1335 8141 8768 6793 3440 6790 2449 7602 9282 6379 5871 6785 426 1853 6929 1355 1231 4473 4558 2548 3798 3159 5735 1265 556 9280 2724 9308 1065 4031 4945 8317 9239 381 981 5680 7651 3444 1622 8721 6382
2835 7646 8915 404 1342 8474 6733 731 953 5862 1115 4922 2655 4435 4802 5084 4004 2336 5903 819 6208 2084 3392 9208 8859 1279 3064 57 8849 4648 1507 6936 1888 6644 1331 8202 6891 4612 34 8263 3420 445 7807 7292 7162 1790 6108 8686 296 4100 2150 1011 718 6363 5710 4282 631 4689 4337 8294 6804 1948 1549 6747 8468 8360 6862 1713 4391 7621 8406 6008 1169 6178 3896 4573 4739 3594 4719 2512 155 6094 3488 8600 7616 4699 4090 5901 8609 4957 3371 7715 5456 4398 929 2330
8714 5044 194 3894 2521 1026 138 1040 3538 450 591 4026 3634 9236 7898 4968 473 5623 8940 8578 8943 6511 544 3616 3114 4460 3796 5980 2685 4718 4999 9183 6293 6750 1013 150 8490 6864 3253 8156 3737 8574 5530 4504 3198 1926 6074 7704 2944 2667 8833 1221 2097 3698 4825 2699 7783 201 2995 1862 9234 9055 8675 7372 8254 1382 8650 6587 5890 7749 8012 8057 7263 5510 4082 9090 852 5373 803 1317 7506 6386 2013 236 3954 6948 5354 2574 6478 3485 623 2439 4536 8404 6852 129
44 8873 6624 396 6065 8886 8179 4165 1094 2281 3649 5973 2069 5686 5784 3333 5688 1599 5317 4364 2060 6109 7436 6698 4344 7733 3589 1521 1677 414 2578 6768 398 653 2928 8784 7025 6896 8882 5534 7060 8260 3178 4523 978 4301 4111 2885 5893 3336 8682 3209 2863 2143 1195 1019 5561 7909 6581 5769 1995 2632 3995 7337 9276 1618 5930 6563 6448 1673 8569 4660 6454 8037 8523 372 9114 3329 1672 9163 667 8537 4174 1371 1473 9207 2664 9193 4426 890 2338 3510 92 2284 2294 917
7727 7789 9311 5018 632 456 7985 3388 3530 8288 8795 689 3221 6401 1730 7976 6776 5222 4944 4905 3525 8264 613 6636 7443 6822 1400 1554 3022 1836 6242 2594 2935 4338 6654 3749 1314 2394 8781 4875 5733 3723 8283 5442 8307 1367 8071 1702 8936 2575 4014 8297 760 2880 8705 7554 4340 3865 5643 195 4640 7341 2840 4528 427 5717 6192 1556 5358 717 1109 2057 2031 7396 5644 7350 8110 7102 8917 9143 6042 3103 9125 4444 8619 2829 6252 5105 7435 3139 2237 5837 3052 3239 8340 1174
7591 9250 1132 7440 942 1005 7575 4105 267 7476 7619 7096 6958 5377 4637 2879 1854 6206 3029 9137 4782 7886 1931 3772 6349 4059 8443 248 8927 8364 1042 4335 7050 8423 5577 4696 8880 3652 6412 1945 5919 144 3759 7287 5804 313 3005 1712 3145 127 8387 2759 1531 7896 7375 657 3832 4358 8058 8665 8367 5322 4674 8564 3078 3541 6321 5990 2384 162 2749 7430 2606 5739 3815 9027 3477 6309 5564 9078 7781 7155 7505 6803 2853 7212 119 7457 8471 6069 4522 2151 4399 5470 8118 5927
8906 7231 8828 3879 4464 3769 6967 7255 5204 7594 126 4297 862 3355 3120 4978 4117 7063 726 111 5658 585 1867 2942 6480 7485 1887 340 164 6244 7495 6539 8303 1959 4413 6436 939 4074 3233 6634 7088 7578 5705 8169 309 7374 5386 4137 5640 3548 7906 7425 9116 4063 8209 8533 3788 974 7020 7397 7323 9082 392 1679 4963 3493 997 1856 5671 3888 3332 4602 4067 8432 7690 2518 8771 5536 8655 9196 4071 5598 8747 4480 1362 8811 887 1391 9259 4790 4662 771 8925 4664 4493 1833
1697 6850 1816 7830 5974 3839 8649 4476 376 3075 8003 2896 260 7203 176 488 602 3678 3855 5020 4396 8806 6076 3991 5770 4160 1194 9028 4586 7049 3277 3195 1829 5010 3916 1548 1848 4887 2715 8997 4770 3260 2393 4627 4293 5588 856 1292 2483 1315 2343 8871 2285 6302 7743 3466 1244 2648 5508 8455 7859 4425 8009 3399 7392 6815 1504 1146 2308 547 9258 5488 2552 3801 349 2183 8005 7741 6617 412 2592 316 5557 4591 1778 3276 1668 8452 2916 7888 6006 2939 8765 2077 1736 788
497 4716 1922 2225 107 2092 4273 6396 7802 8366 8197 8120 2355 6276 8954 6795 3945 9156 5886 1876 6385 2897 9109 3490 3123 948 4723 2410 7254 5718 6579 1186 7877 7360 964 1227 2168 1784 4587 1763 7633 8204 115 1155 2914 5602 1452 7878 8869 7736 5698 9255 4359 4250 7769 775 2616 7545 3811 6259 3767 6723 6121 4292 5626 3273 7434 6873 4888 2024 4094 4225 4616 1808 5166 6930 1769 7588 9121 4874 479 3757 9213 1258 1097 8205 915 6824 2075 4745 5243 2463 8211 5374 8689 678
773 1198 3102 5956 1477 6331 7735 3630 611 24 1141 6530 9041 7483 2152 9025 6243 932 5046 7686 3844 8023 1154 8970 7241 1768 7053 3357 5137 3171 5420 5613 3450 8982 2504 3933 6167 1077 8426 4321 7907 3168 7333 8351 4538 875 4737 4711 3960 2670 9244 4634 8190 8449 5746 2481 2558 279 3330 5982 419 2599 563 7684 106 6977 4383 5609 8184 3435 6257 629 4707 9270 484 3305 8575 483 5572 6002 2007 8544 3186 7295 7535 6356 2875 1301 2203 7321 212 7514 7433 2941 8611 8847
7092 6932 6547 2793 5940 6679 6811 9 5063 1167 8107 3348 3658 2889 8425 961 7725 6831 2164 5603 3014 3436 4951 6908 7174 4023 1397 3544 2367 2878 5586 7017 3684 3225 3376 5757 4638 8661 936 3731 6552 5615 2217 638 2949 7516 922 8167 5031 7276 9122 3936 2948 6774 8586 3612 3110 6101 2236 1798 7031 4837 7732 7779 4691 8153 7921 1644 1785 1782 7085 4800 7946 1502 6861 3012 7149 6868 8394 3689 1142 7378 8241 6407 806 7359 787 1914 8928 1015 281 4317 3665 8305 6947 3907
2902 253 5154 1645 3569 9026 2780 8524 7458 5725 7327 8949 9100 1436 7009 7998 9135 3512 7005 7305 5060 898 5232 7503 8475 6558 7312 6846 776 7988 4576 5426 6953 6949 5772 3736 5908 4771 5505 4584 5201 6041 7758 5929 6341 8898 3210 3487 6234 2803 4172 3241 5164 9151 2290 7267 5150 6786 4748 5660 2869 2447 3243 564 2133 8732 3028 7943 8798 9118 1393 7133 294 8809 5694 5465 4997 2931 8094 173 8737 2585 9202 4164 7774 9115 7614 3918 69 6035 7589 6885 747 3553 2844 2760
752 2988 3206 5034 7051 4239 9229 8504 1859 4053 1168 6165 6425 7703 2843 7389 8752 2947 1855 5283 6832 4858 1615 4248 4481 8098 8499 7057 2813 7056 6085 1918 4032 3313 1844 5963 1389 2029 1032 6670 8597 5740 1325 1388 3122 2559 7103 3580 499 1353 777 9032 5326 1496 3975 1652 6622 3770 2172 8971 4792 5829 7304 7116 8577 7300 108 402 94 1417 2044 7078 5274 3287 3327 5233 1544 1495 6282 8022 6357 7563 2329 5699 8642 9067 8605 6053 3828 1837 4683 5776 5907 4903 9057 300
809 4742 8779 8306 6992 5543 3024 6960 1095 3834 8920 1173 310 3205 6300 8919 5016 8852 4869 5414 7678 8393 5384 4033 3549 5910 1410 6284 588 6874 1536 6306 223 973 4156 8596 3790 7140 9058 8603 1500 7696 8887 6564 912 6928 2344 3813 7762 3838 7286 8489 5324 6431 8870 815 290 1766 1870 1899 8786 9191 4410 5807 9251 5948 7750 4993 8999 4052 6916 5369 4765 1525 2680 1061 6704 2854 840 6214 123 4389 2432 4647 3860 8635 4867 5309 1743 5596 7744 6719 5738 6867 1218 5276
6494 2430 1105 5133 8659 3010 5156 8491 4626 818 6055 2193 3377 3082 9038 5455 8244 4789 4135 130 8998 5590 2108 7593 2618 2213 2993 6125 8680 6970 5633 6397 8568 6993 38 3697 4779 5986 511 5810 1759 1305 8857 2663 6713 7837 8348 1197 7474 5951 8319 378 8947 6820 2460 5858 4872 3687 4170 8295 5003 2695 1774 5641 3518 8434 39 3086 5123 9291 2015 1079 7141 2126 1513 17 56 1257 891 3393 2846 1338 4346 7608 8952 8723 9043 382 753 7546 2037 5542 1547 4531 1480 1166
779 7429 7134 1964 8863 2122 5517 1460 1851 5532 6312 8028 6512 8131 4467 4120 235 6661 8930 3162 3870 1156 3752 3983 4188 9272 4653 5006 5248 1076 8359 4549 5838 2917 174 4139 4799 4280 4983 4348 2894 6182 8581 1589 8419 2744 3989 4596 1409 90 4169 3953 3507 6628 7504 6034 6177 4594 3806 867 6642 6615 6517 4895 3814 8407 7463 1014 6705 8316 475 7461 8482 9211 3496 6902 4319 7913 1864 4045 7198 7492 4727 604 3977 8899 3156 4200 6775 464 5074 9132 814 5284 2153 5071
6999 1288 2980 8243 8674 3147 3826 7810 2674 1821 2690 6767 3087 8755 1685 2261 3963 6578 6971 3475 132 2379 337 6618 2181 8874 4246 8841 6975 207 5255 8463 626 7841 7086 817 9241 1089 5033 7382 8234 2186 4040 6369 8901 2468 6159 9200 4128 8938 6860 3077 8487 5627 695 4533 2787 7275 3386 2403 4069 5554 1676 336 6344 9262 8311 311 4505 2909 1895 5459 9296 518 128 2629 5398 4085 347 5846 5147 187 6973 2821 855 6318 4813 247 3155 7947 4487 429 7184 1920 4767 3959
2968 4849 7604 7612 2973 2218 221 1799 319 3677 8116 3664 3883 783 5315 643 2404 5859 7772 9023 4465 1445 2445 1930 118 9300 4194 4482 3705 3957 1596 3932 8246 8907 4551 712 8181 5681 7661 3633 7448 1424 5654 7695 1731 240 5199 2424 4191 5380 954 4388 96 8193 2767 6693 6247 3027 5453 3347 6771 5190 6393 4259 48 7991 4308 7688 3369 2063 5167 8738 7768 241 2317 8912 4199 5117 439 5914 172 4756 3427 2442 4116 1828 837 933 5737 5171 3985 3339 4606 6807 2498 3872
7301 510 3904 2396 2229 4532 4703 6567 6414 4758 3874 9024 5774 6904 5749 2848 770 3482 8388 7869 6794 3565 4146 5235 6753 5068 7070 7902 2682 2342 4153 4597 3213 9107 7815 832 2419 6455 5196 9233 1576 8834 6800 1275 2747 2697 5390 8223 330 16 7189 7490 1909 3096 8604 4747 2496 7030 4002 1611 6169 3637 8183 4560 6298 3257 3297 6304 6263 2791 1527 3019 3337 1092 959 6080 411 3862 4198 8092 6238 2796 2604 4361 1345 6528 9305 2771 3069 8069 8769 5025 6893 1030 8921 4554
4403 5847 3835 3620 3252 8592 4211 7011 1882 5912 2307 2081 314 5080 5452 6653 4232 7697 2238 3081 1071 61 6696 133 2411 1310 1084 8399 8060 5144 9227 2339 1780 436 2479 8064 1915 5758 5629 4154 6707 4919 5729 3232 5474 4926 7331 1101 8365 5037 8196 5054 558 8095 4787 1982 6350 824 5431 543 1346 1402 8165 2252 8916 6280 1392 908 6571 4325 5659 8257 6320 2466 9061 4644 7466 8736 8953 1421 1756 2977 2580 4035 8208 538 5971 8313 6141 7415 1272 7806 2234 2693 4314 1636
7459 2800 5896 1297 2541 8560 5691 3270 5519 149 6984 3561 2040 5786 3237 5715 1565 8980 4162 2507 8453 7329 5312 7799 2751 7101 5253 2030 7993 1577 8507 8720 7353 9169 614 6574 2593 7596 6969 5333 7190 3659 6537 1330 679 1971 8727 8122 2265 8259 4785 6759 7668 6995 3695 8913 6728 2964 3169 438 6939 3727 3558 5113 4275 693 3467 826 7577 7670 4056 1228 750 9247 2975 1563 8986 6980 1068 2740 2654 4840 1812 3721 2842 6362 682 1381 8383 9141 3047 7734 8766 5258 1580 1251
7555 9075 4158 453 114 7958 7879 6570 3283 8150 4339 7177 7176 2240 2553 1060 5015 3781 1072 6857 1494 6985 5889 2745 1394 3185 7033 5869 5619 5092 3411 4394 704 3235 1007 5961 9284 5904 355 6766 4180 1880 1303 8410 3043 2671 3152 2958 6519 3356 1573 1840 4763 6739 8381 7543 4366 622 8691 5957 3353 6183 1118 1165 998 5165 3045 1990 85 4420 113 8587 4836 262 4908 3516 8019 5237 7214 5269 7509 1946 5202 8379 451 905 1407 4315 1583 7824 4940 7062 1807 3734 5612 6845
3669 5618 1023 6934 8643 9017 4054 1259 1567 8049 8322 7486 8 821 3726 2146 1117 925 4257 6690 7283 2636 1293 3084 2940 8496 4730 6158 7211 8497 2441 3715 8186 3654 7929 1488 269 1243 3056 1064 1871 794 9246 6450 5855 8124 4609 6889 4219 3898 270 208 4865 7013 5996 8191 3142 6763 5696 6577 1524 2644 2302 8402 8633 1004 2733 1540 2966 4402 2051 2633 3166 2085 5923 8378 1533 7185 3802 4773 3000 3094 7432 1834 454 8495 6218 3958 8613 1175 1541 1578 6870 5436 7218 8562
2642 4516 7156 9235 3061 5825 7663 5040 4959 2811 6285 6602 4592 1334 4712 6779 4418 7188 5585 8582 7803 1528 7601 7846 926 9016 4724 8630 3226 4478 4309 6773 5338 2275 8579 5917 8140 1750 2779 9159 8848 1651 459 5925 7087 5995 2631 4585 3417 3524 3609 1457 5697 2888 1804 472 8760 5101 1800 8593 7473 4387 8807 5102 1723 1958 6724 4912 6161 7571 7981 5212 9297 1735 2525 6186 2348 5028 7919 711 4502 6310 2546 331 9306 8014 7311 6835 6533 1036 7157 384 5475 8236 1039 5636
6722 8711 1755 5677 6172 3937 6689 5405 5221 6026 6968 8706 3174 2922 6487 8046 3577 8008 1752 1464 1674 2033 8215 8441 5991 7825 8087 8291 546 7819 1633 7610 1245 3471 1907 8280 4036 2250 2739 8201 6319 8336 6153 5169 3071 7880 766 1128 6650 645 7279 7515 2406 8511 415 1062 5668 2476 2043 8034 869 8310 4952 8897 7036 1861 1616 6061 1561 7780 6315 6452 1831 2959 37 1378 2605 2781 3931 7171 4721 8412 3192 8016 2408 7952 2096 5316 758 4562 494 8347 5625 7677 3479 1347
1453 5976 764 3655 4650 781 2041 8855 7507 5559 8323 1396 244 605 3794 5897 8160 1715 7398 3180 2915 5813 461 7786 1283 6128 8343 498 612 7180 4628 1781 7379 889 4446 4659 7739 291 5045 2477 4241 8053 1967 4287 4783 3746 197 3066 2960 9303 4136 8872 673 8824 9126 4870 6316 1052 1939 3519 5299 305 6227 6292 8376 4434 8549 3143 6040 8712 9139 6050 4897 6981 8519 1356 5783 6020 6976 586 3395 1114 2461 6271 5238 3873 7047 2053 851 6548 287 4030 8063 3380 1034 186
5791 4513 8146 8084 7897 1999 7094 7634 5336 2782 275 7221 2530 1122 6814 4804 5870 1308 5563 5000 3661 87 7702 375 350 6090 5291 1027 7994 5305 3026 7941 9184 7121 2328 4725 3978 6872 9119 7320 9178 8431 1164 2862 4412 8656 4479 3539 4260 2118 2038 8923 2027 3923 6796 2900 2098 7791 8520 1631 7809 2117 692 4827 9190 6484 6011 8725 418 8634 6612 1801 8397 863 239 7014 7081 6588 6279 7342 3556 675 3263 3542 1630 325 6314 2652 703 7006 8371 8945 433 3938 2717 6734
2214 4438 5348 449 4534 2861 4076 8382 8345 2166 3849 263 4021 3338 3125 2713 5731 25 491 5371 468 3370 8401 9279 6240 8450 2742 7967 2497 5685 7638 6691 67 3478 9088 3476 1996 6365 3882 5001 6328 8368 5041 6060 1532 5894 3217 7205 183 6683 6851 7127 2365 5538 8894 4821 2378 1385 1818 1519 1704 1823 9059 6496 3952 7639 8476 7259 367 8988 5240 5835 2224 31 9237 4834 7626 2402 4011 6327 3181 4726 4917 4546 4313 2391 7776 4466 7748 7260 401 1455 3295 5537 3384 5942
1726 5777 8789 9068 6580 7964 4206 209 2523 1923 363 3563 6641 226 1422 1461 594 986 7842 1890 5425 8161 8978 7207 9261 4234 577 1806 2729 9129 7376 5051 1088 6828 7007 1742 91 4080 2273 3006 3468 2002 8826 8011 2267 5366 1024 5278 8281 6550 1184 2158 7556 5771 6638 1955 5931 4960 420 1795 9006 3261 2004 4803 1193 5205 8797 302 4407 3592 6749 6504 7797 7334 828 572 6364 4229 6154 8411 5282 877 6855 3238 2619 7132 4333 1190 5323 6120 8245 6921 3008 3899 742 3573
8350 7541 4354 7873 7960 6329 2895 4569 6299 6915 6738 1000 6591 4126 1110 4816 2544 6606 6047 3576 7628 6607 6265 8718 1426 2953 6633 5934 163 6716 7581 3671 2333 6614 7194 5065 7383 864 4300 4302 7860 2756 2737 4676 4581 4607 405 6965 7027 7325 2418 465 3919 8121 1379 4893 1489 1814 5379 58 7522 1628 8501 7540 7874 3640 122 1749 2991 5231 6818 7340 1063 6566 2752 1947 8626 8548 4729 1143 1571 5780 8163 6524 4749 5983 6590 424 7417 5495 8352 1479 3150 681 1586 637
4283 4777 5188 7944 4964 6024 1957 9216 5396 5833 6030 9287 4753 3215 6490 2957 135 1465 1255 3876 2215 4588 3187 7294 581 5624 1553 8437 153 4131 3146 4639 2123 2513 7911 3104 8972 2482 576 3449 3743 4381 6473 8481 1179 3506 485 2279 8713 589 4018 7377 4397 1178 2291 5280 6819 5118 4103 6267 2505 4537 2309 7277 8180 2872 6952 6005 1332 1017 7870 9231 8325 7142 8539 1043 4419 7599 7910 4450 5262 5617 6351 1086 8889 1321 1643 6905 431 4039 5634 9275 3264 6025 6475 5351
8007 1387 5132 8224 6780 8888 8331 8893 7055 893 2282 2115 9221 6842 2199 1372 3304 4236 2762 1490 808 7037 730 8304 2865 131 6989 9111 14 4935 923 7393 5591 532 1352 996 5069 1613 4274 1659 8793 6990 8189 3163 4684 7153 2877 460 3766 1698 8877 8810 4096 1298 6871 6554 5241 5429 2777 1863 1304 8230 8192 5649 6399 3387 1761 9310 7265 2801 4484 22 3 1446 2244 1566 7079 4986 4436 2287 4316 5764 8256 827 7675 615 664 5891 5484 4987 8242 6518 1289 2623 8987 6540
1499 8837 5067 2295 904 1419 3668 8013 5416 5579 3947 2332 2921 3825 1772 5179 2433 8469 9039 8438 6435 9243 8149 4544 2551 989 2608 2016 3090 5430 3921 4268 3129 278 7412 6559 6769 8182 1779 7525 845 5687 2405 2001 8687 5938 6232 9152 7138 7012 5360 5875 3433 514 5471 3762 820 8631 8174 1917 2628 3730 8716 2924 2650 4552 1584 3002 320 8908 4610 7699 3509 2000 5568 6619 2506 4582 1839 8465 5584 8726 199 4570 5191 2501 4124 3363 7315 5516 3597 6107 4671 4214 3615 6092
477 910 49 9266 97 222 5304 7423 8654 3875 8684 2121 3779 3423 8981 2963 8836 8480 5611 4661 1191 6945 4989 1135 7464 423 8354 3994 2443 6858 1509 1170 1206 540 4264 8627 6160 7352 3503 3382 7655 618 7713 1901 751 167 6900 9263 2455 2736 1664 2727 3920 5693 2305 7642 8842 4740 5552 8135 6348 7787 6249 1514 1247 2241 8083 7409 2019 3842 6569 5244 9138 7956 8433 9087 421 5844 8565 8776 8584 3403 5492 5895 137 5152 4890 4857 9273 6727 5645 2582 1739 4675 1209 7757
969 4934 1822 3037 4943 901 168 4312 2380 1434 2770 5865 2997 1099 6658 846 7204 3124 1523 7496 2388 7568 8072 5349 7959 7738 9136 2764 1718 722 6415 5234 3981 8127 8835 2600 1501 8662 6802 872 7046 6663 5013 4933 134 4121 2645 193 8050 2438 1830 670 3618 5949 9253 5716 8435 6720 6122 2155 6110 4974 1824 6710 8272 6039 6032 3111 4830 5460 7828 3535 798 5230 303 4064 2011 2254 6166 2129 4342 5111 2890 361 2932 2175 600 5286 1358 8361 8576 120 3946 2103 304 8664
1789 474 3322 8508 5631 768 1534 6378 7567 1285 3491 3341 3643 5918 8800 4818 3303 561 4020 3220 9192 8105 9070 2247 2221 3042 7354 882 5562 9277 30 4774 9199 8415 8707 2017 8735 7105 5450 8818 2288 3051 6535 5489 6353 3334 9053 2189 2858 4854 5540 5417 8226 3775 7876 2298 3372 7631 4084 1439 4307 5308 2083 4469 2785 2008 7347 3365 916 580 3582 7969 5937 7624 3732 2198 7986 881 8374 7570 9210 3955 394 913 6675 1056 8228 4215 7900 4733 3308 3587 3951 4593 3988 7038
7848 8400 7144 688 6457 759 2985 3773 5432 8588 5994 3396 4255 6718 6139 7258 101 6335 1222 8967 617 2712 2400 8858 2454 5754 527 9271 3164 5599 7653 8757 2723 2228 5932 1081 1205 6198 4931 8040 5194 8464 9204 5192 6105 2437 1037 2904 3001 5709 8616 6682 5887 1680 2266 4109 4883 962 8532 1474 4761 7717 3100 2851 9012 7796 6589 8467 7470 2292 1236 3362 659 6907 6228 2601 5260 9224 5422 810 672 3057 4948 3412 4503 1296 801 6745 8722 5959 3316 2209 9274 3426 545 8672
9110 2734 2816 273 6087 1349 7747 7649 165 2823 1570 5130 5616 3908 603 7582 2527 2414 2814 2130 7630 8973 1883 7973 1282 6209 1910 3965 2778 5857 8398 3293 3148 829 2136 1598 5801 4970 5052 2268 8589 6179 7021 6440 2167 6477 4882 3776 7264 3567 2341 3481 4812 4540 5385 6603 5987 3098 3656 3913 5145 523 5103 739 5695 1760 8093 3586 2401 6046 338 105 2397 3397 8395 7975 6933 8878 4855 5078 1724 6562 1066 6937 2327 8868 478 927 7617 5820 4735 8805 9005 735 5070 2668
8515 1401 2243 7444 8478 7197 7949 6531 6303 5363 4193 2886 7840 4272 1690 7467 8851 6323 8895 3602 6608 7395 393 3934 4520 3685 2640 7674 1001 2178 8644 1689 9153 7095 8792 1134 389 3004 2383 4049 3878 8673 8937 1145 6741 387 5252 211 7202 8788 4672 4216 7977 7386 6910 2370 4463 2352 790 2870 3312 668 2495 6782 551 182 2478 1312 793 6150 3350 1181 3786 8273 955 5261 9254 5467 6173 3074 8442 8977 6982 5007 958 4102 353 280 7091 8864 9181 2708 7403 9045 5038 7003
410 6957 6211 5853 7664 4600 6853 3314 4382 8488 6660 3795 1966 5160 3614 8677 4065 4138 1978 3385 1591 3199 5676 7890 7611 4936 4708 7905 268 7580 5775 490 1491 2246 6659 7935 6073 3917 4098 4187 2905 7916 1683 4715 1879 4328 4788 1119 6184 2738 2286 1059 2208 8147 858 8217 8815 2639 7931 4706 3623 6405 5228 720 6033 3782 2139 1262 2849 8538 567 2556 3686 42 4254 6783 2174 2845 6333 7217 3653 5359 8914 8580 1463 225 983 8622 8853 2456 1163 6520 8282 1398 1787 3282
6056 3454 6629 7970 5415 7893 6253 9124 1585 8715 2688 7737 2028 1226 7249 5140 308 3992 1832 103 467 7705 3818 5464 8030 2684 4380 5922 517 9148 7817 2903 6260 486 6346 9144 1522 139 7752 8955 1266 8417 2876 8517 6983 6625 4916 3700 9099 76 8652 3526 6343 8292 5868 1188 4565 6892 1623 145 1569 7462 74 5303 191 9189 1846 6093 7293 8200 8075 3137 5796 9248 2706 6521 5979 2070 8817 7500 3719 1968 6427 6656 949 3650 1897 7447 8051 5295 871 5342 7590 3501 4129 4898
2195 9257 1975 503 470 2485 3418 6997 4197 4717 9094 3792 4665 1894 8985 5256 2486 4488 7222 3532 6203 8827 3566 1792 7904 6488 4455 2114 3943 408 3358 6126 6709 5083 4694 2127 8963 3718 8335 5545 6444 516 7380 3456 2789 9175 663 6359 4122 8390 3463 301 2459 6342 902 4512 2550 5245 6237 142 4841 848 3331 3165 4218 805 9154 3972 9164 3928 5892 2784 4368 5876 3447 6746 4736 5834 9155 6332 1002 8077 8286 482 1898 2219 1635 7131 4886 6501 1732 2696 4555 2721 8739 7528
6152 5490 4967 6816 2930 1529 7082 2873 2272 1337 2657 2192 9232 3416 5321 6380 2180 3924 4330 8530 7953 6355 1012 8258 537 6081 3711 7067 8102 7324 1621 8518 8416 8647 5720 5451 1925 3531 2620 1581 7452 3944 4068 7712 5821 5019 180 1667 4814 2748 1046 5143 2409 4441 5514 3422 7073 342 8152 8421 7912 4752 2034 5158 1405 1074 7136 5268 1893 4320 931 2898 7707 9140 8420 7926 9268 6522 3135 3760 966 3244 7939 6611 5799 5704 1320 1810 1972 2651 4941 4231 945 3739 8717 9203
7843 5116 1647 9281 36 6717 3401 3688 1827 1375 4267 1661 4667 224 6118 7154 1390 2773 3093 2857 6434 3031 8829 6715 1986 9245 274 4697 3017 2415 7368 1515 3554 1213 8559 4988 7558 2194 5215 1849 3810 3756 2162 5096 4385 1921 4221 2073 7814 5127 8177 4769 977 1711 6423 7640 2278 5383 4784 4392 8078 8770 117 4329 3161 7955 5981 276 6491 3939 4184 4682 5264 7829 8492 4603 217 6456 7330 2258 1280 6609 335 318 6886 7243 988 7625 1111 533 9098 6963 1619 4336 2231 1985
4738 7420 7269 1208 3909 2532 9225 3681 1458 4296 1826 6809 2883 4866 1196 3837 3065 3984 7659 6806 5094 2105 7216 5153 8247 5958 3419 8821 3160 4483 1492 4352 285 3207 1937 8503 3829 8384 6097 3949 3613 430 2289 493 5478 3240 2538 3381 2381 2293 5788 3197 3848 2303 6697 99 8250 234 1665 1313 6561 661 690 6464 7274 4920 8052 4414 9171 8436 293 4794 2474 1459 7785 62 1788 1055 6029 3514 1953 4863 4754 4179 492 9307 3701 152 5493 534 6637 2314 7387 1281 4579 403
3638 7365 6593 736 237 1429 4824 8460 4734 9060 5498 8173 6100 4509 6246 8172 5664 6057 2772 1044 584 2296 6123 1911 2061 4341 1997 5024 5724 3610 7427 4016 7236 2867 3536 8566 3744 6207 3871 4829 4497 7996 7213 886 995 7501 8459 6132 5883 8614 7248 9220 3352 3691 7853 3895 930 3783 1604 5842 6258 8939 7229 713 1646 830 4134 2943 8329 4243 4698 4393 7763 6377 7852 2311 967 2637 3256 6225 3085 4262 559 3627 7290 5250 3840 938 68 5566 3709 8850 8522 1295 721 4362
5346 435 8076 2399 8235 3603 4046 6054 519 4557 8018 8956 553 8819 6272 2140 8573 7729 5124 7894 3993 5200 1860 7765 2025 3847 5651 3680 8066 8555 489 7995 5503 2434 4192 1260 249 5773 1158 5849 6084 441 9217 2462 3660 7451 1764 7673 8979 8995 6940 8271 8279 1981 2678 7302 7326 2526 4985 6499 1112 1274 8950 2832 43 7922 7637 7385 4265 1546 6510 1767 8187 2969 7928 5793 7517 5984 3987 8339 5962 1403 3414 5988 3211 5109 109 8284 844 1590 8790 802 3761 5736 7273 8617
7597 2860 5840 3112 3214 6772 5992 5551 7833 1557 4448 5029 5652 1727 6071 6523 7754 1980 3284 1340 4452 1852 3675 2145 2182 7665 9186 1654 4140 369 6959 1239 985 6883 7808 8719 620 5555 7771 1666 4279 1121 2643 7431 5679 6584 7645 7328 7950 2335 6631 1130 8948 4114 5331 1551 5765 7586 1199 4975 3099 1951 4015 5412 7371 1106 8372 650 487 9095 1336 7439 3886 3083 4864 4884 8946 6859 112 2131 2656 5011 5382 3375 560 4132 2874 3864 549 1936 4249 2048 5229 3175 8133 8951
216 3223 4972 651 2562 7169 6124 8035 2758 5792 2987 5180 3545 3714 5287 3351 5257 2091 8298 4367 7885 1886 6866 7160 5174 8839 4113 2603 2621 2864 8506 5458 4461 2376 45 7219 3452 7764 1983 4529 2698 6737 7487 50 323 6148 1952 505 7821 592 3893 8321 5760 3361 82 3190 8969 428 6482 4686 1261 3041 4244 7139 1354 7130 416 3670 878 5310 4130 4635 455 4083 4564 161 1384 5203 6372 3897 3930 7706 7182 7110 4384 7099 9020 7891 7332 1113 4852 2677 7406 4969 4408 2277
4151 3442 1722 2260 1734 5802 5097 5186 1235 6726 7224 2543 6031 6295 2156 6986 3483 7512 1328 4093 5193 2591 5523 9077 7710 7016 5632 59 3302 4590 7165 7942 743 7979 4431 4157 4797 9035 5125 2952 9142 6788 1268 2962 6557 8552 6360 7288 7980 1319 8556 5017 7206 5583 6188 5604 3588 5356 3430 3421 5692 1493 3425 9127 266 6027 3141 7855 1225 3115 634 8820 5055 4149 6514 6505 4861 2110 3020 4055 1468 3272 6623 5906 3679 7158 3321 6358 947 6920 4462 8349 562 9158 8860 6301
9267 528 192 4605 2006 3547 5795 2071 4104 7419 352 4702 3231 1286 252 5663 2946 5082 7128 5482 3176 446 7441 7746 2274 3900 5828 7918 1617 7227 5520 4525 2979 6383 6112 7669 6212 899 4766 5163 5298 3266 4163 6164 4566 6543 6805 8856 8983 5550 8767 772 6038 6283 8697 7932 1626 7527 3707 669 1031 1025 6646 7518 469 5831 7113 2827 2577 7685 6825 2583 2836 7798 4768 1733 5275 7728 6833 2691 2493 5512 6297 6443 6138 245 1050 1717 2569 1579 2807 7895 5885 4807 434 7481
1269 7477 4499 4406 7564 166 7284 2536 5730 6489 1597 86 3922 5713 4838 146 8262 9079 9047 1230 4208 1559 7494 2560 6974 1467 7632 2825 4190 3118 8866 8554 8542 3863 9131 774 5134 7118 4831 60 6 7242 365 178 1432 9051 4687 63 1913 1187 8024 5913 3063 4961 7245 833 7228 3771 7767 3182 8651 4416 1587 708 5355 5778 5506 7052 1773 312 13 3595 2804 7098 7917 27 3877 8745 8097 1127 8526 716 3517 7523 7923 3245 5628 3153 1096 8591 8027 8334 2956 8103 5630 4143
6268 288 6067 3179 6762 2360 7336 5394 6099 6142 5744 3713 1709 1803 1802 4613 6651 3764 2794 5365 7362 4311 636 896 6757 5402 7569 557 2457 5818 1963 4078 5400 4167 7858 4973 5206 2786 5851 7076 5454 1758 4228 8867 6338 4700 1157 4365 2205 1777 5012 5292 7992 1927 5947 8892 2431 8044 2039 2362 6495 8108 4405 7370 979 8109 7209 3200 8125 9176 6168 7120 1744 6420 6410 6652 1885 2625 4012 7884 8004 2564 4649 9195 7838 1973 860 1866 3291 8166 257 1794 5766 3446 373 5728
3998 1762 8021 7126 3340 2487 5653 6770 8185 1448 5066 7488 3570 6354 1904 7491 7097 7854 7672 8734 443 1520 7026 8535 6205 619 6676 5683 2509 5043 7775 8750 8114 9161 2248 1326 941 2316 8801 364 7681 9197 4310 5794 900 5042 8253 4006 2149 4112 3502 2320 5418 7835 3202 1538 5035 2945 1881 7399 7299 7122 4666 797 9170 4806 843 9228 906 6418 2881 3335 8989 6946 2435 1748 6596 8932 2710 4433 3914 2226 2994 3804 5966 6361 1466 400 3359 5525 8101 4468 8636 4851 8550 6426
1877 3258 7319 7071 78 2622 8137 6143 3768 897 7613 3881 2207 6266 1427 3250 1738 6649 4809 7289 1684 1124 2563 5214 6931 8199 3853 5307 1555 3050 196 5933 5297 7561 4901 2998 8162 6964 1692 8812 3527 1408 2304 7711 7800 5091 3682 9002 1412 7401 3310 8082 3778 6789 6856 5521 4356 8904 2161 3158 7497 609 2615 8935 5732 4655 7384 5122 6877 2157 8823 8466 652 1093 8746 3281 4728 437 5300 4443 1430 6541 5433 6988 219 4077 4808 4670 642 7793 987 6134 7244 9238 2967 3091
5004 5843 5935 8342 8669 3564 4636 1176 9108 8685 8536 6437 5879 7108 5854 317 1456 3821 2659 8129 3636 3389 2112 7159 7172 8355 2340 2534 7872 4828 628 6551 2080 2971 5968 5790 8601 5581 9162 3662 4775 457 1100 8222 6459 1271 7671 596 5573 5364 3890 5803 8070 3941 4001 5440 1357 3663 2480 4679 676 8976 3038 6305 1418 3712 4079 1568 4930 5873 6088 8645 4915 8427 3505 1029 7795 5665 3926 8363 8210 3294 2492 2036 6064 4871 928 6643 1503 140 6695 4618 2981 2356 73 4677
1878 5208 143 1992 6791 1309 72 9145 1085 5061 578 6398 529 2933 2494 4663 2686 1376 765 9004 6001 8212 1505 4881 831 156 847 7313 2107 170 100 6778 8931 3364 6843 227 3464 686 1033 2763 9149 971 2349 7235 7361 4646 3619 6009 6944 4159 9062 2716 5531 991 3013 8572 6700 2206 6673 4189 7465 5782 1942 6849 9167 2490 710 6894 1765 4010 1796 5220 8479 7107 4166 7982 2467 3690 3784 7598 1740 4510 1929 8176 5343 1212 7718 823 2197 4360 1078 4815 2815 3599 6648 1383
1498 5421 3854 1484 2072 8356 4801 7908 2276 3070 3092 1682 6703 4710 4281 5428 2597 6610 865 8429 8380 3167 5242 205 694 7865 5721 1593 7129 2847 2159 2334 4286 7892 292 5955 8240 2746 3617 4526 3034 2055 0 9128 8884 286 6725 4732 6146 2440 2422 8032 4175 691 5344 4107 1028 1539 6376 4088 8905 8017 4429 3906 1423 255 5441 7933 5328 8299 834 21 1508 5841 6595 6694 7124 4226 8885 3448 6678 3265 7742 4141 1940 1819 8498 3858 8145 8128 6204 6049 7257 4521 1934 1642
3765 4490 8688 769 5114 1433 2398 6799 4673 8132 4205 9304 7499 7498 3460 1233 1102 2753 8964 6841 7595 4654 4899 7863 763 8571 3520 2436 3647 5119 2703 1607 7680 5666 5413 5449 5285 8100 4658 4291 4909 5646 8903 8618 1572 2372 3349 812 8386 7519 2661 5905 147 8909 5161 3845 5325 8941 190 2970 5098 1969 3891 784 8194 3598 4631 254 6102 4242 6189 4440 5806 1189 2533 4853 6233 3747 3905 4263 7394 5485 5053 4238 5569 1016 5861 3729 6404 1447 5468 2042 2719 951 7770 3868
2444 7167 6888 9260 1783 3624 8822 4147 2119 5477 2089 6565 5978 1638 3097 4795 4378 1366 380 3787 121 8926 3374 8551 1442 6840 3540 4289 6706 4298 5339 6669 6918 1476 8029 3201 5621 8287 4575 2705 4938 8229 5419 1180 8668 8657 8791 3648 2871 8775 4932 5614 1324 5009 1108 5184 2992 5218 7200 5469 4155 7856 8198 699 9218 674 7938 8446 8525 9134 6829 9037 6979 6583 6692 6194 2850 5357 5711 3601 4207 8485 5236 500 4704 2646 8164 1600 9076 4101 920 5090 1070 2489 7850 3193
7755 448 4518 2529 6687 5443 7700 767 5439 1928 521 1603 2318 1443 46 447 2065 9092 8610 3967 4486 4089 5183 1482 3383 835 9101 525 5607 7161 5370 3499 5549 1793 5878 6919 876 8301 2346 5120 5410 6951 5972 6991 8933 41 9105 6913 2313 5476 7388 8320 6844 4641 4900 5500 7015 6582 5809 2805 7899 6962 1126 2694 7437 8583 4583 701 1979 8015 8641 1021 972 2531 2134 2423 432 6151 259 6465 3735 339 7364 1933 2662 7010 324 6195 6572 2263 2743 6441 1841 6176 7585 4822
3912 8529 5638 3018 5049 4891 7318 7261 1543 7111 3495 7307 5207 6075 8327 7882 8261 3800 7692 6288 5798 7152 8123 35 3856 4762 8958 2269 422 4595 3216 4515 6345 4923 4261 1751 7029 5213 2255 3809 3228 6895 992 6337 9021 2570 3522 5648 3251 2331 785 1481 762 3579 7508 7957 7866 5005 539 6324 4925 4868 5702 1535 7948 2021 5655 5533 282 4453 854 2046 1139 3203 3733 571 5266 1671 3716 2148 501 7416 5335 7147 3003 3292 7901 6433 9073 749 2919 6044 870 5081 2918 2216
5863 4998 9188 3405 1757 1753 3067 4958 5920 3457 8159 7240 6098 5219 3285 6004 2702 6449 8330 7658 7930 625 6347 7812 1678 8370 54 7400 8570 4485 9130 6196 1361 8085 7220 5811 1183 5027 399 79 7041 4902 264 4668 7226 1601 2906 5189 3055 7731 6686 2571 4535 7454 6752 5755 3249 4577 3390 4622 7759 3076 9036 2920 9123 358 7028 6313 1471 6230 7536 1640 1351 2190 8640 5227 6408 943 9172 5816 2087 1472 2014 1322 5836 1720 8088 4561 7760 7862 8155 1721 7034 9294 6174 1984
5936 6792 2766 4608 5270 1003 6553 6229 536 5225 8959 1451 2614 748 2566 746 8216 4145 5921 5916 2163 1232 2635 1650 3632 2358 385 200 1069 52 2996 2788 5751 6966 4237 3021 7179 8353 616 738 4904 4517 5409 3407 6481 4701 3560 5481 8031 6416 7183 7123 687 8396 697 5435 1510 2824 5093 1270 7346 8168 2052 7355 2711 6901 3543 2353 6839 7322 6640 5272 5086 7469 9256 4571 7989 1454 7871 677 440 4530 2427 595 3368 7061 4334 1364 4651 1137 8924 7381 1691 8671 3956 7537
555 8763 3641 3703 3301 7032 3562 6742 3410 8637 1038 425 944 4196 7609 3345 512 3722 5 4303 368 7019 2641 1700 7851 3708 8502 374 6014 4548 2211 6817 1201 2347 307 2912 8068 28 4633 5088 3255 4086 8646 4428 8838 6028 2500 2596 3738 2191 2188 8692 4351 2798 5594 6645 2730 3552 6508 7834 7650 2170 409 1107 4326 1162 7513 390 3699 8876 5327 3280 6322 8096 7298 5381 8676 2223 565 3902 8112 7316 7246 3400 1728 8733 2899 4043 3550 4445 7792 5175 6470 2005 1144 4652
7366 388 2375 327 8660 8038 5708 1707 1595 1207 2679 1706 3651 4680 5989 442 5722 3725 4995 391 5967 4826 1136 5515 5513 5570 6461 5073 1786 3626 2142 8252 4620 6938 8891 9209 5647 7042 2828 2540 800 9000 3884 7666 666 7460 5424 4545 8413 3892 3797 444 8996 4598 8089 8595 5824 2132 4150 5970 8730 3642 4323 4914 3683 8896 4695 6018 3183 4070 210 333 8151 4181 341 3406 3315 4401 999 1054 7526 3299 6502 1620 26 5185 6604 4873 1370 159 5226 3850 3608 6270 841 2986
8608 6339 6442 4284 6281 4095 1058 9214 4075 315 9014 357 3672 6422 9104 4850 2887 1147 5507 5112 5674 5294 3025 8424 232 243 7827 2058 3600 3869 220 6526 93 1974 7251 8248 6797 2045 587 1133 8629 655 5985 5142 6375 4918 4976 6729 8318 7547 7978 1148 3127 6911 5496 3107 1242 3113 2972 463 3824 5763 2768 7446 5860 1339 2683 671 4437 1842 1741 1341 6210 2116 3710 8816 7201 5059 5039 7822 4833 9252 5281 5162 2144 1411 175 5314 7351 822 4819 40 9040 3803 4743 2611
3605 6743 6898 3789 1602 3480 5406 6876 3831 3484 8041 5089 7534 5670 4501 1276 9174 6784 6045 2232 6439 6255 7146 6261 4305 8309 20 1267 6882 8773 7583 4494 6157 4601 994 8020 3635 4222 4994 272 2775 7826 6387 8451 4183 2978 965 6052 3222 1377 956 3409 8840 4939 289 395 7698 7297 849 888 8729 7751 3645 4862 3750 6536 1512 665 8527 2253 8679 7068 7720 7915 795 8119 6812 2841 9215 9173 6837 9293 782 8472 5684 3262 7074 6162 3901 5960 346 648 6545 868 8341 8598
3105 5601 3528 8702 4212 8612 5361 1172 7193 757 1103 4542 6136 5448 6671 2818 3639 2222 8154 7868 4390 5941 6063 1610 141 4294 6950 3470 5499 2078 5553 2377 6274 242 7168 206 1791 3980 5819 1872 6924 7151 4543 9102 3101 1217 2359 7945 1938 4472 6036 7310 1083 4929 1962 7532 5265 2910 66 2465 322 1237 3274 261 4081 9071 2022 2581 9031 4299 8594 957 1627 6542 4119 2984 8846 3805 3367 5288 8708 7889 2826 2839 7357 1820 582 3298 3194 3667 5576 1348 745 853 2242 4685
8251 804 4186 3133 2270 3817 471 89 6685 7934 8277 4322 2701 1815 1241 4760 1444 9230 3472 181 1825 2714 6269 4005 4764 1817 5547 6630 4066 1311 154 1954 71 5178 1701 6731 874 2138 3974 2790 724 8043 8289 3557 1159 4845 2259 6927 6447 1152 95 5110 6585 6878 9219 75 7232 4 8512 6156 5673 7804 7344 3011 6493 3822 7480 2974 2584 9205 8002 4617 7215 2754 9222 7001 1368 7239 189 7065 5075 3290 8615 4028 3023 2687 3080 8079 909 184 3843 1719 2137 3533 7109 4025
3461 2009 3144 4877 8328 2630 251 2982 7450 3511 6863 8486 5223 7256 6220 1306 4953 495 607 8639 306 8509 2822 3208 4099 2542 5814 1518 7080 5539 256 5852 2469 7782 6264 982 9212 7716 2074 8785 2936 8783 1695 7 1264 4230 550 7390 6058 5157 2325 9185 5723 4942 2565 7629 2413 2820 2354 6140 3523 1437 3628 1123 2718 4759 213 3311 3398 7150 8794 1151 4449 5593 7077 4456 8825 3513 6702 2776 8045 7940 8710 3453 4927 4051 9299 552 1483 1010 215 5494 9069 8081 8099 8357
8290 6222 7584 6538 5014 1475 8772 4276 1294 698 1185 4285 5279 6923 1892 5950 2412 7723 3704 2200 5529 7784 541 8625 1350 5391 8984 2831 8061 2808 1875 8039 3465 3833 6597 4115 125 9011 7195 5712 7719 8308 8974 6216 2567 1813 8389 1632 7813 9201 6389 4614 6114 1091 5387 842 3537 6296 98 8740 714 5388 7143 7023 8690 5106 5977 5146 7648 4386 5267 7861 3323 535 524 515 7766 3455 1634 3267 1327 4000 158 3224 6532 1558 1889 4992 4432 6534 3128 1462 8553 3246 911 1254
2020 3929 3275 1365 2062 1287 894 3068 5408 883 2502 9147 2817 3317 5827 8843 1845 8062 3062 4034 7408 5486 1675 9013 4245 5975 6095 1018 5077 2884 1612 6116 4353 2337 8762 3720 4878 32 3117 8048 9066 573 2177 4611 7660 2572 5741 7844 5444 8337 3820 6223 2882 231 1655 2672 727 2050 8754 6474 3693 7530 6854 5087 6402 6483 3793 892 3227 6684 1537 7040 5509 3861 5969 6813 238 3724 8232 6185 3048 7303 8439 3413 5438 2054 2735 1470 7708 2010 4805 3036 3131 4202 23 8249
1316 6193 3325 1302 4454 7348 6213 6262 5850 7788 816 2392 6403 7428 6068 839 1380 3935 4017 2913 5104 9179 5650 80 7730 8696 4424 2750 1171 3391 8130 2549 7867 737 7794 7043 2373 1343 9050 7756 7482 6721 575 1250 7456 2035 2187 723 2326 976 8774 5753 5259 4623 4977 4343 6513 807 934 2003 5669 5815 520 2099 7489 2769 3785 2300 5571 2834 6077 5781 6836 1478 6082 6848 5249 1924 2961 5352 1215 3184 5787 3140 5108 1067 3059 6754 2488 5548 706 1428 1705 3807 6037 4879
3172 6466 2891 4568 2503 740 104 2470 1991 8942 680 480 7164 3915 5779 5072 5181 8391 8444 7424 7662 850 2704 719 1290 4127 8599 8338 7455 7000 3431 7281 8709 3534 4427 937 8699 4876 1811 6621 6616 2595 685 228 481 2555 6744 2257 789 8170 3033 2111 5997 7618 4811 2471 3259 7562 3763 6460 9166 5522 8461 8408 1425 8623 9285 7974 8510 7549 3673 4470 1797 5126 1988 4217 277 5239 4820 4604 8144 8178 4048 761 8493 5446 4349 4019 3459 921 7234 1694 9309 407 5457 8458
2366 9146 3344 110 5047 7574 1891 7883 732 4411 2799 2124 702 7811 6942 2429 6446 5662 2511 8990 2692 3489 630 5606 1858 3973 4062 8054 7314 608 2113 984 3443 5173 6777 4823 5198 1574 6917 7106 8090 2371 660 7058 5727 5345 6012 5462 4038 2066 3212 4500 7538 7414 5320 1416 7054 1592 2938 1087 3119 6254 265 3990 3373 5367 4946 4022 5541 880 791 4370 3646 2323 1414 8695 2251 4374 4541 5217 6575 5953 6492 7145 502 203 179 8991 3219 3591 8265 8777 8505 1648 3116 4720
7402 1874 7268 1906 5747 5823 3328 1406 2104 8748 4553 3857 4921 6421 1413 1506 8440 1404 5057 2649 919 5021 640 8333 3269 5329 4619 3319 968 8663 8753 8741 8117 5703 5656 3823 102 6391 8561 7778 9042 6191 7521 3492 7951 2171 4981 4624 8358 246 2587 5701 8648 8218 2545 343 4210 3402 6760 3049 9048 7641 6411 6217 7413 4757 2892 5491 3521 8624 6307 8558 6507 5399 7343 3307 3812 5085 8803 7552 4400 8111 3799 1138 5789 7971 2838 8314 4688 574 5139 3694 9019 5434 4204 6909
635 6594 3445 2589 7119 3852 9097 8036 1637 1903 6127 6170 5528 7175 3108 7721 5944 8653 3696 6954 879 7687 5466 4097 2868 2389 3170 7565 9003 8377 9168 9081 7790 5389 7635 5805 6048 9278 579 4956 569 7044 2176 202 3060 5062 2297 1278 6826 6751 9034 7445 2451 8237 5136 8796 1902 3236 6765 1161 6549 5002 9298 3016 7405 3439 8473 6699 6748 2154 348 6201 4258 8136 8091 7656 6884 5898 7701 3324 1120 4423 5800 6956 6290 6503 7773 1649 9085 258 2491 6560 214 633 8106 5128
157 597 4060 963 8403 2809 6010 1687 8026 6289 2573 1395 2230 3593 271 2135 6666 8670 3622 3132 5743 866 1662 3296 5759 4331 7606 7373 6275 593 4681 3885 935 5839 3007 568 3320 7247 5313 3494 3753 4253 2301 7927 5899 1291 7363 7410 6668 283 4567 4277 4950 6662 1919 1624 3508 6647 366 6600 7059 5479 6516 755 548 683 1129 9165 707 1431 5672 8620 8405 4556 5667 2227 1153 3035 4371 2363 6235 4643 2374 1253 4327 1714 3234 8414 351 646 4714 2617 5277 9301 1516 1850
