98 96
7815 6429 3041 8613 1002 3200 2986 840 882 5202 2321 3905 8921 7850 1585 6562 695 4077 3201 7591 5897 6481 652 5817 7039 5486 3570 6824 7628 3757 1326 5893 1252 3614 6133 7842 2931 8552 6431 498 7194 3891 112 6609 245 4955 2574 626 8514 947 885 2231 1455 1621 2150 2868 3459 512 4624 3800 7577 7935 1556 863 6262 6143 7953 1639 2803 269 8583 1424 909 2867 182 3388 3167 8842 2919 665 3304 4804 215 534 1911 4180 9163 1356 9330 525 8647 8081 5192 5850 7795 3593
795 5493 6346 7692 8782 9197 7914 7099 5191 9147 9256 8274 8996 6067 9293 6016 473 825 8590 7621 3548 2944 80 6441 8678 913 5528 6335 5206 3036 5419 1247 5434 9146 5383 6154 8494 6644 4572 7461 922 8008 7204 2848 3513 5174 6528 7241 8372 2951 2664 5499 8920 2019 989 1496 4105 8833 3677 3773 7702 174 2283 7589 6197 149 5009 3035 1143 3328 55 956 6545 654 1567 4429 4701 1038 8465 2725 1946 3915 292 5041 7 3096 2636 8368 8553 6846 6589 15 1058 5396 1461 5005
1168 6244 2169 4698 9286 9299 3580 1838 3019 8729 4417 4548 8398 1976 7738 3908 1884 8852 8620 1897 7032 5284 3353 7880 429 6975 2958 3334 7714 1399 5463 4785 7140 1573 3832 3714 4781 5106 4983 2662 6254 1034 918 521 7958 8579 8711 3588 3476 3400 1403 4709 5822 8236 368 3150 1146 4203 9189 6386 8751 4693 1776 6433 7228 4881 23 7088 9081 7772 506 306 3764 6041 7869 8719 7548 7809 8410 2221 7155 3146 984 1859 7710 6483 295 8037 9054 3425 7320 7185 7370 1662 1514 6201
9231 7487 2172 113 2709 6077 8523 8854 2536 7048 7943 1315 137 664 5678 7673 4538 3951 1722 4514 120 3857 4527 8958 6863 3442 6088 9144 1285 1650 3765 2395 1610 8212 8394 6240 2940 6056 5915 4279 4801 4922 3364 2059 6066 3806 8058 3372 6724 6235 3532 7928 3635 2297 3137 6224 7358 3286 5815 910 1309 4992 3274 4961 8603 9398 6931 7732 7570 4204 2671 4294 5356 2893 4598 5002 5325 4789 2446 8424 7983 1984 8973 3732 3925 1295 4868 4517 1274 5527 162 1131 4840 9124 8273 2375
5832 8469 1917 5697 6160 4181 6127 2339 7287 6302 8950 6662 9126 7112 1224 981 3802 5231 7631 3047 2570 4463 1458 307 2930 7550 3123 2821 5255 5110 6808 5642 9020 5604 747 3240 6384 4006 7362 6582 5210 8346 5421 3789 6345 7021 5744 4202 4002 2769 6802 7989 7469 2474 3386 8022 6329 2869 9369 8951 2627 6556 3266 9232 4458 1885 1388 5866 2439 6566 9172 7507 1959 8059 7447 7401 4281 2571 1777 164 7425 7783 8253 4547 1737 2097 7094 6560 5021 9373 757 7483 1612 4659 4694 6365
3704 7747 7578 7848 1729 6226 4768 7307 2485 3595 3319 6211 771 1334 116 1108 7107 4806 427 4498 4466 424 5837 6651 8655 3605 8864 7246 7121 4112 5414 3202 7667 4612 6618 9313 6616 833 3197 6561 4267 3965 6487 6789 5348 579 7857 5727 8979 7705 1086 5286 7995 972 1211 5914 1690 5067 5533 1161 7737 3131 457 4905 4967 1193 8483 5035 5304 6918 2564 7201 7777 2272 3602 1526 5936 1568 6782 123 4110 8879 5985 1346 7381 3010 1974 2720 5178 680 8726 5539 2056 1664 2494 6169
472 5982 6713 6835 4346 1324 5708 1031 7938 8730 1682 8763 3808 3991 6916 7625 3837 2704 2862 5197 6812 8664 9182 2178 1202 3840 805 3699 5993 8723 3272 590 2584 7059 3545 857 6186 4911 7064 2659 4837 2400 1214 28 6239 4586 1337 8500 2874 3630 892 8839 3678 8177 227 5785 1007 9048 4338 3276 6959 4450 3230 5199 8180 8694 4487 5865 187 6998 4035 7327 907 7445 2287 5467 8068 6555 7576 7230 3282 2174 4958 6462 4930 3385 6652 4257 6671 3100 2763 6750 1228 2277 4666 762
5407 8438 4391 3977 4987 412 4608 8166 6661 2006 5234 6450 4253 7663 10 2255 7965 4618 6942 4160 9298 4790 2737 3958 9036 682 7261 4221 497 7726 1506 6597 1594 4367 8698 5393 2280 5230 1850 5581 3850 8962 769 3625 1771 1547 4502 3638 5690 7268 9304 6951 6445 332 5007 1359 2293 5798 8850 4399 2340 914 2385 1250 3404 3725 4434 8670 5239 476 4318 1902 5374 3660 419 7257 5600 2099 4453 6621 6507 4228 3162 5112 3607 330 5496 5638 7458 2352 7652 1056 9103 3436 5105 490
5188 8402 6943 8604 7309 2192 1311 5835 3474 7240 1904 7014 5595 676 2849 1950 7916 8557 9334 8308 7270 4133 8747 40 5013 5302 1386 1798 5930 3620 1537 9205 2948 3135 5911 3063 6993 6881 5240 5907 5235 220 4952 7350 7394 5057 1239 8050 2509 5321 6920 594 603 753 7547 4009 7251 9301 4127 6107 8193 9044 1271 891 7717 2794 4622 3746 8136 6550 5782 2153 6303 2891 416 2215 3307 1338 8773 4934 56 1434 722 8021 6963 7635 8048 7500 7267 2647 976 3245 6243 9260 4485 4982
607 3043 6052 632 288 804 4814 7834 6312 4409 4857 2749 6633 7183 6502 9019 3 3507 1791 1096 1545 2615 3547 1413 5059 2973 4745 4849 3654 2622 8873 8450 3066 4541 735 5129 8589 5204 2854 8743 6281 4984 6823 7221 7662 4360 7530 7196 8654 7613 9037 36 7216 3279 4269 5033 8972 7727 33 3956 9225 4401 2815 8226 5868 7079 2625 2928 3233 3961 6017 8201 6535 4314 5236 477 436 7608 8834 7366 2048 9195 1993 6051 7192 9253 4 4863 4280 8052 4239 1048 5120 3701 5564 8567
3653 2199 7134 5650 8051 4706 6119 3493 9109 7610 3946 834 6100 3408 5471 9176 2606 4653 706 7354 2743 1165 8267 2739 5814 3571 235 4370 3525 9234 7290 1336 93 3299 3610 1701 470 2559 4443 7592 395 5168 1674 5609 7065 6807 7770 3591 4675 6325 6833 4977 1073 4130 9383 8361 3049 4938 1227 8688 888 4479 2399 7792 310 4880 196 3365 6876 6956 700 6165 8859 7853 696 2611 3786 2880 8003 7176 8423 5529 8471 3248 8757 7900 6472 7083 5163 5645 1636 6118 1186 4016 1562 7423
4030 3984 1899 3582 827 4129 2791 7075 6685 7187 8142 2764 1095 5825 313 2441 8464 5543 8795 6858 8430 2104 268 118 5951 3928 7156 2705 8952 7774 5712 7867 365 6551 4375 2087 8301 3687 8995 5902 151 7787 3418 4867 5655 2508 1329 3046 2381 7686 2140 2528 8838 8417 3184 2681 614 8224 5422 1019 2115 4718 5175 6635 6022 8809 4363 6519 7723 5079 2985 3943 7930 4504 8801 879 4140 5891 7964 710 7203 5780 6010 5077 5100 5054 7515 8377 4348 309 5726 2896 2507 2237 7439 7143
6705 64 1235 3776 3799 3554 3728 5934 8761 758 3296 8429 1308 6409 9267 1663 1422 3468 1579 2285 6273 4141 5916 8489 7186 6124 4910 4073 7189 8505 2288 6126 5946 7108 786 4843 8731 239 7353 4515 1659 677 8072 2761 8563 4872 5224 2568 7164 2814 5441 301 7325 2217 580 5733 4430 1982 685 242 8874 7165 3816 8448 4034 1756 5446 1147 9384 1473 190 2989 4617 7242 8155 1870 5716 8078 8371 2630 6948 6532 1428 3317 7756 232 7993 1404 902 4247 5869 1863 5753 6894 1915 6898
8488 697 2866 7159 2073 3716 6542 290 2496 4390 7106 2121 1484 9089 1996 8357 3888 8617 5324 3485 2250 6826 1933 8028 8082 6172 3224 6145 5477 1623 6733 1489 7271 8595 8841 8539 3324 7284 2425 6064 6339 5607 6670 3968 3352 2278 790 9018 3006 5791 6628 1691 4668 6417 5816 589 8887 1642 6897 8109 1986 8860 1542 6615 7368 7446 5305 1637 4195 8800 1625 1504 1951 5550 7873 6643 1269 2405 8510 9223 1509 6458 1380 1977 3381 4412 3651 6373 4831 2808 1857 5475 5560 7322 3767 5668
4823 3110 9167 8128 2222 3950 8910 3944 993 2760 6045 1219 3913 4794 9084 7338 4088 4658 4270 6486 5770 6407 8699 3214 9059 6372 2442 7389 351 2588 1658 4278 6245 449 5460 6082 3441 218 6219 1600 906 2007 6012 7375 778 8689 1795 7057 2050 669 5790 6617 2162 5793 7600 8671 448 4260 8580 425 3220 3382 6241 766 5114 5553 3583 8815 6867 4511 1747 7214 8009 8359 1957 1158 1355 5783 8971 2881 5954 1935 7356 8544 4119 3438 5125 403 3060 8705 7749 18 1786 7430 4215 7109
3239 3056 7508 6191 591 4526 5806 2533 7252 9164 6838 7289 2171 6971 3920 3252 9356 6497 7015 5970 6391 7733 13 5848 2972 4166 3153 8524 4810 570 5055 4589 7179 1862 4457 6973 6442 7706 6290 2545 2463 1908 4287 3947 6599 8248 4672 8991 1558 7463 7627 5824 6692 3528 2965 7729 1833 8832 678 314 8840 1931 1784 6890 6803 348 2131 9366 8679 7403 7755 4976 5625 5523 5855 3945 5617 2952 1343 4764 596 139 7695 6769 4063 6718 6408 8365 5445 2609 7150 2052 6596 3979 4711 4620
2398 2014 8653 7724 5482 4199 4912 1241 4884 6140 1365 2361 562 8967 7675 5339 2422 1189 3342 3661 4865 4120 1266 5598 6157 5566 4615 5506 7805 8118 5707 5161 6097 4956 2447 8473 198 4244 1112 2597 810 1435 2228 6400 5680 2083 8434 5165 7321 8145 7904 336 6739 4696 5134 374 3000 233 8808 6996 8649 7688 4508 2341 5142 3227 4890 3758 84 2614 2185 5875 469 8204 4012 6515 8062 1559 7239 7555 1075 7939 4223 9315 9372 1934 1094 7509 1947 6686 3102 3037 222 4544 7872 9082
679 3182 6149 1597 3696 1727 768 5294 3028 8597 2877 2208 4528 3327 8637 3464 4385 5520 102 4447 5542 1029 8640 7008 4046 9132 6887 35 1130 6043 2187 3559 1829 2899 8987 1047 3975 5119 4535 1192 6673 65 2317 1218 7200 1310 2248 1706 2164 4918 2818 7743 7359 2616 1249 7342 2214 8146 5917 8020 9156 2466 4957 3932 7858 2878 1590 6390 1448 305 8581 9078 159 4070 2254 5298 6578 6666 1282 1216 370 5086 5682 572 2491 1746 9067 6787 8825 3734 982 359 1393 3139 2501 7069
1599 5025 7691 6915 2483 6699 8736 2267 3779 3939 943 7490 5049 5229 8880 513 6694 6142 4689 4038 3506 5819 2011 2879 9220 4238 4674 8968 8270 17 4707 7597 803 431 991 5827 602 6299 9214 761 4407 3171 5736 541 3900 2817 6905 6183 2736 5265 4139 9055 8413 8784 5060 1327 7536 2771 464 7812 5478 4389 3415 6085 1341 9354 3912 3051 7269 9407 2042 2593 8117 8928 8846 338 8939 542 1494 6457 3565 3042 3538 8268 5895 4114 7476 4079 8919 9374 2776 8315 6702 6451 1182 107
6361 8415 2613 7731 6988 2001 3318 4669 9284 3256 6370 802 1840 2450 518 5418 8227 3168 5623 8148 6403 4043 2060 4191 3246 5973 1569 5538 3086 5530 5547 4262 8261 8862 8953 6594 9375 6768 8024 7037 2875 1198 1543 7278 2903 5602 3682 5011 8667 5122 980 850 4040 4846 4284 4319 5884 8577 2585 2670 915 5896 3818 503 4376 4274 8053 7758 7448 6385 5083 3121 7380 4323 9206 3490 6725 6546 7391 1454 841 1586 8535 1598 1349 4651 3739 1958 2473 7110 5603 9010 6006 66 1080 4320
2974 2618 5183 5484 8197 3735 8805 228 1865 1026 4072 7062 8812 6829 4057 6828 260 6804 2667 732 404 8922 2757 1340 6081 9191 7466 9171 1450 8826 5976 8626 5992 7877 337 3103 7669 8205 8001 1505 3424 362 8983 3604 142 8313 8310 6688 8027 8040 5801 4751 3782 7220 3726 1552 1318 4949 3577 3633 9224 5126 16 6632 1272 2623 4573 1232 1591 7063 2834 340 276 4098 6536 5036 3411 597 8923 5586 1142 4146 3337 7496 5333 2147 7051 6928 7764 5579 568 7551 7045 702 7317 8796
3710 2455 9117 4691 8319 5388 178 4734 2621 6737 6584 2744 4488 9061 4731 5027 6539 634 5874 4249 7832 8675 4214 2886 4334 9349 8130 76 7782 6558 7046 5387 7765 7115 1546 8376 9199 2840 1420 6841 6500 8149 1919 8960 7158 9264 7802 8192 9218 9368 9166 6590 1389 2716 4667 1520 5877 2640 8262 9213 6588 1170 5745 5213 7640 6000 3494 4678 1357 3611 1447 9133 4791 8172 7229 574 5341 7887 7428 1352 223 1846 3697 6349 7629 8528 7699 4420 5454 9378 6032 8845 324 4679 3160 3904
2209 4559 4213 4307 9279 9211 2069 3488 7302 1849 8746 3413 3194 3225 281 925 1867 323 9000 5470 195 9186 5491 7222 273 9305 1960 6271 7844 6156 9210 3509 2289 3848 4315 3641 7335 3807 6799 6175 6543 4308 6831 5751 7568 4530 8851 249 7402 4414 212 1819 138 2179 688 9099 4455 6438 6601 3491 2376 7034 6278 2475 4994 5849 588 3061 3983 5771 1397 1941 4552 38 9235 705 4862 1888 8311 7903 751 6960 8170 8039 6209 83 7545 2852 7005 6614 248 1808 110 8119 9219 9187
633 8131 7560 2658 2706 3574 6972 172 1409 176 9168 3120 4776 8143 5851 6130 2074 6817 1796 7788 9073 7113 7973 6042 6961 434 7160 4835 7862 322 2167 6853 2657 6892 2025 5453 6708 7294 2754 505 7611 5225 4595 6406 6730 3290 3269 1572 6770 6493 4086 8998 6434 874 7549 1085 8875 8100 8407 7708 199 1790 8332 32 3236 6991 6790 1741 1052 7796 1665 2055 2793 1457 2268 1856 8551 835 5926 1815 3796 7711 6447 7126 6511 2714 8970 8766 1067 5573 8777 2905 4188 8492 4560 1930
8195 5843 2811 8013 2348 971 4854 3791 9145 6592 7522 7605 1140 8249 129 8237 5658 5889 7620 8704 9188 1555 7323 3542 8086 5924 9178 2861 8366 4557 7236 2686 2090 5618 7962 4739 7097 1183 5572 6926 3893 7319 8858 3267 1081 8321 6377 666 1242 4158 8061 9007 5984 9277 3261 4322 1697 5761 1708 7085 7292 8126 4477 6291 8549 7314 5722 7379 1237 1963 6163 7205 8190 8768 6263 6225 8460 8314 474 4537 8587 8379 7465 8844 9251 2291 7518 6031 9377 2939 8616 2895 8811 4286 5417 8772
4366 7123 8652 6537 6202 9371 1307 7293 3616 5303 6889 236 7558 5397 3841 6758 7357 7328 7929 8141 9049 8855 4033 3562 2906 4351 8191 2872 4603 4065 5620 4646 4037 3208 686 6719 7606 9111 1760 5885 4986 1510 8819 4211 3560 380 8487 274 684 853 7288 8810 5681 487 3399 3569 1132 9309 9023 2845 5144 8036 2660 3462 4973 5020 1332 8171 7722 1768 3655 7144 3313 1429 9268 7580 1466 6669 1360 8499 384 6182 3863 945 5426 3936 6625 9030 89 7305 9093 7087 6760 5376 8993 3717
8179 9014 4604 814 1050 6274 6950 7028 1134 9343 1991 6989 4476 1440 7794 2729 2414 1653 8596 7687 5227 3309 7671 499 72 933 6564 9381 9276 2715 2420 4574 6212 8449 2530 8794 7895 5611 5853 4946 4050 171 7054 2731 1180 82 4904 6258 5151 5272 2168 4998 8223 3298 5927 4275 6112 4536 4157 1301 1792 1481 4041 2680 5671 3185 5203 3568 8638 3357 2677 3292 3129 7656 4340 5687 117 4639 2207 192 6606 4730 955 1138 1948 7641 9353 439 6784 7219 5138 5872 7478 2856 7116 5158
7452 7979 2535 6122 8458 8915 1895 6895 7074 1426 2444 3226 2411 1023 5223 6206 6653 5479 7499 3805 6428 5017 1258 8163 6571 3322 8356 2620 8245 383 8208 8353 8656 9346 1411 3004 5656 451 7036 4491 731 7664 711 4507 1290 5010 3744 7103 3600 4972 8548 8556 8152 6638 357 3603 5480 3517 8681 7828 394 8442 8868 586 8451 6194 7250 430 1866 1981 7409 2936 5531 5277 4200 7745 5099 9227 5826 8325 736 8541 8474 2263 2103 3030 644 4045 4960 4335 8954 5631 3149 617 9035 4150
4896 4995 6949 5983 7397 5511 8075 1345 1872 2884 4933 905 2532 8263 1160 6523 4452 2230 725 9155 6474 5458 3297 3087 5881 7677 438 5258 6013 1869 494 8478 3013 4436 3183 352 8767 1092 1127 6283 4940 4975 6027 1848 4565 6753 3453 1061 5704 3834 3727 8320 2077 7647 8720 6362 7526 3693 4078 7820 8292 4169 4989 4945 3668 2964 1199 9261 3842 527 5803 4820 7933 3634 6506 967 2683 7698 1353 1740 7343 4906 145 4738 1459 5748 8787 5389 8211 9033 5842 3884 5371 4099 2394 5769
5069 9289 1818 813 2063 571 9406 1305 8491 563 396 2519 7068 3007 5776 4179 5773 4355 501 7978 5942 2516 549 4299 2799 1922 2177 4587 8695 2922 4851 6893 1433 350 8610 7552 7890 6756 5997 8783 9350 6205 8384 6720 878 5719 5251 7432 2320 238 9281 6139 5497 2122 7263 2481 9125 6315 2990 543 1912 7700 2777 5282 7077 6977 2333 6612 5610 2947 3910 7407 5091 240 5979 1695 8401 618 8530 2995 7337 3188 9319 6233 651 950 8011 377 5359 8759 6068 2166 7685 962 523 4534
2550 3637 2798 6180 3174 6703 3336 2057 3101 342 7363 7148 7385 6573 2002 8737 8277 817 4543 2033 1468 3148 929 7918 8419 3311 7434 7298 6693 8861 5630 8015 5221 8956 1238 5370 8521 7683 7227 482 2064 6901 8110 8316 8446 4427 7459 2427 1686 8901 5802 6444 7345 7741 704 1966 6255 764 4483 39 1109 379 9314 1015 7258 941 9359 2156 5102 6332 7213 128 5818 4555 2412 987 1531 3289 4384 1633 1654 4295 4352 4021 8788 7029 9026 5616 4877 7680 937 1864 2888 2889 5160 5012
3111 6463 6559 1923 977 6360 3742 1651 5764 3845 7404 5758 5612 3008 8799 8785 1101 8129 4097 2193 3335 5518 6161 2229 4317 2967 4902 3564 7378 1882 253 5909 4585 4741 5754 3988 6420 168 3207 1524 2547 6917 5218 4236 9239 2653 2836 4149 5313 2017 358 1456 2765 3689 2957 460 6195 2546 567 1749 8125 1973 2053 184 8306 2666 3229 876 812 8740 26 2813 4475 8033 7744 2531 3760 5828 8069 985 3836 8536 3285 8829 2371 1894 3190 4387 308 1874 1087 1463 5318 5648 3383 1010
5933 1090 1571 4978 6530 8527 1688 609 9112 1032 1987 4545 5890 880 5706 2165 5214 6864 1021 6946 4521 6352 6880 9310 1171 2801 3374 4855 4760 1492 7457 407 3640 458 8101 884 2258 2946 5308 8111 709 1391 2142 3475 8254 690 8568 7454 1705 752 7419 5337 1278 8007 681 5238 1528 3772 8908 9291 8836 9217 6780 5608 6798 8354 4216 4917 7715 382 2038 2270 961 9246 6501 2342 3014 3371 8093 4089 5260 7118 6399 8106 3718 6227 1139 3234 871 4383 8507 2078 4929 4410 3529 6247
9296 8132 9102 7130 4161 730 1812 6184 6363 2149 283 6347 4766 1661 8804 872 8147 3398 3407 7957 7232 6298 6517 5749 5226 3187 3094 211 9275 1163 5335 1244 7636 3898 551 1385 3213 3293 3158 6955 4189 3455 1604 7095 649 6106 3858 8006 8344 2918 2638 4186 2072 3906 2603 846 282 6476 8867 8459 8828 5592 4470 8291 5136 2298 9004 7559 1593 3151 848 9216 1122 186 37 127 421 8668 8504 4393 106 4687 3533 1074 4951 2902 9100 1943 4015 8566 852 8272 1719 9193 1827 1822
5449 7049 2924 8502 8975 1325 1641 2738 2030 5808 3351 2430 8387 6324 6580 6595 8124 9201 289 121 8043 3671 8436 5577 1557 2205 1734 1566 4841 185 6305 5323 9086 2915 4206 653 1767 5488 4915 2106 1043 3835 7412 8300 1175 3265 109 4633 3251 1106 2685 3998 1415 5502 6208 9215 3666 229 4596 6328 4772 4344 3288 7486 4018 9177 6797 2612 7925 6640 7863 6930 8896 2912 4636 3003 7882 1113 7542 3144 8702 4111 4531 904 7510 3953 3762 6877 6383 63 7997 7581 5447 2331 5880 968
475 8363 5363 2246 6396 1797 4282 1364 1649 2960 7658 5249 2040 1070 8414 2176 2315 7505 6256 1499 7824 6860 4031 667 7681 3579 6981 6204 6264 9198 547 604 3241 85 4627 8288 9226 7797 2678 291 3520 8789 2823 7117 2480 2493 7839 7539 5928 719 2839 2526 1738 1666 3124 5309 6870 6645 6187 3361 5425 6220 770 7531 7878 9158 3766 3550 3719 2941 3312 9137 1656 443 3380 3277 8383 8063 7299 6466 6364 1144 8738 5619 5810 600 6389 2730 6002 5739 4007 5576 7096 3531 624 2721
6089 5561 1149 2139 797 7888 4844 5024 5986 6340 8606 397 7400 1354 9274 8980 2551 8628 8278 3512 9344 3179 3426 7985 6689 7968 6479 6200 7899 9060 1294 4471 8445 6726 3402 4377 1366 2782 1039 2479 7833 5651 6821 1816 8916 8687 2632 3971 6318 8490 6721 3942 3613 8786 1954 5959 9057 2838 2108 3303 4153 4761 4152 4490 9397 9070 5474 2635 4703 9295 5092 1605 1618 5809 2075 3631 1971 8957 5410 5182 4416 6059 7053 973 6398 2204 5940 5876 1512 4561 5588 4505 3563 1115 8102 6866
8976 6492 1881 5829 95 1102 4235 4183 4580 544 480 1570 8347 3009 767 70 5327 5505 205 3308 496 5074 4297 1638 5118 8032 7031 6090 844 3970 8159 7422 5169 4231 7259 8728 4697 204 6456 1860 6663 7306 7124 1824 8537 1995 3810 2188 8395 1321 9080 8476 5152 8391 1406 6875 7501 3827 3664 7273 8625 6050 1807 8330 5372 5215 385 8242 5043 6711 5729 1460 4966 5343 6861 4899 1606 2643 6114 3034 4402 6869 3259 8630 783 886 6054 5247 2641 6921 5390 4762 8903 2259 244 5647
8342 1055 3315 809 5131 9333 5669 8097 8339 6453 2857 5977 2610 8701 6952 3680 1097 2036 2459 5046 9282 3830 9329 6231 500 1251 2380 7420 3231 8573 8744 5031 6620 1584 7944 1401 6910 6783 4597 560 5509 856 1886 8534 7885 1735 1120 4468 6062 8519 8005 423 8337 4237 1408 6422 9 3536 8239 7655 7697 745 7492 1803 9136 8012 4704 7991 2046 7417 4339 3350 6482 6393 8385 1751 3877 5510 1230 960 5028 744 1926 4688 7238 1093 4524 7793 5674 1179 5483 9240 8260 7701 9173 4566
8608 3868 7740 7846 9088 6270 5330 8373 3872 6069 5135 1883 9228 3147 2515 1205 4368 6716 2137 2654 6424 5452 639 5274 3422 7316 8443 7506 8776 8909 5405 8289 7786 877 1382 7042 2544 5166 2904 3205 2098 418 4812 8682 616 7198 1169 3907 4839 6078 3745 4732 7424 7272 837 4154 201 7052 7467 5833 8054 3585 4084 2457 2586 2190 8756 8168 6057 2779 2159 8735 1367 5774 638 1119 1377 4643 2253 3752 5429 1890 1965 4025 5821 1379 6936 7038 6093 7543 1398 3414 3500 2789 6257 5629
5925 3648 7315 6572 620 8692 7713 5022 2505 5243 7104 7637 3300 3130 7392 4605 8764 5201 2633 437 3031 4623 1596 663 428 3206 6366 7081 6259 5646 3880 3439 1376 1350 3017 68 4224 8890 5412 5358 8554 9121 4798 1772 8884 1416 1222 5831 868 2734 197 2595 3106 3960 2674 5368 7785 636 2194 5101 4631 5196 4786 1745 2433 1753 130 1469 784 4773 4742 2243 836 2160 2993 9311 919 7879 1550 9207 5760 3159 1126 3428 5637 7017 5004 8693 6073 1924 1276 647 538 1619 4540 7799
2054 6752 9052 1187 1172 4556 3875 5053 2582 7599 6477 6468 4546 2023 3216 1292 3417 674 4494 7859 6159 721 7471 2303 5076 734 7169 4937 4104 8386 5778 2130 3621 8202 2682 5156 7801 5724 4913 6904 6736 2452 8285 8194 3814 4131 4799 3879 2837 9399 5342 1129 6801 8174 7546 6374 6058 6985 6153 5613 7111 1782 6855 9129 5354 2111 1810 4349 4232 6351 6982 2858 6658 114 4525 5222 7768 862 2697 1259 4373 5991 890 3284 6999 5090 2807 2044 4553 4821 6421 4670 5750 4271 6896 3079
3273 8849 447 749 9031 5413 9254 746 5450 8892 6667 2719 4071 3615 1077 2120 9003 7453 3636 8305 5023 8338 903 1539 9046 3078 9288 6579 2787 7441 1476 3855 6513 42 533 8904 275 8662 2599 2391 7563 3967 4438 4811 5714 5270 5291 6496 511 8790 1062 8830 517 4442 21 3454 2672 7712 4803 3114 319 569 4713 9238 7789 2429 4087 4083 1072 2369 4829 1622 3844 820 4209 6940 8324 8578 1188 7763 772 6968 5296 1451 9302 4702 1871 7050 208 7808 8611 4770 3250 3892 7841 7003
4343 7554 4198 4870 822 3989 4542 6534 6030 2998 29 5587 3511 2242 6816 3673 4474 8405 3122 7180 2785 3446 131 855 964 9114 3618 258 3258 1669 608 6307 8214 823 6213 52 1879 1103 7561 7720 3126 7474 8651 1431 3362 3959 3338 7070 8907 8634 3204 3902 3608 4895 6805 5980 5960 345 2003 8019 6061 1060 9085 8607 2049 1065 5752 3384 8623 7982 5705 478 2645 8343 5073 6748 1983 7393 7331 9077 8876 2529 7784 911 959 7742 4757 8765 625 8658 5524 3969 2227 1770 718 3280
4747 271 5963 7653 420 19 3191 2712 4769 9041 7349 3601 5220 6039 3990 8066 8269 4903 8713 2572 8203 3663 8657 8235 2095 4122 742 2495 4660 4815 3731 8821 8035 5326 8454 2080 546 6460 8403 8515 8584 7954 2541 581 6272 7072 8103 6121 5155 153 1006 1538 582 5465 5306 3427 7871 9115 739 1835 9130 6001 6151 3045 8889 216 6266 329 7948 4970 796 9393 1992 2235 944 6327 8937 7004 9278 8575 7371 6927 3707 6764 3926 6854 5994 2855 8988 1316 7897 8564 2211 4164 601 4775
641 5516 7450 8888 2151 5558 5532 4567 4210 3567 2788 9008 1707 8918 1589 5696 8284 7874 3656 3083 7586 9140 1532 869 2961 8646 312 2088 6679 415 659 4926 8162 7282 8258 2094 7105 831 1551 4003 5385 6865 7951 5589 1757 7594 7800 3546 3108 3783 2423 3089 8989 3048 8156 9149 1082 8501 7149 7666 6167 9323 6435 611 3181 9367 1972 1495 5180 6267 6162 2767 1787 4305 1956 689 1918 2068 5378 6037 3622 5404 7573 2335 7746 860 4579 3652 2876 2236 7514 782 2113 2118 3659 6437
5892 1660 3367 7421 6355 1020 1858 1472 4774 4381 5570 3092 3343 8969 7058 4272 7864 4699 3038 7098 4519 1037 1279 6814 8412 7567 5256 8482 7092 2911 3774 8508 4230 401 532 7231 8484 4268 54 8431 2076 642 7807 8222 816 6166 264 2396 1486 920 3788 1549 4720 3917 1210 3217 8271 7575 1673 5913 9209 2126 8930 2724 3795 414 2198 6430 3040 4422 1470 3690 4403 3403 7668 5457 6827 5351 6449 1270 1480 6234 7915 4324 8247 5654 1257 8760 6080 3412 8188 304 7721 8251 7019 3501
3119 6744 8533 926 4599 4456 1632 5280 799 4256 6762 9101 8863 9024 1206 4075 3105 7588 4516 8977 5813 4869 8994 9157 1564 3172 4058 923 8941 8984 1268 8427 7040 7889 7572 4014 3071 788 661 1133 3465 668 1421 3238 1220 5512 1069 4218 3189 5468 564 5582 4753 5569 8408 361 7202 8774 8716 6899 1732 2184 4132 7529 6177 1313 8216 3763 5097 1089 7907 1927 866 8959 5045 2646 3931 2631 3156 5536 2028 6837 4472 1264 3966 6158 2299 88 3053 8775 5684 278 3587 6401 2471 4828
2525 259 9332 2602 2304 53 999 1136 1671 2827 8742 78 3812 5273 9190 3627 2310 5050 3720 6657 535 4292 5394 7818 4833 8522 7076 3541 5912 1405 2702 3452 854 2626 5172 4298 2555 3778 4147 5735 7485 6181 9272 6728 9360 8600 8822 713 2687 9308 7762 9262 8639 4825 1339 6148 9056 6292 6687 3134 6261 4395 4321 49 6150 1226 6722 1534 3195 5929 6785 8706 8169 279 4473 5391 108 8999 8252 5606 4332 3994 5153 3596 8472 4780 4156 1328 5117 6103 5008 3116 4276 5487 3592 8042
9151 1715 5428 2244 440 6297 8978 623 2005 5755 453 2758 6269 1225 1693 992 6452 8183 4901 1892 7451 4727 8264 8708 2382 7999 5003 7396 6604 1535 8206 7266 6392 9183 9297 2828 2820 847 5519 9016 5883 6076 4632 4419 1832 2421 344 3421 5794 7947 2863 5535 4459 6884 4415 8453 7462 7672 4277 5517 4954 372 8752 5292 2502 5438 4290 2851 4756 343 6997 2144 8074 3846 3281 6794 5263 5088 6569 8441 2781 3632 1174 1967 1054 5164 2477 6215 8055 5725 167 2648 3321 5854 3723 5689
1432 9134 4662 5644 4695 4891 7367 3287 1005 8240 6101 6134 1493 8818 7920 3941 3978 3294 8905 986 1970 1008 2511 3862 4428 1464 9249 4638 3504 9005 6947 5732 8755 8780 824 179 8513 2587 5779 2039 2981 8569 5961 2401 1717 3730 9038 6788 1736 3075 6253 217 2746 8440 5232 4460 6979 7761 1474 5574 1462 5401 7780 371 5288 173 1841 2962 4568 5489 5063 7026 6108 5698 6611 3645 741 1644 6413 6815 9148 6766 8725 2833 4413 5981 7866 2850 341 6111 2488 6471 1681 6287 4680 924
8588 6084 5189 873 2778 8246 4885 6311 6495 1283 2692 1806 5400 8558 8758 4602 4935 1964 7125 9280 7348 7333 8467 8381 6446 4746 3929 8046 7569 5786 5424 6248 3326 3940 2024 9128 3091 1765 8187 2581 6282 2629 4194 9107 7861 6902 2330 468 2949 983 5001 1369 4673 6337 5451 3203 3670 9096 8498 1627 7101 1362 6304 3498 7456 4850 9013 4610 3999 7992 3314 4103 3050 2870 30 4027 558 8823 6440 2173 1940 6147 1702 8411 7207 7341 3391 2557 7431 726 6630 2663 5937 8793 7024 6336
3065 7347 693 7376 821 2969 2999 6648 8542 7055 2456 2487 393 7659 2897 3649 8870 2478 3093 3700 2261 3370 4797 1159 8503 5015 3505 390 954 6879 5301 1603 3681 6809 6852 3431 5181 5741 1580 4044 8352 1507 4816 257 3811 7934 3706 8697 1503 4635 5399 2751 4796 3522 4834 3866 2537 2490 1300 1445 175 7917 353 2873 5584 3348 7386 2112 287 7612 5375 4509 152 7093 9051 8512 4583 4908 8340 9362 2864 6603 7892 2566 8721 8064 2383 6754 5068 5124 9285 4501 4582 5662 3524 8771
6025 5653 5839 8281 2292 4708 637 6745 6170 7534 2404 1711 3152 3861 2718 5472 7583 6419 5322 894 1419 73 2523 2982 921 7002 5514 2908 2740 6575 2458 202 9386 3154 7921 1156 9405 5084 4011 177 2247 3549 6631 4125 5692 4629 5289 1430 1482 5 5643 8420 8712 441 6448 5556 1587 2650 2029 5742 9118 2883 7427 8733 8635 6974 4010 1667 3467 5757 4484 6040 4594 9325 6035 1441 2368 3606 5699 1998 8496 6924 8886 4361 4609 1517 4467 5492 7987 2362 628 5857 5901 7440 5615 1548
3392 4637 8296 1234 8083 1670 3675 1730 4212 5111 8966 3112 7181 3054 311 8572 8293 7262 2637 940 4243 1 8185 3694 5034 5578 8228 1541 2933 2152 7161 7881 3686 2913 8122 845 7884 5080 2313 2081 8615 8791 8700 4920 7603 6223 1533 5314 8605 2232 6966 4601 6171 6293 1903 7119 7684 8217 8885 9154 9283 9175 426 8663 6189 3754 7976 4805 8406 8328 2517 8570 2257 6048 7406 801 1575 4259 4539 5307 9161 6173 6423 6836 6185 4327 4091 3155 5800 224 2357 2752 1256 2684 7990 6033
4716 6888 8511 7318 5887 5691 4245 6326 7524 2696 9385 280 707 6585 6600 9327 8336 3777 2183 7388 1288 8178 3423 1628 3974 5873 7382 2116 4462 294 3097 738 1442 5585 3310 5228 1887 2407 7587 4316 6759 3263 8843 1483 6607 3883 7670 1813 7145 8986 1910 8560 7066 8004 5905 2384 4365 5245 7442 9162 1576 2356 6986 1962 3055 5237 7906 375 2189 6526 5756 4942 5098 9338 8123 3781 9287 1615 1273 5605 3658 3070 656 105 147 7086 1125 2560 4793 7310 7528 5666 3793 7566 2524 5137
1248 7491 8121 2668 7217 9098 1465 7225 5515 5466 7752 2937 5590 4953 8139 1909 619 1185 1331 1647 8883 2468 8481 5583 1150 646 4128 2389 531 773 3332 9300 8684 41 5867 4328 806 7429 3435 9391 4285 7779 4306 2917 8250 2370 9237 5807 5949 4726 9202 8232 8350 6695 8964 1969 9116 9012 6350 5000 4950 7956 6913 3264 8382 4178 1255 645 5042 7122 4988 3011 6691 4192 4440 1014 5184 5200 6674 524 6834 6295 6773 328 3578 4964 748 5481 3044 1437 7061 8827 4625 7199 9181 9352
1057 4692 2092 1003 2812 7651 1905 2824 2175 7283 9159 2707 7191 320 1694 7998 6309 660 3215 4001 4607 3210 9322 6675 1652 595 3705 7339 8900 8000 4510 5334 6296 2234 5777 5918 3316 6781 4614 8085 1990 378 4004 1680 537 5297 3709 9050 8399 5686 3069 4512 1928 5051 9069 8065 4028 8926 1762 2416 3039 7927 3221 2859 6704 1519 3769 1577 3015 3355 2138 2768 7967 1001 6152 4754 5279 7941 4347 2885 9243 1975 2907 5634 7168 2281 402 7285 5071 4264 2901 6510 2894 3339 4971 6994
3535 1121 2360 8837 8718 2266 2543 74 5473 4578 6137 5859 2975 1299 3461 8877 8462 2772 2786 2435 5107 7373 4418 6190 6647 1676 1929 3599 8871 5673 5746 8428 2084 4577 9318 2935 2377 6587 5448 8303 8392 2314 7415 629 5143 2344 7806 3639 7260 9043 3797 7579 194 6696 3557 6772 6222 1104 318 4550 75 6549 8543 221 6508 912 733 8137 8238 3390 3903 6079 8594 8817 3482 9387 2306 4148 8622 7364 561 3794 8057 3573 6004 875 4142 8229 671 7340 3553 6885 7553 7281 6397 8486
2842 5261 8404 2134 8041 5459 958 7426 2186 5219 2562 4897 3741 6771 1358 1607 3346 8080 7564 3161 4962 7011 3839 4255 536 7626 8297 398 6473 8390 8741 7369 5216 5996 25 3882 3540 8360 189 4858 261 7986 5403 43 8683 6900 2649 7902 8929 565 8835 8116 9389 2008 7970 3831 4748 8108 3924 8422 8869 5552 3271 2700 2089 1761 3748 2977 6333 4386 714 4588 6155 6743 1348 9252 1490 5195 8848 5157 7147 4358 2413 6376 7693 104 694 8550 3749 5525 1009 4022 1079 7648 1529 928
1423 4052 1110 6024 7413 5898 6800 2503 7218 4431 455 1176 3973 7821 3186 483 3871 5721 1508 893 6319 2443 231 8241 3825 2191 3738 2114 4229 6135 1236 8660 5856 4894 6980 7840 6198 467 953 612 3107 5162 6520 5300 6969 1452 5683 7193 3447 3955 1155 4354 4068 2830 2780 6343 6637 3219 4533 1162 6478 4518 5852 1646 5469 4909 5379 1733 3676 1583 8030 5989 5366 6086 5988 6552 3822 5367 7674 6192 6275 6622 7372 8624 9312 5093 1184 4060 699 3032 486 1955 2110 5931 488 552
7172 1045 5464 7374 2898 5626 6522 8034 6128 9009 1319 163 81 5841 6019 9179 658 5734 6485 5382 2101 1788 3416 948 1794 4020 979 7961 206 1675 203 5663 7730 1696 4449 7870 3393 183 1298 6740 3192 2071 3138 4879 1381 4382 4571 529 2583 6410 3992 5064 916 4465 9222 6636 433 5350 6518 2890 2009 7596 119 5953 2987 3558 8099 8331 839 9244 250 5212 4861 3514 6992 303 5406 8990 7197 7593 2004 3410 3575 1944 4499 3684 5805 5411 8893 6934 8393 6065 6249 7170 3647 7435
9388 6268 8089 9127 2916 8326 6765 5150 3433 1811 1750 7757 9063 3667 5209 6763 4283 9324 4763 5715 1137 7644 1265 3377 3449 9401 1914 6646 3481 9340 1521 8665 6115 8231 1679 6168 4081 7300 7709 4411 2774 5019 4943 6388 3688 7351 6083 8707 6697 9269 2010 150 5703 785 3358 9396 4676 7910 7557 4650 9357 6098 213 4227 5562 1629 2155 858 132 4000 9320 5908 1253 917 410 621 2338 8076 3724 302 708 326 5635 4261 3771 6087 9150 9074 263 4871 4304 5065 5567 2539 5795 77
2826 5281 4985 8400 8814 2409 7313 2351 8322 1117 8302 8318 6105 8026 1723 7533 97 6512 6238 1685 3067 8435 2464 6490 5624 59 6868 5032 3821 1994 1260 5408 3074 1372 8925 4848 2135 6109 6394 2932 7905 8160 5685 683 1392 5285 8073 859 7114 8120 1799 3919 354 6405 7082 7157 3986 7538 2197 5636 1322 1602 1157 2223 6574 7969 6316 5078 3916 5763 2822 6411 8198 4991 3368 2554 5998 333 4685 975 5349 3486 787 1536 6007 6480 605 8632 9091 5336 1320 1743 2123 798 9221 9404
210 3492 8104 4362 5154 6070 7387 8949 3349 1582 573 2968 6498 7301 4765 6338 8461 1989 4064 4242 5679 8497 2628 9160 2021 7955 1178 599 8283 4883 6375 7590 3650 8562 4092 3222 6779 8898 2484 5415 7233 7395 3018 8447 4337 1689 6188 450 8134 4649 2034 4927 2353 1491 3702 6819 1692 3113 2329 8017 3787 5253 957 3228 2301 2929 1683 3082 5670 6418 2070 7481 6230 2374 1868 9294 3896 7718 779 8 2127 8691 6014 1280 3432 8154 2596 1720 6099 9040 5864 7224 5266 4496 1828 2573
5730 4005 4248 6289 2741 2132 5316 1497 2871 6610 3543 2365 557 492 5293 7760 1444 9065 6701 8286 2180 1609 4492 7274 2604 1177 861 3510 8165 3817 6246 5198 6322 5968 2319 931 6832 3484 1500 4948 2201 6199 4124 5830 1099 7100 6525 5899 4241 4151 5205 3527 6455 4478 6987 1213 5381 3196 4345 1980 7704 724 7171 7735 8010 8312 791 3885 4914 1135 2252 1613 1197 7210 3451 140 9094 9025 7324 4968 6488 2790 7303 8659 1906 3291 6929 400 8409 6706 3026 479 6367 5170 7843 1907
5501 8540 7190 5709 6660 701 8897 9143 5920 7184 3401 3333 7084 111 1713 7896 4652 2373 3375 3456 2082 1304 5207 9392 7525 5965 895 4705 2462 2810 2980 8506 4657 5858 8088 6727 9355 6260 4714 5435 7206 6003 230 256 6229 9062 7035 7981 6792 6642 5596 5545 5048 1939 3586 5713 2364 4059 5145 7044 7135 8257 243 1240 1036 8899 1793 3145 9047 3405 8266 7245 8184 4993 6909 8367 413 7949 1834 6055 7279 8753 1245 1766 9032 5121 9341 6072 67 7541 3642 5056 136 3329 3948 5621
7803 7304 883 2013 6529 1759 2548 4723 1116 8599 4293 5420 808 7974 3443 3721 2694 1467 6665 4222 4371 8612 5373 7984 8378 5737 4663 4107 4606 1561 7167 8158 716 5127 8298 7856 5956 6818 829 1303 2282 4388 2432 1100 2955 743 2154 9106 2279 2689 3923 408 4469 5695 3996 3949 2669 7153 4866 2711 4686 148 5173 5534 4481 3057 3142 1554 8049 4090 978 5955 5345 6321 2624 5599 4497 4032 1475 655 781 5115 1195 86 6862 5103 5978 4648 2031 1414 4144 8644 3792 2513 4435 1151
898 7226 2713 1223 4121 7211 8565 6878 4300 4513 4013 7911 3770 9203 405 7399 8421 8619 5264 2216 4425 789 3473 1852 3029 7436 5521 4135 2408 1083 7276 60 4999 6436 5675 8455 5717 2346 3849 5860 8418 9075 6178 2728 8935 4554 9119 7129 2934 780 2723 5792 7893 4592 4047 61 838 897 8196 8591 1889 4584 71 4017 9365 7248 8629 3798 3838 2436 2567 3088 4562 7540 7598 1942 5966 1194 3938 7133 3899 2829 5095 5910 8518 540 8150 3212 1845 635 5254 96 997 5262 7837 3052
7265 1774 2125 9303 4996 3242 8666 6524 7060 4208 6521 2956 4117 4822 4495 7585 1267 5208 8355 8479 6491 4750 8714 9363 2181 6775 2170 2262 5058 4448 2428 1563 5179 2984 3244 3104 5310 356 5123 6749 7823 2722 2971 1212 6092 4313 4532 2534 7901 2403 2784 1152 5863 7056 1988 3589 8029 6285 9192 3136 2143 9326 7513 22 8813 3566 2887 8770 3876 3118 1595 1716 4312 6464 8963 3081 1581 1699 5627 7835 2358 1438 8643 3852 2295 5278 5085 775 4656 3995 865 4628 484 4889 6649 2418
8186 1814 3430 4136 6891 6791 2679 7690 3801 4981 2819 8824 6882 9328 3076 1262 2900 7634 510 4523 7264 5838 9370 103 3471 7619 8593 8213 3445 6774 8334 1471 7988 4575 1678 7676 9266 8586 6945 1018 1436 3163 6583 7639 2835 3394 2027 8375 8895 8546 7790 8098 5943 8038 7511 8140 5329 8722 3740 3809 2594 6941 691 5948 4725 4722 7950 9390 9034 1040 5352 6668 4067 6426 6358 5241 7615 936 9364 3211 2717 1314 1949 58 7960 5549 3878 5799 4433 6218 1333 1217 6957 3268 3785 2695
9258 7254 389 1351 7883 6677 3478 3708 8545 9141 7080 4486 7607 9066 3164 1999 1425 7582 7195 2256 759 4928 2942 6132 3521 3025 8396 2589 7043 2202 2498 5766 317 6379 9395 3059 254 1945 3255 5244 8739 3867 7128 6023 5987 9083 2448 7716 3982 7876 2617 6276 5437 4590 4847 4331 5040 4330 5894 3981 1375 6387 7132 2308 373 7410 8369 2579 5187 9110 155 8673 2846 2920 92 9139 2307 9015 8856 5622 2953 7244 4700 2067 8936 4832 5455 5878 5193 7175 6217 5233 4174 2058 5847 2022
8335 2000 6034 251 2489 3223 8715 2347 4053 3993 2311 5935 4807 4134 2661 5320 8762 2950 4522 6129 7661 526 6036 2565 1511 3860 1773 7574 7142 8327 3539 2363 575 672 8259 6252 1200 1068 4645 4974 2226 6856 5269 5903 7010 3125 6983 7830 717 715 2853 1443 9058 8955 5551 2569 7694 7022 6395 8091 7489 1523 1588 1961 1830 5759 8299 8084 7775 47 8547 4784 516 5971 901 5026 8348 1378 3169 9241 6110 1105 1540 7033 4163 6619 316 2260 8866 2269 9379 9122 7493 3472 2476 3526
9153 188 7959 3323 4405 643 3869 8672 3930 7497 4454 4357 5999 9196 1025 8279 4963 6174 5508 2578 2652 5495 8878 9382 1779 6843 234 5360 6317 1231 5149 4137 939 1854 4172 6682 6011 7638 687 5921 6830 8466 6886 7769 2128 6164 7326 7520 5738 5377 4715 8349 5246 1997 9208 3756 2417 2802 180 4185 1877 8778 1704 2350 4464 2410 4101 2397 4168 2540 585 9169 8380 1208 5688 297 4838 2954 166 650 4783 3072 7945 3881 1578 7127 2486 5784 2312 4641 5006 507 4240 6680 9022 6544
226 435 4162 6323 1011 6063 8115 675 8077 3715 1544 3209 774 7977 8243 1553 8516 6320 6356 5128 1215 8992 3117 6795 5633 889 8002 8234 2062 9233 286 3177 8981 4423 3305 1853 6593 1071 4616 31 5365 6911 3301 2665 7791 7166 2600 4273 1837 6570 7748 2966 347 6655 1800 5939 4048 4842 5747 4190 6193 1634 2037 5728 2795 8090 1201 8911 386 3489 2500 8696 1677 8495 8275 1427 550 3440 5812 1900 703 5541 6354 559 5772 6777 8592 7849 7498 7212 5029 7405 6348 1302 2386 8047
2735 2590 6978 7025 5811 1916 4301 1921 6923 545 1851 5540 5820 7657 6984 2882 1145 7000 7473 8323 1312 8934 4205 8210 6746 2688 5555 5840 6581 6514 7521 2607 5089 481 5353 7519 6586 7468 6659 87 7433 2914 8333 4380 4303 2805 1640 7361 4758 1560 6796 3976 90 1035 7855 6641 3249 8153 1937 5014 6825 6935 6810 3561 2419 7632 5338 2454 4792 4394 3237 46 2451 1758 2093 2035 2538 520 5657 7177 553 1516 4254 5094 2091 3922 2079 1281 4661 7027 8517 6613 2976 3750 2938 2518
6755 1024 2251 2020 1293 3829 3062 5513 8820 7330 1620 4779 6547 5355 828 6341 3444 4593 807 7089 6553 360 3964 4690 7120 3457 5789 5133 1107 3115 444 8219 7975 9245 8525 3555 4432 3373 7377 8493 1855 8792 3497 3140 5432 5571 7753 3396 8685 794 5701 4115 6690 4677 8432 6091 1371 6494 5242 6908 6005 5140 6962 6664 3826 7750 1820 6872 5922 170 1847 2016 5319 1373 4506 2426 4289 5380 4126 6850 7725 2200 4882 4396 6075 9265 8181 9321 8127 7813 6627 5660 1861 331 1525 8724
3753 8295 7139 4888 6848 995 8044 5693 6301 3084 367 2727 6990 9092 4400 6958 640 4029 2210 5211 4819 2241 5504 1709 1839 2865 3429 432 6654 7255 3260 3378 8945 267 7924 1843 9131 8087 7931 9097 2332 7449 2158 265 5964 7020 4860 2755 7972 3363 4353 3397 8233 2520 459 4404 2316 3937 5176 3247 7773 2843 8748 519 4398 4916 4569 2926 3629 7565 1033 2372 6976 4921 2213 8750 5548 5037 8067 3626 3354 100 8161 6251 3483 7295 3963 5141 7766 94 2359 7623 6380 8798 4809 3856
446 4564 4856 1229 2343 3804 4959 8686 2438 6683 6443 262 7332 9342 6554 157 7537 6676 8906 951 5834 6563 5039 1875 8932 3340 209 3843 1042 2233 587 8961 1446 4106 4979 2431 5944 2148 2514 5870 5498 6277 7296 2469 7504 8710 6531 2453 7275 2445 5461 7013 952 293 4644 2220 1823 4054 7383 1645 7838 2639 9263 4782 6859 577 445 2015 4369 8690 4143 6591 6242 4788 1744 990 7923 5823 3628 3508 5906 4023 7633 9331 5945 7678 765 1400 8031 8341 5947 12 2133 9108 6634 7886
5384 3918 5485 851 4441 98 6509 7006 6131 8182 3581 4925 4437 4591 135 777 7355 2693 4558 8734 1059 8112 6021 2096 3865 6729 3437 6113 3176 7329 7994 8802 3480 7825 4892 6237 3909 2145 2575 7932 3711 2655 9247 3127 4735 2499 8532 3576 8520 5409 7836 9184 7308 3128 1769 5476 493 8509 8144 7009 3470 2504 4576 6937 6944 3033 3257 8965 6306 8351 4836 6357 1513 2675 2945 3803 5710 3379 7464 7286 2366 8627 5614 6672 7237 1049 20 6353 8176 4019 6123 1700 4642 1655 4767 124
7208 8944 6216 6844 5804 1000 3755 792 7016 2388 2296 6120 1842 7922 3166 4724 1901 509 146 7067 2012 9316 3090 3095 1449 2561 4177 8389 6427 566 296 3073 740 6203 2085 5967 4406 7477 133 1284 1728 4258 2066 2766 9174 5664 3695 5194 1390 8475 1530 6541 3460 908 4095 8680 4581 9152 2800 3058 4969 4737 5312 1243 3141 3890 4808 5844 1978 4439 4421 2796 3496 6938 4310 191 366 270 2634 7472 8703 3713 6503 2577 6 9250 7312 8642 6735 1672 3077 5879 4759 6533 9029 7966
207 7562 7660 9290 5958 5554 4493 2284 8023 1725 3985 4489 8717 4549 1173 1592 5364 2440 7018 2522 2318 9337 5167 7365 7778 7470 6873 2644 9039 1726 4173 6698 3889 1698 6681 4873 2161 6228 3165 1748 5147 6925 1714 1802 3262 7455 2703 4733 4613 381 2783 8255 4647 8947 4744 9027 2124 5116 6009 3099 3911 1739 7535 998 9403 9270 2619 5677 465 7234 9042 6008 528 471 5661 7479 8661 5490 6639 7277 4755 4654 842 8256 5177 2847 9255 8207 1896 6053 3387 3952 2392 5159 485 4116
514 5287 6734 5503 3477 91 1012 9273 5171 8555 6650 4326 2732 996 6871 6776 657 3921 7703 2460 2753 818 2218 4076 3376 4171 2733 1395 9376 4193 2032 4325 62 548 1648 932 4220 321 4826 4426 2558 4036 2963 6623 9142 8426 6381 8732 4634 4752 1022 6461 6907 4196 7398 3345 161 6505 2699 8614 5591 6136 7482 5787 4175 1287 8927 6071 246 1616 4859 2323 6095 299 3193 9230 6469 6484 1515 6914 2552 630 3729 6629 2406 6700 6715 4886 4503 1574 2305 300 3935 7860 4167 8538
1384 1932 7253 8092 6344 1111 6138 6967 4875 8468 3662 7182 8014 1778 4263 6840 7814 8674 6018 6912 2832 3556 6822 5052 5575 819 4397 3743 9105 7595 1028 6605 826 9347 8107 1148 2434 2923 4743 5257 335 3759 417 3859 2245 1233 5568 622 6845 8071 252 7604 7654 101 4980 6331 2051 2276 2449 5667 1804 7023 7475 3027 3395 4900 6965 1275 5290 8221 6598 4217 7665 5018 4170 8636 7851 1485 7523 1342 6624 2105 1565 9339 6922 7336 1291 1306 4024 5416 965 2336 6214 7256 1809 4795
1088 6196 3751 5436 4729 9006 2745 8582 7751 2274 5871 5132 1347 4619 3997 7707 7609 3133 2996 5537 134 1953 1221 9402 4500 2249 7781 4291 5639 3389 6540 5559 776 6467 3768 1985 1631 4096 5900 8463 4932 6767 6313 6608 4907 5765 755 1611 8470 5526 6678 392 7776 4682 2673 2286 1016 5346 3683 7798 610 2482 6504 2119 3325 5649 9072 6102 3080 6029 6717 9257 1608 5723 3283 165 4482 7480 5957 1114 1078 6028 237 4069 763 7759 3356 7963 284 1118 3672 8114 6475 2773 3534 8244
2224 241 2797 7739 3828 7041 7913 456 8135 387 2748 5109 9045 2656 463 5494 530 1913 969 7141 2775 6359 598 8598 4378 1203 8602 4874 8025 9348 7152 8618 3495 4108 627 2591 3275 8094 9271 1635 4113 723 6516 1344 122 949 1166 8902 4878 5640 5720 8677 3934 3022 5975 8329 3199 8151 6577 7215 4082 9104 5361 2601 3420 7822 4771 9236 2294 7078 760 2841 125 6371 6470 3479 4051 7847 9021 3516 5557 6279 615 8189 8576 3002 4446 8105 5442 3448 8477 126 2324 2959 7894 422
515 7414 6709 2465 1204 364 9248 4936 3098 7868 7602 3341 2580 1844 4296 1477 7898 4008 8307 1624 5344 1141 8561 7418 3243 8847 1710 272 3295 9011 7209 1418 7484 9307 4100 4074 8806 4145 5740 4288 2892 662 8531 5676 7090 504 5146 6970 8913 4736 5990 9317 3359 9229 6567 4740 1330 5888 4226 2909 8727 5919 1478 5267 2910 5768 6117 4965 800 4056 2355 409 9001 1410 2239 3584 7854 6548 6499 7001 1124 9306 7909 5186 376 6813 5938 8865 1801 4818 2497 6806 9200 613 1754 4336
3657 2506 2061 7971 1181 8917 3419 1684 3815 6903 6849 8891 4664 3458 5190 8133 3646 5594 4252 8200 9170 5259 1361 8924 1417 2676 4898 24 5185 5038 1323 1938 4923 6416 141 4611 7942 8138 6038 2556 9212 2117 6538 5962 3914 1053 2921 6906 583 4201 363 1167 1626 7516 4876 3679 4600 1066 7517 4225 3736 5796 6020 45 5332 4182 3790 79 6404 3178 3180 8388 2979 7030 8276 1876 9185 1370 6839 6557 247 7249 5923 2302 946 2750 8016 8425 3864 6294 6568 963 3320 8095 5845 8220
5340 3023 7754 8997 6883 4813 2708 6265 1731 334 9113 3954 2825 6015 3253 3306 8167 7937 7646 7512 2379 7438 7926 554 4251 5070 4630 1614 2701 3302 9079 5061 6221 6742 452 7622 0 8781 4853 1502 6330 6565 4055 5072 5522 3691 1368 4342 6964 6932 6308 4265 5108 3021 6250 4123 539 7767 2642 7280 4187 143 8669 5440 2206 3957 5597 900 1920 3784 2925 8797 9028 160 2264 4551 9242 277 3737 7817 4719 7852 6146 3665 5328 5861 4480 2542 1724 1317 673 8745 3198 2598 7650 750
927 2831 8070 6527 8601 2576 3612 2806 737 8397 3450 2997 8056 8358 9380 2472 3619 8456 5276 4931 3669 6732 4207 6847 8940 6141 6094 4830 4184 7137 3173 7816 193 2804 578 9138 3598 3722 1063 2943 8218 1154 4919 4080 830 3851 1246 1952 8173 2107 1261 6314 6820 8060 3530 2756 2762 5767 8982 4372 3895 8769 4845 1363 3643 4302 1254 887 1277 8164 2402 7162 7138 495 3434 7819 2238 3235 6602 9165 3733 6104 4665 7908 4939 8933 3747 3523 8209 7163 966 1296 934 8641 5969 5096
4461 2698 670 3927 4329 7827 2325 491 7502 3232 1051 8309 2759 2157 4749 3016 5846 3761 7012 2219 4710 7940 1017 5423 592 5402 2390 8439 793 5456 6047 6919 7875 4266 4102 2141 5500 6933 5357 5427 1209 1453 5315 2970 5439 6741 5104 8526 9361 50 7223 4246 2512 1630 7544 6954 8948 2212 7297 3344 4066 8457 3469 2549 5995 3466 2136 7311 3853 1703 8018 4800 8225 6714 7891 6060 285 2041 7360 369 8280 8942 3109 8749 2553 843 8529 406 3143 1781 5641 1925 1657 7912 3503 3085
3897 5781 9135 8853 5268 3813 4997 2816 6811 9194 7188 6842 4039 2608 593 1153 4356 3552 5148 3644 2337 5362 5711 2742 8633 2527 1030 3270 8974 3972 349 4444 7614 1878 2521 5797 6459 692 4824 6074 7131 1402 8480 3692 7444 5462 1488 6310 1527 631 7151 3775 3369 6378 3854 5398 2129 8585 1501 1128 3463 1289 6747 2345 1297 3360 1968 3819 4893 5762 2860 4165 5694 1498 7826 6793 69 339 1979 994 1873 3894 9123 255 7503 6116 5718 2146 1825 4563 7532 4570 2326 832 5283 5932
5369 6751 1817 2065 4197 935 2018 2334 8914 7936 7460 576 5444 5546 8709 1412 1775 3873 6210 4085 5950 2163 7618 1893 8754 9120 4684 7734 4309 2747 4787 1044 1831 2605 3887 5066 5952 8374 8943 6439 6415 6489 4817 8650 7980 3132 7437 1601 5731 3617 4671 1396 9017 6712 2322 8265 6232 3703 3005 5443 1668 315 7556 4234 8345 8416 4626 4359 5082 2844 3623 4042 930 6778 3980 1383 7334 4802 6454 461 4941 4721 7682 1742 3833 5139 4408 870 8872 3712 3698 508 3519 5632 4990 5507
5248 7865 7571 2367 1076 2424 5665 399 4944 9259 144 2470 1785 7952 7642 1898 6179 1518 3824 1617 2461 219 3157 6046 4827 1374 9204 7630 8287 1439 156 522 8648 970 5271 3278 225 5775 7173 2991 4062 3551 5016 5974 729 7649 1013 2045 5250 3330 3499 5593 6874 5431 3820 9071 6757 8317 3624 3962 5252 1826 158 2273 6207 7488 4621 2437 4374 4864 6236 7344 8912 7154 99 5075 5311 5386 3847 7689 2271 442 2328 5130 4049 6176 5392 2275 8362 7416 3874 5972 4379 6995 5113 2726
2109 2047 2203 2563 899 7829 4451 5652 466 1487 6738 8931 1821 3780 8631 7247 6626 325 7527 2467 4118 2196 5659 6368 3170 4445 2415 7804 698 4094 8157 8645 7584 754 6382 3024 8621 9064 7174 1718 8938 115 5331 6286 5544 6144 8294 7719 5030 8215 14 2026 9358 2691 1084 8370 48 57 6656 815 7047 4655 2225 4159 8304 6300 6096 2 5395 1763 4778 3987 4717 1755 411 5047 4333 8452 8882 6786 2988 2983 4311 2265 2182 6710 3685 5317 896 4155 5295 4176 867 7091 9095 8831
2378 9002 7643 1721 556 4341 8574 3609 8559 3064 9068 4219 7771 6414 5601 8807 7291 6723 5788 6026 2770 8571 5081 2927 9351 6288 8485 7102 4728 5882 3572 7811 2809 3254 4093 6939 2792 942 811 8079 7728 8609 3901 5430 3823 1783 9394 6684 4392 4852 5941 8985 2043 5565 1041 3515 3870 8045 4947 6284 3020 5299 3933 727 388 3409 1880 584 4640 4887 5862 3068 346 5743 974 3518 51 7996 8803 3347 3175 8676 1891 9076 3886 4529 7845 7146 7243 2354 8230 3218 7073 720 355 5087
5217 2651 756 728 2349 1004 7346 6425 8113 502 881 4138 5836 4233 5062 8857 3502 1335 8437 2327 2992 298 4364 154 9090 1836 6044 4026 5275 1805 7352 8894 34 2100 6402 8881 4712 6280 8779 1123 9400 7384 7616 489 6125 3331 4924 712 4777 8444 4520 3537 6707 1712 2978 5702 2309 7919 9180 8199 9335 7810 11 8282 454 1263 3012 462 7411 1046 7235 44 8816 2387 2492 1789 1190 1091 1191 7831 2086 327 2195 1687 849 6851 9345 8364 2510 5886 7679 864 1936 4109 3406 1207
6953 214 7007 8096 391 3590 1752 5700 1407 6576 4683 1522 7071 4681 938 7617 7946 606 7624 6731 9087 3594 7495 7178 4061 2994 266 8290 2710 1780 200 4424 8946 2300 2240 4250 5433 2393 7443 3674 988 3487 1643 6761 6334 2102 1098 7136 1164 9336 3366 555 4350 5628 5672 181 7696 5563 5347 8175 2290 1387 6412 5904 3001 2592 5044 7494 1064 6465 7645 1196 8433 2690 1286 3544 27 3597 5580 9292 9053 6432 1027 7601 7408 1479 6342 1394 6369 169 7390 1764 6049 6857 648 7736
